# Created at Tue Jun 01 16:04:53 GMT+02:00 2021 in Burnaby Canada 
2495407898194 1018.601257 
2495441223389 1018.599915 
2495474548585 1018.557190 
2495507873780 1018.477722 
2495541198975 1018.460022 
2495574524170 1018.458252 
2495607849366 1018.450012 
2495641174561 1018.596497 
2495674499756 1018.754150 
2495707824952 1018.932312 
2495741150147 1019.110291 
2495774475342 1019.297668 
2495807800538 1019.352844 
2495841125733 1019.405945 
2495874450928 1019.422119 
2495907776124 1019.432922 
2495941101319 1019.403625 
2495974426514 1019.364258 
2496007751710 1019.323181 
2496041076905 1019.299500 
2496074402100 1019.268066 
2496107727295 1019.243164 
2496141052491 1019.219543 
2496174377686 1019.186584 
2496207702881 1019.153320 
2496241028077 1019.117004 
2496274353272 1019.086670 
2496307678467 1019.053406 
2496341003663 1019.029724 
2496374328858 1019.004211 
2496407654053 1018.984558 
2496440979249 1018.967102 
2496474304444 1018.946960 
2496507629639 1018.929993 
2496540954835 1018.919922 
2496574280030 1018.888428 
2496607605225 1018.882996 
2496640930420 1018.873291 
2496674255616 1018.848450 
2496707580811 1018.840027 
2496740906006 1018.830627 
2496774231202 1018.818787 
2496807556397 1018.809998 
2496840881592 1018.796814 
2496874206788 1018.770020 
2496907531983 1018.765442 
2496940857178 1018.740234 
2496974182374 1018.732971 
2497007507569 1018.724792 
2497040832764 1018.723328 
2497074157960 1018.710632 
2497107483155 1018.692200 
2497140808350 1018.687012 
2497174133545 1018.674072 
2497207458741 1018.664551 
2497240783936 1018.659607 
2497274109131 1018.661926 
2497307434327 1018.649231 
2497340759522 1018.644531 
2497374084717 1018.644043 
2497407409913 1018.634766 
2497440735108 1018.632324 
2497474060303 1018.619141 
2497507385499 1018.617981 
2497540710694 1018.613831 
2497574035889 1018.619812 
2497607361085 1018.606995 
2497640686280 1018.618164 
2497674011475 1018.596375 
2497707336670 1018.591003 
2497740661866 1018.568054 
2497773987061 1018.581238 
2497807312256 1018.561951 
2497840637452 1018.569885 
2497873962647 1018.561340 
2497907287842 1018.568359 
2497940613038 1018.559021 
2497973938233 1018.569580 
2498007263428 1018.566650 
2498040588624 1018.562195 
2498073913819 1018.569641 
2498107239014 1018.557678 
2498140564210 1018.558777 
2498173889405 1018.540466 
2498207214600 1018.545898 
2498240539795 1018.525391 
2498273864991 1018.528625 
2498307190186 1018.508789 
2498340515381 1018.517151 
2498373840577 1018.501282 
2498407165772 1018.519531 
2498440490967 1018.508606 
2498473816163 1018.512939 
2498507141358 1018.506348 
2498540439994 1018.511536 
2498573765190 1018.500916 
2498607090385 1018.510803 
2498640415580 1018.508484 
2498673740776 1018.506897 
2498707065971 1018.504578 
2498740391166 1018.495789 
2498773716361 1018.503357 
2498807041557 1018.499512 
2498840366752 1018.502930 
2498873691947 1018.484436 
2498907017143 1018.505920 
2498940342338 1018.488464 
2498973667533 1018.502441 
2499006992729 1018.497314 
2499040317924 1018.520325 
2499073643119 1018.510742 
2499106968315 1018.524231 
2499140293510 1018.518066 
2499173618705 1018.520081 
2499206943901 1018.515686 
2499240269096 1018.507751 
2499273594291 1018.509583 
2499306919486 1018.502747 
2499340244682 1018.505920 
2499373569877 1018.484192 
2499406895072 1018.495911 
2499440220268 1018.484070 
2499473545463 1018.502625 
2499506870658 1018.505310 
2499540195854 1018.525330 
2499573521049 1018.520752 
2499606846244 1018.532959 
2499640171440 1018.518799 
2499673496635 1018.532288 
2499706821830 1018.515320 
2499740147026 1018.527771 
2499773472221 1018.514099 
2499806797416 1018.524719 
2499840122611 1018.509277 
2499873447807 1018.513367 
2499906773002 1018.496277 
2499940098197 1018.504578 
2499973423393 1018.499512 
2500006748588 1018.499023 
2500040073783 1018.505371 
2500073398979 1018.504578 
2500106724174 1018.509949 
2500140049369 1018.499023 
2500173374565 1018.512024 
2500206699760 1018.497986 
2500240024955 1018.504944 
2500273350151 1018.497070 
2500306675346 1018.505188 
2500340000541 1018.500000 
2500373325736 1018.494629 
2500406650932 1018.496826 
2500439976127 1018.487122 
2500473301322 1018.495117 
2500506626518 1018.484070 
2500539951713 1018.503845 
2500573276908 1018.494080 
2500606602104 1018.509216 
2500639927299 1018.494080 
2500673252494 1018.500000 
2500706577690 1018.483704 
2500739902885 1018.483215 
2500773228080 1018.475891 
2500806553276 1018.473328 
2500839878471 1018.485352 
2500873203666 1018.478516 
2500906528861 1018.489929 
2500939854057 1018.483948 
2500973179252 1018.484192 
2501006504447 1018.467590 
2501039829643 1018.473450 
2501073154838 1018.465820 
2501106480033 1018.463318 
2501139805229 1018.481628 
2501173130424 1018.494080 
2501206455619 1018.453125 
2501239780815 1018.281982 
2501273106010 1018.071350 
2501306431205 1017.817566 
2501339756401 1017.596741 
2501373081596 1017.442627 
2501406406791 1017.413391 
2501439731986 1017.432800 
2501473057182 1017.476868 
2501506382377 1017.519958 
2501539707572 1017.636292 
2501573032768 1017.844421 
2501606357963 1017.932800 
2501639683158 1017.954407 
2501673008354 1017.976746 
2501706333549 1017.893738 
2501739658744 1017.783386 
2501772983940 1017.778076 
2501806309135 1017.816162 
2501839634330 1017.843079 
2501872959526 1017.862488 
2501906284721 1017.879883 
2501939609916 1017.901672 
2501972935111 1017.920837 
2502006260307 1017.949402 
2502039585502 1017.978821 
