# Created at Tue Jun 01 16:22:52 GMT+02:00 2021 in Burnaby Canada 
3574595031458 -0.005628 0.006153 -0.000036 0.999965 
3574614837366 -0.005638 0.006146 -0.000036 0.999965 
3574634643274 -0.005657 0.006144 -0.000037 0.999965 
3574654479700 -0.005667 0.006158 -0.000037 0.999965 
3574674285608 -0.005661 0.006151 -0.000037 0.999965 
3574694122034 -0.005659 0.006165 -0.000036 0.999965 
3574713927942 -0.005669 0.006170 -0.000037 0.999965 
3574733733850 -0.005687 0.006163 -0.000037 0.999965 
3574753570276 -0.005672 0.006196 -0.000036 0.999965 
3574773376184 -0.005673 0.006196 -0.000036 0.999965 
3574793182092 -0.005687 0.006204 -0.000037 0.999965 
3574813018518 -0.005676 0.006200 -0.000036 0.999965 
3574832824426 -0.005685 0.006204 -0.000037 0.999965 
3574852660852 -0.005686 0.006212 -0.000036 0.999965 
3574872497278 -0.005728 0.006223 -0.000037 0.999964 
3574892303186 -0.005716 0.006239 -0.000037 0.999964 
3574912139612 -0.005720 0.006225 -0.000037 0.999964 
3574931945520 -0.005712 0.006213 -0.000037 0.999964 
3574951751428 -0.005728 0.006201 -0.000037 0.999964 
3574971587854 -0.005740 0.006193 -0.000037 0.999964 
3574991393762 -0.005731 0.006189 -0.000037 0.999964 
3575011230188 -0.005735 0.006193 -0.000037 0.999964 
3575031036096 -0.005731 0.006194 -0.000037 0.999964 
3575050842004 -0.005718 0.006199 -0.000037 0.999964 
3575070678430 -0.005707 0.006203 -0.000037 0.999964 
3575090484338 -0.005709 0.006203 -0.000037 0.999964 
3575110290247 -0.005682 0.006211 -0.000036 0.999965 
3575130126672 -0.005687 0.006210 -0.000036 0.999965 
3575149963098 -0.005700 0.006207 -0.000037 0.999965 
3575169799524 -0.005709 0.006218 -0.000037 0.999964 
3575189605432 -0.005697 0.006238 -0.000036 0.999964 
3575209411340 -0.005706 0.006217 -0.000037 0.999964 
3575229247766 -0.005695 0.006210 -0.000037 0.999964 
3575249053674 -0.005684 0.006213 -0.000036 0.999965 
3575268859583 -0.005685 0.006225 -0.000036 0.999964 
3575288696008 -0.005667 0.006248 -0.000036 0.999964 
3575308501917 -0.005641 0.006239 -0.000036 0.999965 
3575328338342 -0.005620 0.006234 -0.000036 0.999965 
3575348144251 -0.005600 0.006237 -0.000036 0.999965 
3575367950159 -0.005584 0.006237 -0.000036 0.999965 
3575387786584 -0.005565 0.006240 -0.000036 0.999965 
3575407592493 -0.005542 0.006243 -0.000035 0.999965 
3575427428918 -0.005548 0.006214 -0.000036 0.999965 
3575447265344 -0.005533 0.006198 -0.000036 0.999965 
3575467071252 -0.005517 0.006203 -0.000035 0.999966 
3575486907678 -0.005500 0.006215 -0.000035 0.999966 
3575506713586 -0.005491 0.006188 -0.000035 0.999966 
3575526519495 -0.005475 0.006177 -0.000035 0.999966 
3575546355920 -0.005504 0.006162 -0.000036 0.999966 
3575566161829 -0.005511 0.006156 -0.000036 0.999966 
3575585998254 -0.005502 0.006166 -0.000036 0.999966 
3575605804163 -0.005498 0.006172 -0.000035 0.999966 
3575625610071 -0.005494 0.006180 -0.000035 0.999966 
3575645446497 -0.005458 0.006166 -0.000035 0.999966 
3575665252405 -0.005483 0.006123 -0.000036 0.999966 
3575685058313 -0.005439 0.006131 -0.000035 0.999966 
3575704894739 -0.005457 0.006139 -0.000035 0.999966 
3575724731165 -0.005479 0.006094 -0.000036 0.999966 
3575744537073 -0.005422 0.006068 -0.000035 0.999967 
3575764373499 -0.005457 0.006147 -0.000035 0.999966 
3575784179407 -0.005487 0.006133 -0.000036 0.999966 
3575804015833 -0.005428 0.006021 -0.000036 0.999967 
3575823821741 -0.005434 0.006109 -0.000035 0.999967 
3575843627649 -0.005489 0.006157 -0.000035 0.999966 
3575863464075 -0.005432 0.006068 -0.000036 0.999967 
3575883269983 -0.005429 0.006118 -0.000035 0.999967 
3575903106409 -0.005480 0.006179 -0.000035 0.999966 
3575922912317 -0.005436 0.006083 -0.000035 0.999967 
3575942718225 -0.005425 0.006123 -0.000035 0.999967 
3575962554651 -0.005485 0.006156 -0.000035 0.999966 
3575982360559 -0.005425 0.006045 -0.000036 0.999967 
3576002196985 -0.005450 0.006110 -0.000035 0.999967 
3576022033411 -0.005517 0.006178 -0.000036 0.999966 
3576041839319 -0.005474 0.006105 -0.000036 0.999966 
3576061675745 -0.005475 0.006170 -0.000035 0.999966 
3576081481653 -0.005505 0.006201 -0.000035 0.999966 
3576101287561 -0.005435 0.006107 -0.000035 0.999967 
3576121123987 -0.005461 0.006177 -0.000035 0.999966 
3576140929895 -0.005495 0.006155 -0.000036 0.999966 
3576160766321 -0.005429 0.006078 -0.000035 0.999967 
3576180572229 -0.005464 0.006201 -0.000035 0.999966 
3576200378137 -0.005463 0.006154 -0.000035 0.999966 
3576220214563 -0.005414 0.006090 -0.000035 0.999967 
3576240020471 -0.005449 0.006172 -0.000035 0.999966 
3576259826379 -0.005427 0.006093 -0.000035 0.999967 
3576279662805 -0.005391 0.006088 -0.000035 0.999967 
3576299499231 -0.005456 0.006150 -0.000035 0.999966 
3576319335657 -0.005412 0.006059 -0.000035 0.999967 
3576339141565 -0.005398 0.006089 -0.000035 0.999967 
3576358947473 -0.005470 0.006138 -0.000035 0.999966 
3576378783899 -0.005421 0.006039 -0.000036 0.999967 
3576398589807 -0.005440 0.006114 -0.000035 0.999967 
3576418395715 -0.005471 0.006106 -0.000036 0.999966 
3576438232141 -0.005405 0.006032 -0.000036 0.999967 
3576458038049 -0.005461 0.006128 -0.000035 0.999966 
3576477874475 -0.005459 0.006071 -0.000036 0.999967 
3576497680383 -0.005422 0.006050 -0.000036 0.999967 
3576517486292 -0.005474 0.006129 -0.000036 0.999966 
3576537322717 -0.005434 0.006035 -0.000036 0.999967 
3576557128626 -0.005402 0.006069 -0.000035 0.999967 
3576576965051 -0.005455 0.006114 -0.000035 0.999966 
3576596801477 -0.005390 0.006012 -0.000036 0.999967 
3576616607385 -0.005390 0.006104 -0.000035 0.999967 
3576636443811 -0.005428 0.006089 -0.000035 0.999967 
3576656249719 -0.005352 0.005994 -0.000035 0.999968 
3576676055627 -0.005390 0.006099 -0.000035 0.999967 
3576695892053 -0.005390 0.006056 -0.000035 0.999967 
3576715697961 -0.005371 0.006060 -0.000035 0.999967 
3576735503870 -0.005428 0.006138 -0.000035 0.999966 
3576755340295 -0.005409 0.006036 -0.000036 0.999967 
3576775146204 -0.005395 0.006059 -0.000035 0.999967 
3576794982629 -0.005428 0.006089 -0.000035 0.999967 
3576814788538 -0.005380 0.006003 -0.000035 0.999968 
3576834594446 -0.005396 0.006092 -0.000035 0.999967 
3576854430872 -0.005424 0.006057 -0.000036 0.999967 
3576874267297 -0.005392 0.006012 -0.000036 0.999967 
3576894103723 -0.005444 0.006116 -0.000035 0.999967 
3576913909631 -0.005430 0.006047 -0.000036 0.999967 
3576933715540 -0.005402 0.006056 -0.000035 0.999967 
3576953551965 -0.005458 0.006106 -0.000036 0.999966 
3576973357874 -0.005410 0.006020 -0.000036 0.999967 
3576993194299 -0.005404 0.006080 -0.000035 0.999967 
3577013000208 -0.005444 0.006057 -0.000036 0.999967 
3577032806116 -0.005391 0.005972 -0.000036 0.999968 
3577052642542 -0.005444 0.006074 -0.000036 0.999967 
3577072448450 -0.005434 0.006050 -0.000036 0.999967 
3577092254358 -0.005390 0.006038 -0.000035 0.999967 
3577112090784 -0.005450 0.006109 -0.000035 0.999967 
3577131896692 -0.005422 0.006007 -0.000036 0.999967 
3577151733118 -0.005428 0.006050 -0.000036 0.999967 
3577171569543 -0.005460 0.006077 -0.000036 0.999967 
3577191375452 -0.005392 0.005987 -0.000036 0.999968 
3577211211877 -0.005412 0.006072 -0.000035 0.999967 
3577231017786 -0.005444 0.006069 -0.000036 0.999967 
3577250823694 -0.005427 0.006032 -0.000036 0.999967 
3577270660120 -0.005482 0.006123 -0.000036 0.999966 
3577290466028 -0.005467 0.006057 -0.000036 0.999967 
3577310302454 -0.005418 0.006057 -0.000035 0.999967 
3577330108362 -0.005482 0.006148 -0.000035 0.999966 
3577349914270 -0.005437 0.006064 -0.000036 0.999967 
3577369750696 -0.005426 0.006121 -0.000035 0.999967 
3577389556604 -0.005478 0.006149 -0.000035 0.999966 
3577409393030 -0.005429 0.006061 -0.000036 0.999967 
3577429229456 -0.005455 0.006164 -0.000035 0.999966 
3577449035364 -0.005473 0.006158 -0.000035 0.999966 
3577468871790 -0.005428 0.006094 -0.000035 0.999967 
3577488677698 -0.005475 0.006184 -0.000035 0.999966 
3577508483606 -0.005452 0.006120 -0.000035 0.999966 
3577528320032 -0.005404 0.006130 -0.000035 0.999967 
3577548125940 -0.005460 0.006202 -0.000035 0.999966 
3577567962366 -0.005396 0.006108 -0.000035 0.999967 
3577587768274 -0.005415 0.006137 -0.000035 0.999967 
3577607574182 -0.005443 0.006180 -0.000035 0.999966 
3577627410608 -0.005355 0.006103 -0.000035 0.999967 
3577647216516 -0.005397 0.006197 -0.000035 0.999966 
3577667022424 -0.005421 0.006146 -0.000035 0.999966 
3577686858850 -0.005346 0.006106 -0.000035 0.999967 
3577706664758 -0.005396 0.006223 -0.000035 0.999966 
3577726501184 -0.005375 0.006149 -0.000035 0.999967 
3577746337610 -0.005361 0.006147 -0.000035 0.999967 
3577766143518 -0.005403 0.006218 -0.000035 0.999966 
3577785979944 -0.005349 0.006124 -0.000035 0.999967 
3577805785852 -0.005296 0.006044 -0.000035 0.999968 
3577825622278 -0.005340 0.006075 -0.000035 0.999967 
3577845428186 -0.005295 0.005977 -0.000035 0.999968 
3577865234094 -0.005335 0.006087 -0.000035 0.999967 
3577885070520 -0.005361 0.006055 -0.000035 0.999967 
3577904876428 -0.005319 0.006035 -0.000035 0.999968 
3577924682336 -0.005402 0.006107 -0.000035 0.999967 
3577944518762 -0.005385 0.006030 -0.000035 0.999967 
3577964324670 -0.005359 0.006052 -0.000035 0.999967 
3577984161096 -0.005413 0.006119 -0.000035 0.999967 
3578003997522 -0.005375 0.006008 -0.000035 0.999968 
3578023803430 -0.005371 0.006080 -0.000035 0.999967 
3578043639856 -0.005412 0.006090 -0.000035 0.999967 
3578063445764 -0.005348 0.005984 -0.000035 0.999968 
3578083282190 -0.005370 0.006094 -0.000035 0.999967 
3578103088098 -0.005376 0.006067 -0.000035 0.999967 
3578122894006 -0.005333 0.006026 -0.000035 0.999968 
3578142730432 -0.005380 0.006126 -0.000035 0.999967 
3578162536340 -0.005348 0.006028 -0.000035 0.999968 
3578182342249 -0.005328 0.006063 -0.000035 0.999967 
3578202178674 -0.005386 0.006093 -0.000035 0.999967 
3578221984583 -0.005328 0.005999 -0.000035 0.999968 
3578241821008 -0.005314 0.006064 -0.000035 0.999967 
3578261626917 -0.005362 0.006087 -0.000035 0.999967 
3578281432825 -0.005288 0.006014 -0.000035 0.999968 
3578301269251 -0.005311 0.006094 -0.000035 0.999967 
3578321105676 -0.005331 0.006095 -0.000035 0.999967 
3578340942102 -0.005270 0.006036 -0.000035 0.999968 
3578360748010 -0.005323 0.006140 -0.000035 0.999967 
3578380553918 -0.005330 0.006086 -0.000035 0.999967 
3578400390344 -0.005297 0.006081 -0.000035 0.999967 
3578420196252 -0.005357 0.006156 -0.000035 0.999967 
3578440002161 -0.005308 0.006049 -0.000035 0.999968 
3578459838586 -0.005302 0.006096 -0.000035 0.999967 
3578479644495 -0.005338 0.006096 -0.000035 0.999967 
3578499480920 -0.005281 0.006017 -0.000035 0.999968 
3578519286829 -0.005313 0.006102 -0.000035 0.999967 
3578539092737 -0.005329 0.006066 -0.000035 0.999967 
3578558929163 -0.005288 0.006021 -0.000035 0.999968 
3578578765588 -0.005344 0.006110 -0.000035 0.999967 
3578598571497 -0.005321 0.006036 -0.000035 0.999968 
3578618407922 -0.005297 0.006054 -0.000035 0.999968 
3578638242842 -0.005361 0.006089 -0.000035 0.999967 
3578658079267 -0.005317 0.006004 -0.000035 0.999968 
3578677885176 -0.005314 0.006076 -0.000035 0.999967 
3578697691084 -0.005346 0.006074 -0.000035 0.999967 
3578717527510 -0.005297 0.006027 -0.000035 0.999968 
3578737333418 -0.005316 0.006100 -0.000035 0.999967 
3578757139326 -0.005327 0.006083 -0.000035 0.999967 
3578776975752 -0.005279 0.006046 -0.000035 0.999968 
3578796781660 -0.005232 0.006011 -0.000035 0.999968 
3578816618086 -0.005192 0.005924 -0.000035 0.999969 
3578836423994 -0.005206 0.006001 -0.000034 0.999968 
3578856260420 -0.005268 0.006060 -0.000035 0.999968 
3578876096845 -0.005257 0.006019 -0.000035 0.999968 
3578895902754 -0.005314 0.006154 -0.000034 0.999967 
3578915739179 -0.005332 0.006128 -0.000035 0.999967 
3578935545088 -0.005292 0.006126 -0.000034 0.999967 
3578955350996 -0.005340 0.006183 -0.000034 0.999967 
3578975187422 -0.005276 0.006056 -0.000035 0.999968 
3578994993330 -0.005271 0.006095 -0.000034 0.999968 
3579014829756 -0.005316 0.006119 -0.000035 0.999967 
3579034635664 -0.005263 0.006039 -0.000035 0.999968 
3579054441572 -0.005299 0.006131 -0.000034 0.999967 
3579074277998 -0.005323 0.006106 -0.000035 0.999967 
3579094083906 -0.005267 0.006051 -0.000035 0.999968 
3579113889814 -0.005320 0.006142 -0.000035 0.999967 
3579133726240 -0.005298 0.006065 -0.000035 0.999968 
3579153562666 -0.005271 0.006084 -0.000034 0.999968 
3579173399092 -0.005320 0.006122 -0.000035 0.999967 
3579193205000 -0.005265 0.005984 -0.000035 0.999968 
3579213010908 -0.005289 0.006088 -0.000035 0.999967 
3579232847334 -0.005317 0.006057 -0.000035 0.999968 
3579252653242 -0.005250 0.005989 -0.000035 0.999968 
3579272459150 -0.005292 0.006059 -0.000035 0.999968 
3579292295576 -0.005278 0.006011 -0.000035 0.999968 
3579312101484 -0.005248 0.006015 -0.000035 0.999968 
3579331937910 -0.005306 0.006050 -0.000035 0.999968 
3579351743818 -0.005250 0.005974 -0.000035 0.999968 
3579371549726 -0.005287 0.006095 -0.000035 0.999967 
3579391386152 -0.005322 0.006091 -0.000035 0.999967 
3579411192060 -0.005266 0.006022 -0.000035 0.999968 
3579431028486 -0.005307 0.006086 -0.000035 0.999967 
3579450864912 -0.005300 0.006032 -0.000035 0.999968 
3579470670820 -0.005291 0.006067 -0.000035 0.999968 
3579490507246 -0.005343 0.006088 -0.000035 0.999967 
3579510313154 -0.005289 0.006017 -0.000035 0.999968 
3579530119062 -0.005341 0.006130 -0.000035 0.999967 
3579549955488 -0.005323 0.006060 -0.000035 0.999967 
3579569761396 -0.005286 0.006035 -0.000035 0.999968 
3579589597822 -0.005343 0.006114 -0.000035 0.999967 
3579609403730 -0.005315 0.006013 -0.000035 0.999968 
3579629209638 -0.005293 0.006048 -0.000035 0.999968 
3579649046064 -0.005337 0.006067 -0.000035 0.999967 
3579668851972 -0.005288 0.005978 -0.000035 0.999968 
3579688657881 -0.005253 0.005915 -0.000035 0.999969 
3579708494306 -0.005290 0.005897 -0.000035 0.999969 
3579728330732 -0.005246 0.005877 -0.000035 0.999969 
3579748167158 -0.005312 0.005971 -0.000035 0.999968 
3579767973066 -0.005305 0.005905 -0.000035 0.999969 
3579787778974 -0.005311 0.005955 -0.000035 0.999968 
3579807615400 -0.005358 0.005956 -0.000036 0.999968 
3579827421308 -0.005292 0.005887 -0.000035 0.999969 
3579847257734 -0.005228 0.005831 -0.000035 0.999969 
3579867063642 -0.005238 0.005793 -0.000036 0.999969 
3579886869551 -0.005224 0.005801 -0.000035 0.999970 
3579906705976 -0.005302 0.005904 -0.000035 0.999969 
3579926511885 -0.005268 0.005785 -0.000036 0.999969 
3579946348310 -0.005266 0.005863 -0.000035 0.999969 
3579966154219 -0.005319 0.005876 -0.000036 0.999969 
3579985960127 -0.005283 0.005825 -0.000036 0.999969 
3580005796553 -0.005350 0.005946 -0.000036 0.999968 
3580025632978 -0.005355 0.005895 -0.000036 0.999968 
3580045469404 -0.005314 0.005888 -0.000036 0.999969 
3580065275312 -0.005361 0.005924 -0.000036 0.999968 
3580085081220 -0.005328 0.005832 -0.000036 0.999969 
3580104917646 -0.005321 0.005909 -0.000036 0.999968 
3580124723554 -0.005348 0.005892 -0.000036 0.999968 
3580144559980 -0.005298 0.005856 -0.000036 0.999969 
3580164365888 -0.005302 0.005926 -0.000035 0.999968 
3580184171797 -0.005281 0.005854 -0.000036 0.999969 
3580204008222 -0.005223 0.005852 -0.000035 0.999969 
3580223814131 -0.005229 0.005891 -0.000035 0.999969 
3580243620039 -0.005296 0.005834 -0.000036 0.999969 
3580263456465 -0.005331 0.005859 -0.000036 0.999969 
3580283262373 -0.005408 0.005903 -0.000036 0.999968 
3580303098799 -0.005390 0.005819 -0.000036 0.999969 
3580322935224 -0.005417 0.005912 -0.000036 0.999968 
3580342741133 -0.005468 0.005902 -0.000036 0.999968 
3580362577558 -0.005422 0.005838 -0.000036 0.999968 
3580382383467 -0.005457 0.005920 -0.000036 0.999968 
3580402219892 -0.005463 0.005853 -0.000037 0.999968 
3580422025801 -0.005425 0.005841 -0.000036 0.999968 
3580441831709 -0.005484 0.005929 -0.000036 0.999967 
3580461668135 -0.005442 0.005832 -0.000037 0.999968 
3580481474043 -0.005455 0.005909 -0.000036 0.999968 
3580501279951 -0.005492 0.005898 -0.000037 0.999968 
3580521116377 -0.005502 0.005911 -0.000037 0.999967 
3580540922285 -0.005508 0.005919 -0.000037 0.999967 
3580560758711 -0.005507 0.005928 -0.000037 0.999967 
3580580595137 -0.005514 0.005933 -0.000037 0.999967 
3580600401045 -0.005504 0.005942 -0.000036 0.999967 
3580620237470 -0.005519 0.005946 -0.000037 0.999967 
3580640043379 -0.005529 0.005946 -0.000037 0.999967 
3580659879804 -0.005543 0.005954 -0.000037 0.999967 
3580679685713 -0.005561 0.005978 -0.000037 0.999967 
