# Created at Tue Jun 01 16:22:52 GMT+02:00 2021 in Burnaby Canada 
3574577636438 0.006119 0.005590 -0.999955 0.004577 
3574597503381 0.006124 0.005577 -0.999955 0.004574 
3574617370325 0.006096 0.005581 -0.999955 0.004594 
3574637237268 0.006103 0.005601 -0.999955 0.004589 
3574657104211 0.006117 0.005603 -0.999955 0.004579 
3574676971155 0.006113 0.005597 -0.999955 0.004581 
3574696868616 0.006127 0.005575 -0.999955 0.004572 
3574716735559 0.006124 0.005579 -0.999955 0.004574 
3574736602502 0.006120 0.005599 -0.999955 0.004577 
3574756469446 0.006150 0.005577 -0.999955 0.004555 
3574776336389 0.006161 0.005565 -0.999955 0.004548 
3574796203333 0.006163 0.005578 -0.999955 0.004546 
3574816070276 0.006141 0.005566 -0.999955 0.004562 
3574835937219 0.006137 0.005571 -0.999955 0.004565 
3574855834680 0.006141 0.005559 -0.999955 0.004562 
3574875701624 0.006153 0.005605 -0.999955 0.004553 
3574895568567 0.006172 0.005591 -0.999955 0.004539 
3574915435510 0.006158 0.005586 -0.999955 0.004550 
3574935302454 0.006145 0.005557 -0.999955 0.004559 
3574955199915 0.006132 0.005555 -0.999955 0.004568 
3574975066858 0.006128 0.005569 -0.999955 0.004571 
3574994964319 0.006109 0.005541 -0.999955 0.004585 
3575014831262 0.006107 0.005540 -0.999955 0.004586 
3575034698206 0.006121 0.005547 -0.999955 0.004576 
3575054565149 0.006143 0.005537 -0.999955 0.004560 
3575074432092 0.006139 0.005528 -0.999955 0.004563 
3575094329553 0.006103 0.005568 -0.999955 0.004589 
3575114196497 0.006110 0.005549 -0.999955 0.004584 
3575134093958 0.006100 0.005547 -0.999955 0.004592 
3575153960901 0.006107 0.005538 -0.999955 0.004586 
3575173827844 0.006121 0.005545 -0.999955 0.004576 
3575193694788 0.006127 0.005511 -0.999956 0.004572 
3575213561731 0.006124 0.005519 -0.999956 0.004574 
3575233459192 0.006122 0.005512 -0.999956 0.004576 
3575253326135 0.006119 0.005504 -0.999956 0.004578 
3575273193079 0.006133 0.005497 -0.999956 0.004568 
3575293060022 0.006146 0.005499 -0.999956 0.004558 
3575312896448 0.006142 0.005460 -0.999956 0.004561 
3575332763391 0.006122 0.005456 -0.999956 0.004576 
3575352660852 0.006120 0.005453 -0.999956 0.004577 
3575372527795 0.006109 0.005433 -0.999956 0.004585 
3575392394739 0.006133 0.005407 -0.999956 0.004568 
3575412261682 0.006129 0.005373 -0.999956 0.004571 
3575432159143 0.006110 0.005375 -0.999956 0.004585 
3575452026086 0.006092 0.005361 -0.999956 0.004597 
3575471923547 0.006092 0.005364 -0.999956 0.004597 
3575491790491 0.006108 0.005366 -0.999956 0.004586 
3575511687952 0.006090 0.005360 -0.999956 0.004599 
3575531554895 0.006082 0.005339 -0.999957 0.004605 
3575551421838 0.006066 0.005384 -0.999956 0.004616 
3575571288782 0.006067 0.005386 -0.999956 0.004615 
3575591155725 0.006077 0.005378 -0.999956 0.004608 
3575611022668 0.006078 0.005381 -0.999956 0.004608 
3575630889612 0.006061 0.005406 -0.999956 0.004619 
3575650787073 0.006071 0.005365 -0.999957 0.004612 
3575670654016 0.005974 0.005425 -0.999956 0.004682 
3575690520959 0.006056 0.005367 -0.999957 0.004624 
3575710418420 0.006107 0.005410 -0.999956 0.004587 
3575730285364 0.006025 0.005460 -0.999956 0.004645 
3575750152307 0.005962 0.005348 -0.999957 0.004691 
3575770049768 0.006110 0.005426 -0.999956 0.004584 
3575789916711 0.006069 0.005467 -0.999956 0.004614 
3575809783655 0.005855 0.005330 -0.999957 0.004767 
3575829650598 0.006003 0.005327 -0.999957 0.004661 
3575849517542 0.006041 0.005447 -0.999956 0.004634 
3575869384485 0.005856 0.005338 -0.999957 0.004766 
3575889281946 0.005953 0.005342 -0.999957 0.004697 
3575909148889 0.006093 0.005453 -0.999956 0.004597 
3575929015833 0.005913 0.005369 -0.999957 0.004725 
3575948882776 0.005990 0.005354 -0.999957 0.004671 
3575968749719 0.006094 0.005505 -0.999956 0.004596 
3575988616663 0.005906 0.005384 -0.999957 0.004730 
3576008514124 0.005983 0.005393 -0.999957 0.004675 
3576028411584 0.006064 0.005533 -0.999956 0.004617 
3576048278528 0.005885 0.005426 -0.999957 0.004745 
3576068145471 0.006013 0.005433 -0.999956 0.004654 
3576088012415 0.006093 0.005522 -0.999956 0.004597 
3576107879358 0.005920 0.005382 -0.999957 0.004721 
3576127746301 0.006079 0.005441 -0.999956 0.004607 
3576147643762 0.006048 0.005514 -0.999956 0.004629 
3576167510706 0.005885 0.005382 -0.999957 0.004746 
3576187377649 0.006103 0.005482 -0.999956 0.004590 
3576207244592 0.006023 0.005504 -0.999956 0.004649 
3576227111536 0.005910 0.005405 -0.999957 0.004730 
3576246978479 0.006094 0.005478 -0.999956 0.004599 
3576266875940 0.005948 0.005459 -0.999956 0.004705 
3576286803918 0.005955 0.005363 -0.999957 0.004699 
3576306670862 0.006095 0.005497 -0.999956 0.004598 
3576326537805 0.005923 0.005410 -0.999957 0.004719 
3576346404749 0.005999 0.005384 -0.999957 0.004664 
3576366271692 0.006087 0.005509 -0.999956 0.004598 
3576386138635 0.005898 0.005387 -0.999957 0.004732 
3576406005579 0.006042 0.005429 -0.999956 0.004627 
3576425872522 0.006014 0.005494 -0.999956 0.004646 
3576445739465 0.005902 0.005364 -0.999957 0.004724 
3576465606409 0.006088 0.005482 -0.999956 0.004587 
3576485473352 0.005983 0.005478 -0.999956 0.004658 
3576505340295 0.005930 0.005406 -0.999957 0.004692 
3576525207239 0.006080 0.005512 -0.999956 0.004580 
3576545074182 0.005902 0.005432 -0.999957 0.004703 
3576565002161 0.005963 0.005372 -0.999957 0.004655 
3576584869104 0.006045 0.005481 -0.999956 0.004590 
3576604736047 0.005851 0.005353 -0.999957 0.004723 
3576624602991 0.006031 0.005381 -0.999957 0.004588 
3576644469934 0.006011 0.005482 -0.999956 0.004595 
3576664336877 0.005834 0.005352 -0.999958 0.004715 
3576684203821 0.006039 0.005454 -0.999956 0.004559 
3576704101282 0.005963 0.005452 -0.999957 0.004603 
3576723968225 0.005961 0.005389 -0.999957 0.004593 
3576743835168 0.006109 0.005505 -0.999956 0.004473 
3576763702112 0.005936 0.005417 -0.999957 0.004583 
3576783569055 0.006019 0.005390 -0.999957 0.004509 
3576803435999 0.006089 0.005481 -0.999957 0.004443 
3576823302942 0.005925 0.005361 -0.999958 0.004545 
3576843169885 0.006092 0.005397 -0.999957 0.004407 
3576863097864 0.006052 0.005455 -0.999957 0.004416 
3576882964807 0.005946 0.005368 -0.999958 0.004478 
3576902801233 0.006143 0.005476 -0.999957 0.004325 
3576922668176 0.006009 0.005447 -0.999957 0.004410 
3576942535120 0.006013 0.005394 -0.999958 0.004389 
3576962402063 0.006124 0.005508 -0.999957 0.004289 
3576982269006 0.005958 0.005387 -0.999958 0.004418 
3577002135950 0.006065 0.005380 -0.999958 0.004352 
3577022002893 0.006027 0.005464 -0.999957 0.004391 
3577041900354 0.005866 0.005336 -0.999958 0.004520 
3577061797815 0.006061 0.005447 -0.999957 0.004392 
3577081664758 0.005999 0.005430 -0.999957 0.004451 
3577101531702 0.005961 0.005343 -0.999958 0.004494 
3577121398645 0.006092 0.005446 -0.999957 0.004415 
3577141296106 0.005896 0.005370 -0.999958 0.004573 
3577161163049 0.005998 0.005388 -0.999957 0.004518 
3577181060510 0.006061 0.005479 -0.999957 0.004491 
3577200927454 0.005866 0.005367 -0.999958 0.004652 
3577220794397 0.006028 0.005435 -0.999957 0.004557 
3577240661340 0.006008 0.005500 -0.999956 0.004594 
3577260528284 0.005896 0.005443 -0.999957 0.004698 
3577280395227 0.006073 0.005530 -0.999956 0.004596 
3577300262170 0.005928 0.005499 -0.999956 0.004728 
3577320159631 0.005920 0.005401 -0.999957 0.004763 
3577340026575 0.006070 0.005508 -0.999955 0.004685 
3577359893518 0.005892 0.005396 -0.999956 0.004847 
3577379760461 0.006002 0.005379 -0.999956 0.004803 
3577399627405 0.006049 0.005488 -0.999955 0.004806 
3577419494348 0.005887 0.005368 -0.999956 0.004963 
3577439391809 0.006063 0.005427 -0.999955 0.004877 
3577459258752 0.006042 0.005444 -0.999955 0.004936 
3577479125696 0.005928 0.005358 -0.999955 0.005064 
3577499023157 0.006127 0.005460 -0.999954 0.004969 
3577518890100 0.005986 0.005417 -0.999954 0.005121 
3577538757043 0.005975 0.005326 -0.999954 0.005225 
3577558623987 0.006112 0.005447 -0.999953 0.005223 
3577578490930 0.005914 0.005322 -0.999953 0.005469 
3577598357874 0.006015 0.005345 -0.999952 0.005502 
3577618224817 0.006068 0.005432 -0.999951 0.005573 
3577638122278 0.005905 0.005283 -0.999952 0.005747 
3577657989221 0.006089 0.005374 -0.999951 0.005673 
3577677856165 0.006024 0.005428 -0.999950 0.005779 
3577697723108 0.005936 0.005302 -0.999951 0.005839 
3577717620569 0.006118 0.005408 -0.999950 0.005704 
3577737487512 0.005961 0.005344 -0.999951 0.005812 
3577757354456 0.005978 0.005297 -0.999953 0.005570 
3577777221399 0.006117 0.005409 -0.999953 0.005233 
3577797118860 0.005920 0.005277 -0.999955 0.005136 
3577816985803 0.006097 0.005309 -0.999956 0.004765 
3577836852747 0.006139 0.005397 -0.999957 0.004485 
3577856719690 0.005948 0.005280 -0.999959 0.004373 
3577876586633 0.006156 0.005361 -0.999959 0.003968 
3577896453577 0.006073 0.005388 -0.999960 0.003771 
3577916320520 0.006040 0.005280 -0.999961 0.003643 
3577936187463 0.006190 0.005428 -0.999959 0.003702 
3577956054407 0.006037 0.005371 -0.999959 0.003983 
3577975951868 0.006088 0.005324 -0.999959 0.004114 
3577995849329 0.006202 0.005437 -0.999957 0.004198 
3578015716272 0.005981 0.005338 -0.999958 0.004532 
3578035583215 0.006110 0.005360 -0.999956 0.004607 
3578055450159 0.006133 0.005447 -0.999954 0.004888 
3578075317102 0.005947 0.005298 -0.999954 0.005320 
3578095184045 0.006152 0.005373 -0.999952 0.005458 
3578115050989 0.006074 0.005412 -0.999950 0.005800 
3578134917932 0.005997 0.005306 -0.999949 0.006133 
3578154815393 0.006183 0.005429 -0.999947 0.006115 
3578174682336 0.005988 0.005364 -0.999947 0.006363 
3578194549280 0.006042 0.005326 -0.999947 0.006435 
3578214416223 0.006112 0.005445 -0.999948 0.006025 
3578234283167 0.005930 0.005328 -0.999949 0.006133 
3578254150110 0.006074 0.005324 -0.999951 0.005677 
3578274017053 0.006124 0.005421 -0.999951 0.005635 
3578293914514 0.005982 0.005273 -0.999952 0.005753 
3578313781458 0.006129 0.005324 -0.999951 0.005659 
3578333648401 0.006111 0.005388 -0.999951 0.005683 
3578353515344 0.005976 0.005265 -0.999951 0.005795 
3578373382288 0.006172 0.005374 -0.999950 0.005662 
3578393249231 0.006045 0.005387 -0.999951 0.005765 
3578413116174 0.006021 0.005321 -0.999951 0.005789 
3578432983118 0.006181 0.005442 -0.999950 0.005663 
3578452850061 0.005995 0.005342 -0.999951 0.005787 
3578472717004 0.006100 0.005330 -0.999951 0.005686 
3578492614465 0.006083 0.005427 -0.999951 0.005674 
3578512511926 0.005910 0.005285 -0.999952 0.005777 
3578532378870 0.006094 0.005376 -0.999951 0.005634 
3578552245813 0.006005 0.005405 -0.999951 0.005690 
3578572143274 0.005926 0.005346 -0.999952 0.005740 
3578592010217 0.006092 0.005457 -0.999951 0.005611 
3578611877161 0.005929 0.005406 -0.999951 0.005723 
3578631773115 0.005979 0.005356 -0.999952 0.005679 
3578651640058 0.006060 0.005482 -0.999951 0.005614 
3578671507002 0.005898 0.005388 -0.999952 0.005727 
3578691404463 0.006033 0.005381 -0.999952 0.005622 
3578711271406 0.006062 0.005466 -0.999951 0.005595 
3578731138349 0.005908 0.005360 -0.999954 0.005296 
3578751005293 0.006095 0.005419 -0.999955 0.004765 
3578770872236 0.006000 0.005434 -0.999957 0.004461 
3578790739179 0.005965 0.005353 -0.999959 0.004131 
3578810575605 0.006098 0.005461 -0.999960 0.003698 
3578830473066 0.005927 0.005365 -0.999962 0.003510 
3578850340010 0.006021 0.005357 -0.999963 0.003146 
3578870237470 0.006050 0.005452 -0.999961 0.003472 
3578890104414 0.005903 0.005374 -0.999961 0.003698 
3578909971357 0.006094 0.005460 -0.999959 0.003873 
3578929838301 0.006004 0.005467 -0.999958 0.004239 
3578949705244 0.005988 0.005406 -0.999956 0.004740 
3578969602705 0.006115 0.005524 -0.999953 0.005103 
3578989469648 0.005941 0.005411 -0.999953 0.005452 
3579009336592 0.006055 0.005420 -0.999951 0.005571 
3579029234053 0.006065 0.005504 -0.999950 0.005750 
3579049100996 0.005867 0.005391 -0.999950 0.006073 
3579068967939 0.006045 0.005459 -0.999948 0.006110 
3579088834883 0.005957 0.005499 -0.999947 0.006335 
3579108701826 0.005868 0.005398 -0.999951 0.005917 
3579128568769 0.006048 0.005519 -0.999952 0.005325 
3579148466230 0.005931 0.005486 -0.999955 0.004987 
3579168333174 0.005942 0.005395 -0.999957 0.004580 
3579188230635 0.006036 0.005508 -0.999958 0.004138 
3579208097578 0.005845 0.005409 -0.999961 0.003937 
3579227964521 0.006003 0.005446 -0.999962 0.003279 
3579247831465 0.005980 0.005516 -0.999962 0.003010 
3579267698408 0.005905 0.005414 -0.999964 0.002799 
3579287565351 0.006083 0.005534 -0.999963 0.002411 
3579307432295 0.005947 0.005467 -0.999965 0.002280 
3579327299238 0.006015 0.005418 -0.999965 0.002009 
3579347166181 0.006072 0.005522 -0.999965 0.001760 
3579367063642 0.005902 0.005397 -0.999967 0.001698 
3579386930586 0.006086 0.005463 -0.999965 0.001808 
3579406797529 0.006039 0.005478 -0.999965 0.002074 
3579426694990 0.005957 0.005381 -0.999965 0.002350 
3579446531416 0.006121 0.005504 -0.999963 0.002424 
3579466398359 0.005945 0.005459 -0.999963 0.002962 
3579486265303 0.006025 0.005457 -0.999961 0.003494 
3579506162763 0.006025 0.005558 -0.999956 0.004477 
3579526029707 0.005866 0.005445 -0.999953 0.005517 
3579545896650 0.006081 0.005546 -0.999947 0.006209 
3579565763594 0.005947 0.005527 -0.999942 0.007116 
3579585630537 0.005883 0.005448 -0.999937 0.007915 
3579605527998 0.006030 0.005582 -0.999930 0.008503 
3579625394941 0.005858 0.005518 -0.999924 0.009290 
3579645261885 0.005940 0.005490 -0.999919 0.009837 
3579665128828 0.006018 0.005590 -0.999925 0.009052 
3579684995771 0.005855 0.005471 -0.999937 0.007850 
3579704893232 0.005987 0.005590 -0.999938 0.007591 
3579724790693 0.005950 0.005485 -0.999939 0.007473 
3579744657637 0.006138 0.005627 -0.999940 0.007191 
3579764524580 0.005954 0.005596 -0.999941 0.007204 
3579784391523 0.006013 0.005588 -0.999945 0.006607 
3579804258467 0.006044 0.005688 -0.999947 0.006077 
3579824125410 0.005908 0.005534 -0.999951 0.005710 
3579843992353 0.006069 0.005612 -0.999953 0.005137 
3579863889814 0.006009 0.005631 -0.999955 0.004765 
3579883756758 0.005972 0.005553 -0.999957 0.004404 
3579903623701 0.006128 0.005663 -0.999958 0.003917 
3579923490644 0.005930 0.005594 -0.999960 0.003721 
3579943357588 0.006065 0.005569 -0.999961 0.003291 
3579963224531 0.006085 0.005655 -0.999961 0.002970 
3579983091474 0.005954 0.005536 -0.999963 0.002786 
3580003019453 0.006126 0.005632 -0.999961 0.002818 
3580022886396 0.006017 0.005627 -0.999961 0.003056 
3580042753340 0.006002 0.005552 -0.999961 0.003218 
3580062620283 0.006121 0.005680 -0.999960 0.003254 
3580082456709 0.005929 0.005596 -0.999961 0.003524 
3580102323652 0.006061 0.005590 -0.999960 0.003540 
3580122190595 0.006022 0.005652 -0.999959 0.003677 
3580142088056 0.005953 0.005531 -0.999962 0.003174 
3580161955000 0.006097 0.005568 -0.999963 0.002544 
3580181821943 0.005999 0.005625 -0.999964 0.002139 
3580201688887 0.005996 0.005554 -0.999965 0.001693 
3580221555830 0.006074 0.005566 -0.999965 0.001215 
3580241453291 0.005959 0.005606 -0.999966 0.000920 
3580261320234 0.006010 0.005537 -0.999967 0.000523 
3580281217695 0.006098 0.005629 -0.999966 0.000121 
3580301084638 -0.005927 -0.005577 0.999967 0.000057 
3580320982099 0.006065 0.005621 -0.999966 0.000406 
3580340849043 0.006065 0.005712 -0.999965 0.000726 
3580360715986 0.005932 0.005608 -0.999966 0.001128 
3580380582929 0.006120 0.005714 -0.999964 0.001261 
3580400449873 0.006051 0.005734 -0.999964 0.001573 
3580420316816 0.006066 0.005668 -0.999964 0.001804 
3580440183760 0.006187 0.005770 -0.999962 0.001937 
3580460081220 0.006007 0.005672 -0.999963 0.002285 
3580479948164 0.006160 0.005680 -0.999963 0.001725 
3580499815107 0.006084 0.005714 -0.999964 0.001366 
3580519682051 0.006084 0.005695 -0.999965 0.000978 
3580539548994 0.006076 0.005694 -0.999965 0.000622 
3580559415937 0.006094 0.005676 -0.999965 0.000271 
3580579313398 -0.006103 -0.005702 0.999965 0.000051 
3580599180342 -0.006095 -0.005693 0.999965 0.000338 
3580619077803 -0.006104 -0.005709 0.999965 0.000619 
3580638944746 -0.006104 -0.005715 0.999965 0.000874 
3580658811689 -0.006120 -0.005729 0.999964 0.001125 
3580678678633 -0.006144 -0.005751 0.999964 0.001365 
