# Created at Tue Jun 01 15:49:51 GMT+02:00 2021 in Burnaby Canada 
1593766491942 -0.099991 -0.107178 9.810471 
1593786297850 -0.097595 -0.100006 9.808075 
1593806103758 -0.102386 -0.102402 9.808075 
1593825940184 -0.097595 -0.107178 9.815247 
1593845746092 -0.095215 -0.102402 9.810471 
1593865552000 -0.097595 -0.104782 9.808075 
1593885388426 -0.095215 -0.107178 9.810471 
1593905194334 -0.095215 -0.102402 9.800888 
1593925000243 -0.109558 -0.102402 9.810471 
1593944836668 -0.102386 -0.104782 9.810471 
1593964673094 -0.107178 -0.097610 9.808075 
1593984509520 -0.095215 -0.104782 9.808075 
1594004315428 -0.097595 -0.111969 9.810471 
1594024121336 -0.102386 -0.107178 9.805679 
1594043957762 -0.109558 -0.104782 9.817642 
1594063763670 -0.109558 -0.102402 9.810471 
1594083569579 -0.097595 -0.104782 9.820038 
1594103406004 -0.099991 -0.104782 9.815247 
1594123211913 -0.097595 -0.095215 9.805679 
1594143017821 -0.099991 -0.104782 9.812851 
1594162854247 -0.109558 -0.100006 9.805679 
1594182660155 -0.104782 -0.109573 9.815247 
1594202466063 -0.102386 -0.104782 9.805679 
1594222302489 -0.099991 -0.111969 9.810471 
1594242138915 -0.095215 -0.107178 9.803284 
1594261944823 -0.107178 -0.100006 9.808075 
1594281781249 -0.092819 -0.097610 9.829605 
1594301587157 -0.102386 -0.095215 9.791321 
1594321393065 -0.102386 -0.109573 9.800888 
1594341229491 -0.097595 -0.111969 9.808075 
1594361035399 -0.097595 -0.092819 9.810471 
1594380841307 -0.097595 -0.097610 9.800888 
1594400677733 -0.095215 -0.102402 9.796112 
1594420483641 -0.107178 -0.109573 9.808075 
1594440289549 -0.102386 -0.092819 9.798492 
1594460125975 -0.102386 -0.100006 9.805679 
1594479931883 -0.092819 -0.109573 9.800888 
1594499737791 -0.099991 -0.097610 9.788925 
1594519574217 -0.102386 -0.097610 9.791321 
1594539410643 -0.097595 -0.104782 9.798492 
1594559216551 -0.097595 -0.107178 9.786530 
1594579052977 -0.097595 -0.100006 9.793716 
1594598858885 -0.095215 -0.104782 9.793716 
1594618664793 -0.097595 -0.102402 9.796112 
1594638501219 -0.095215 -0.095215 9.786530 
1594658307127 -0.104782 -0.092819 9.788925 
1594678143553 -0.097595 -0.097610 9.793716 
1594697949461 -0.102386 -0.097610 9.788925 
1594717755370 -0.099991 -0.104782 9.788925 
1594737591795 -0.095215 -0.107178 9.793716 
1594757397704 -0.099991 -0.097610 9.781754 
1594777203612 -0.092819 -0.100006 9.793716 
1594797040038 -0.097595 -0.102402 9.791321 
1594816876463 -0.102386 -0.097610 9.750641 
1594836682372 -0.145462 -0.157425 9.748245 
1594856518797 0.017258 0.007675 9.954041 
1594876324706 -0.200485 -0.200500 9.760208 
1594896130614 -0.102386 -0.135895 9.640579 
1594915967040 -0.006668 0.010071 9.891815 
1594935772948 -0.123917 -0.109573 9.956421 
1594955578856 -0.198105 -0.226822 9.607071 
1594975415282 -0.047348 -0.068893 9.755432 
1594995221190 -0.028214 -0.004288 9.970779 
1595015027098 -0.178955 -0.198105 9.800888 
1595034863524 -0.126312 -0.159821 9.640579 
1595054669432 0.002899 0.007675 9.899002 
1595074475340 -0.133499 -0.119141 9.944458 
1595094311766 -0.181351 -0.217255 9.609467 
1595114148192 -0.004288 -0.006683 9.841568 
1595133954100 -0.085632 -0.068893 10.016251 
1595153790526 -0.198105 -0.236389 9.602295 
1595173596434 -0.028214 -0.035400 9.769791 
1595193402342 -0.064102 -0.040176 10.052139 
1595213238768 -0.202881 -0.241180 9.638184 
1595233044676 -0.047348 -0.061722 9.729111 
1595252850584 -0.042572 -0.023438 10.028214 
1595272687010 -0.205276 -0.222031 9.683640 
1595292492918 -0.061707 -0.078461 9.700394 
1595312298827 -0.030594 -0.006683 10.023422 
1595332135252 -0.212463 -0.236389 9.719543 
1595351941161 -0.068893 -0.085648 9.688431 
1595371747069 -0.030594 -0.001892 10.018646 
1595391583495 -0.205276 -0.229218 9.724319 
1595411419920 -0.073669 -0.095215 9.676468 
1595431256346 -0.032990 -0.001892 10.009064 
1595451062254 -0.200485 -0.231613 9.719543 
1595470868163 -0.061707 -0.092819 9.686035 
1595490704588 -0.028214 -0.001892 10.016251 
1595510510497 -0.214844 -0.231613 9.705185 
1595530316405 -0.064102 -0.080856 9.686035 
1595550152831 -0.032990 -0.016251 10.018646 
1595569958739 -0.200485 -0.236389 9.683640 
1595589764647 -0.049744 -0.061722 9.693222 
1595609601073 -0.042572 -0.023438 10.035385 
1595629406981 -0.207672 -0.236389 9.638184 
1595649212889 -0.047348 -0.056931 9.726715 
1595669049315 -0.047348 -0.028214 10.042572 
1595688885741 -0.200485 -0.236389 9.607071 
1595708691649 -0.021027 -0.037781 9.741074 
1595728528075 -0.064102 -0.049759 10.023422 
1595748333983 -0.200485 -0.245956 9.575974 
1595768139891 -0.011459 -0.018646 9.779358 
1595787976317 -0.085632 -0.068893 10.001892 
1595807782225 -0.195709 -0.241180 9.573578 
1595827588133 -0.004288 0.002884 9.817642 
1595847424559 -0.107178 -0.095215 9.966003 
1595867230467 -0.183746 -0.229218 9.571182 
1595887036375 0.002899 0.007675 9.855927 
1595906872801 -0.126312 -0.121536 9.937286 
1595926678709 -0.166992 -0.212463 9.595108 
1595946484618 0.007690 0.022034 9.903778 
1595966321043 -0.155029 -0.152649 9.889420 
1595986157469 -0.145462 -0.188538 9.621429 
1596005963377 0.005295 0.026825 9.934891 
1596025799803 -0.171783 -0.188538 9.851135 
1596045605711 -0.121521 -0.152649 9.628616 
1596065411620 -0.001892 0.017242 9.961212 
1596085248045 -0.200485 -0.207672 9.808075 
1596105053954 -0.083237 -0.121536 9.626221 
1596124859862 -0.023422 0.007675 9.992325 
1596144696288 -0.202881 -0.222031 9.736282 
1596164502196 -0.064102 -0.090424 9.669281 
1596184308104 -0.044952 -0.011475 10.044968 
1596204144530 -0.198105 -0.250748 9.664505 
1596223950438 -0.037781 -0.056931 9.717148 
1596243786864 -0.068893 -0.035400 10.052139 
1596263623290 -0.205276 -0.238785 9.599899 
1596283429198 -0.025818 -0.018646 9.772186 
1596303235106 -0.085632 -0.064102 10.016251 
1596323071532 -0.190918 -0.233994 9.585541 
1596342877440 0.000504 -0.001892 9.815247 
1596362713866 -0.104782 -0.090424 9.987534 
1596382519774 -0.188522 -0.231613 9.592712 
1596402325682 0.010071 0.010071 9.863113 
1596422162108 -0.123917 -0.119141 9.946854 
1596441968016 -0.164597 -0.217255 9.597504 
1596461773924 0.002899 0.019638 9.906174 
1596481610350 -0.159821 -0.147858 9.901398 
1596501416258 -0.147842 -0.188538 9.626221 
1596521222166 0.014862 0.022034 9.934891 
1596541058592 -0.171783 -0.183746 9.860718 
1596560895018 -0.121521 -0.152649 9.626221 
1596580700926 -0.011459 0.026825 9.966003 
1596600537352 -0.195709 -0.212463 9.817642 
1596620343260 -0.090424 -0.119141 9.647751 
1596640149168 -0.023422 0.007675 10.013855 
1596659985594 -0.205276 -0.226822 9.731506 
1596679791502 -0.054535 -0.088043 9.678864 
1596699597411 -0.047348 -0.009079 10.047348 
1596719433836 -0.224426 -0.241180 9.650146 
1596739239745 -0.030594 -0.044968 9.736282 
1596759076170 -0.073669 -0.042572 10.037781 
1596778882079 -0.207672 -0.241180 9.587936 
1596798687987 -0.009064 -0.001892 9.812851 
1596818524413 -0.114349 -0.100006 9.963608 
1596838360838 -0.176559 -0.219650 9.575974 
1596858166747 0.019653 0.017242 9.872681 
1596878003172 -0.157425 -0.155029 9.879852 
1596897809081 -0.147842 -0.183746 9.604675 
1596917614989 0.000504 0.029205 9.927719 
1596937451415 -0.181351 -0.195709 9.827209 
1596957257323 -0.092819 -0.126328 9.621429 
1596977063231 -0.021027 0.017242 9.997101 
1596996899657 -0.205276 -0.226822 9.712357 
1597016705565 -0.049744 -0.061722 9.678864 
1597036511473 -0.042572 -0.030609 10.025818 
1597056347899 -0.214844 -0.241180 9.595108 
1597076153807 -0.016251 -0.023438 9.755432 
1597095959715 -0.092819 -0.059326 9.999496 
1597115796141 -0.198105 -0.238785 9.561615 
1597135632567 -0.004288 0.005280 9.817642 
1597155438475 -0.116745 -0.111969 9.932495 
1597175274901 -0.166992 -0.205292 9.571182 
1597195080809 0.010071 0.041168 9.903778 
1597214886717 -0.174164 -0.171783 9.846359 
1597234723143 -0.123917 -0.152649 9.590317 
1597254529051 0.005295 0.017242 9.951645 
1597274334959 -0.205276 -0.217255 9.738678 
1597294171385 -0.056915 -0.085648 9.645355 
1597313977293 -0.056915 -0.023438 10.023422 
1597333783202 -0.207672 -0.243576 9.578354 
1597353619627 -0.016251 -0.009079 9.745865 
1597373425536 -0.097595 -0.066498 9.977966 
1597393261961 -0.195709 -0.231613 9.549652 
1597413098387 0.007690 0.014847 9.820038 
1597432904295 -0.135880 -0.121536 9.903778 
1597452740721 -0.157425 -0.190933 9.580750 
1597472546629 0.000504 0.026825 9.903778 
1597492352538 -0.186142 -0.193329 9.812851 
1597512188963 -0.088028 -0.119141 9.602295 
1597531994872 -0.023422 0.007675 9.992325 
1597551800780 -0.219635 -0.236389 9.640579 
1597571637206 -0.037781 -0.052139 9.690826 
1597591443114 -0.071274 -0.047363 10.009064 
1597611249022 -0.200485 -0.236389 9.552032 
1597631085448 -0.016251 -0.016251 9.781754 
1597650891356 -0.085632 -0.056931 9.980362 
1597670727782 -0.193314 -0.236389 9.568787 
1597690564207 -0.006668 -0.016251 9.776962 
1597710370116 -0.092819 -0.066498 9.980362 
1597730176024 -0.198105 -0.229218 9.554428 
1597750012450 0.007690 0.012466 9.820038 
1597769818358 -0.128708 -0.121536 9.908569 
1597789624266 -0.164597 -0.193329 9.571182 
1597809460692 0.014862 0.031601 9.894211 
1597829266600 -0.176559 -0.186142 9.827209 
1597849072508 -0.109558 -0.140686 9.590317 
1597868908934 -0.013855 0.017242 9.975571 
1597888714842 -0.202881 -0.233994 9.705185 
1597908520750 -0.049744 -0.059326 9.674072 
1597928357176 -0.059311 -0.023438 10.023422 
1597948163084 -0.214844 -0.236389 9.585541 
1597967999510 -0.032990 -0.040176 9.738678 
1597987835936 -0.054535 -0.025818 10.023422 
1598007641844 -0.214844 -0.243576 9.621429 
1598027478270 -0.040176 -0.059326 9.707565 
1598047284178 -0.061707 -0.028214 10.032990 
1598067090086 -0.200485 -0.238785 9.609467 
1598086926512 -0.023422 -0.042572 9.733887 
1598106732420 -0.080856 -0.054535 10.006683 
1598126538329 -0.193314 -0.241180 9.573578 
1598146374754 -0.009064 0.000504 9.820038 
1598166180663 -0.119141 -0.104782 9.934891 
1598185986571 -0.174164 -0.212463 9.575974 
1598205822997 0.012466 0.036392 9.894211 
1598225628905 -0.176559 -0.176575 9.855927 
1598245465331 -0.126312 -0.143066 9.599899 
1598265301756 -0.006668 0.012466 9.973175 
1598285107665 -0.207672 -0.219650 9.753036 
1598304913573 -0.066498 -0.092819 9.652542 
1598324749999 -0.042572 -0.018646 10.035385 
1598344555907 -0.210068 -0.243576 9.607071 
1598364361815 -0.011459 -0.016251 9.760208 
1598384198241 -0.097595 -0.066498 9.992325 
1598404004149 -0.195709 -0.236389 9.575974 
1598423810057 -0.016251 -0.009079 9.800888 
1598443646483 -0.083237 -0.066498 9.994705 
1598463452391 -0.205276 -0.238785 9.590317 
1598483258299 -0.006668 -0.006683 9.803284 
1598503086760 -0.109558 -0.080856 9.989929 
1598522892668 -0.186142 -0.231613 9.573578 
1598542729094 0.005295 0.019638 9.870285 
1598562565520 -0.138275 -0.126328 9.913361 
1598582371428 -0.150238 -0.193329 9.607071 
1598602177336 0.012466 0.031601 9.927719 
1598622013762 -0.188522 -0.190933 9.846359 
1598641819670 -0.097595 -0.131104 9.614258 
1598661656096 -0.016251 0.012466 10.009064 
1598681462004 -0.210068 -0.233994 9.688431 
1598701267912 -0.032990 -0.056931 9.705185 
1598721104338 -0.068893 -0.040176 10.028214 
1598740910246 -0.198105 -0.238785 9.578354 
1598760716155 0.007690 0.007675 9.820038 
1598780552580 -0.114349 -0.126328 9.915741 
1598800358489 -0.164597 -0.198105 9.587936 
1598820194914 0.012466 0.026825 9.899002 
1598840031340 -0.155029 -0.155029 9.865494 
1598859837248 -0.140671 -0.171783 9.592712 
1598879643157 -0.001892 0.029205 9.930099 
1598899479582 -0.193314 -0.202896 9.808075 
1598919285491 -0.085632 -0.114365 9.611862 
1598939091399 -0.030594 -0.004288 10.016251 
1598958927825 -0.212463 -0.241180 9.609467 
1598978733733 -0.025818 -0.028214 9.748245 
1598998539641 -0.092819 -0.035400 9.827209 
1599018376067 -0.169388 -0.241180 9.798492 
1599038181975 -0.085632 -0.128708 9.674072 
1599057987883 0.002899 0.022034 9.863113 
1599077824309 -0.143066 -0.128708 9.896606 
1599097630217 -0.176559 -0.210068 9.578354 
1599117466643 -0.006668 0.002884 9.820038 
1599137303069 -0.102386 -0.078461 9.963608 
1599157108977 -0.188522 -0.236389 9.554428 
1599176945403 0.002899 0.002884 9.827209 
1599196751311 -0.121521 -0.100006 9.949249 
1599216557219 -0.166992 -0.214859 9.561615 
1599236363127 0.007690 0.019638 9.891815 
1599256199553 -0.162201 -0.155029 9.870285 
1599276005461 -0.104782 -0.116745 9.772186 
1599295811369 -0.095215 -0.090424 9.764999 
1599315647795 -0.102386 -0.109573 9.772186 
1599335453703 -0.097595 -0.102402 9.810471 
1599355290129 -0.097595 -0.109573 9.800888 
1599375096037 -0.102386 -0.102402 9.793716 
1599394932463 -0.104782 -0.102402 9.798492 
1599414768889 -0.107178 -0.097610 9.800888 
1599434574797 -0.102386 -0.097610 9.793716 
