2287133291105 -0.011459 0.036392 9.987534  
2287153127531 -0.188522 -0.207672 9.755432  
2287172933439 -0.076065 -0.121536 9.590317  
2287192739347 -0.021027 0.029205 9.992325  
2287212575773 -0.200485 -0.226822 9.705185  
2287232381681 -0.061707 -0.083252 9.628616  
2287252218107 -0.044952 0.000504 10.004288  
2287272054533 -0.195709 -0.245956 9.652542  
2287291860441 -0.030594 -0.040176 9.686035  
2287311666349 -0.066498 -0.023438 9.989929  
2287331502775 -0.195709 -0.250748 9.583145  
2287351308683 -0.013855 -0.001892 9.772186  
2287371114591 -0.092819 -0.064102 9.958817  
2287390951017 -0.186142 -0.233994 9.544861  
2287410756925 -0.001892 0.031601 9.848755  
2287430562833 -0.128708 -0.107178 9.927719  
2287450399259 -0.157425 -0.212463 9.518539  
2287470205167 0.002899 0.050751 9.918137  
2287490011076 -0.164597 -0.155029 9.858322  
2287509847501 -0.121521 -0.176575 9.525711  
2287529653410 -0.001892 0.045959 9.985138  
2287549489835 -0.178955 -0.193329 9.769791  
2287569326261 -0.083237 -0.126328 9.568787  
2287589132169 -0.025818 0.026825 10.004288  
2287608968595 -0.198105 -0.233994 9.705185  
2287628774503 -0.052139 -0.066498 9.650146  
2287648580412 -0.054535 -0.006683 10.006683  
2287668416837 -0.205276 -0.241180 9.602295  
2287688222746 -0.013855 -0.021042 9.738678  
2287708028654 -0.097595 -0.054535 9.970779  
2287727865080 -0.188522 -0.241180 9.549652  
2287747670988 0.005295 0.024429 9.848755  
2287767476896 -0.138275 -0.104782 9.930099  
2287787313322 -0.152634 -0.207672 9.511368  
2287807119230 0.012466 0.045959 9.918137  
2287826955656 -0.166992 -0.150253 9.867889  
2287846792081 -0.116745 -0.181351 9.530502  
2287866597990 0.002899 0.043564 9.973175  
2287886434415 -0.193314 -0.193329 9.784149  
2287906240324 -0.085632 -0.116745 9.578354  
2287926046232 -0.030594 0.033997 10.006683  
2287945882658 -0.200485 -0.241180 9.676468  
2287965688566 -0.042572 -0.049759 9.676468  
2287985494474 -0.059311 -0.033005 9.994705  
2288005330900 -0.200485 -0.248352 9.583145  
2288025136808 -0.009064 0.005280 9.796112  
2288044942716 -0.107178 -0.083252 9.956421  
2288064779142 -0.169388 -0.236389 9.525711  
2288084585050 0.005295 0.029205 9.884644  
2288104390958 -0.143066 -0.135895 9.894211  
2288124227384 -0.140671 -0.188538 9.516144  
2288144063810 0.007690 0.048355 9.968384  
2288163869718 -0.181351 -0.188538 9.803284  
2288183706144 -0.102386 -0.121536 9.563995  
2288203512052 -0.011459 0.029205 10.011459  
2288223317960 -0.193314 -0.241180 9.688431  
2288243154386 -0.056915 -0.066498 9.659714  
2288262960294 -0.056915 -0.011475 10.001892  
2288282766203 -0.193314 -0.238785 9.609467  
2288302602628 -0.028214 -0.025818 9.733887  
2288322408537 -0.080856 -0.037781 9.992325  
2288342244962 -0.190918 -0.241180 9.561615  
2288362050871 -0.004288 0.012466 9.810471  
2288381856779 -0.114349 -0.076080 9.949249  
2288401693205 -0.171783 -0.222031 9.525711  
2288421529630 0.010071 0.033997 9.889420  
2288441335539 -0.143066 -0.150253 9.882248  
2288461171964 -0.135880 -0.174179 9.528107  
2288480977873 0.010071 0.043564 9.977966  
2288500783781 -0.188522 -0.193329 9.786530  
2288520620206 -0.095215 -0.131104 9.563995  
2288540430571 -0.016251 0.033997 9.997101  
2288560236479 -0.188522 -0.219650 9.705185  
2288580072905 -0.064102 -0.080856 9.630997  
2288599878813 -0.042572 0.000504 10.011459  
2288619684721 -0.195709 -0.233994 9.619034  
2288639521147 -0.028214 -0.025818 9.719543  
2288659327055 -0.080856 -0.037781 9.985138  
2288679132963 -0.193314 -0.236389 9.547256  
2288698969389 0.007690 0.012466 9.829605  
2288718805815 -0.116745 -0.097610 9.925323  
2288738611723 -0.152634 -0.210068 9.508972  
2288758448149 0.007690 0.048355 9.930099  
2288778254057 -0.162201 -0.159821 9.834396  
2288798090483 -0.111954 -0.157425 9.540070  
2288817896391 0.005295 0.043564 9.992325  
2288837702299 -0.200485 -0.222031 9.714752  
2288857538725 -0.056915 -0.078461 9.628616  
2288877344633 -0.037781 -0.001892 10.013855  
2288897150541 -0.200485 -0.248352 9.611862  
2288916986967 -0.021027 -0.037781 9.724319  
2288936792875 -0.076065 -0.042572 9.982742  
2288956598784 -0.188522 -0.250748 9.554428  
2288976435209 0.005295 0.017242 9.812851  
2288996271635 -0.128708 -0.097610 9.932495  
2289016077543 -0.157425 -0.210068 9.508972  
2289035913969 0.010071 0.055527 9.930099  
2289055719877 -0.166992 -0.171783 9.824814  
2289075525786 -0.104782 -0.138290 9.559219  
2289095362211 -0.013855 0.031601 10.004288  
2289115168120 -0.195709 -0.229218 9.669281  
