2288440877775 1018.464539  
2288474202970 1018.455322  
2288507528165 1018.460022  
2288540857817 1018.465332  
2288574183012 1018.471741  
2288607508207 1018.473328  
2288640833403 1018.472900  
2288674158598 1018.475159  
2288707483793 1018.470703  
2288740808989 1018.474060  
2288774134184 1018.471924  
2288807459379 1018.476257  
2288840784575 1018.467041  
2288874109770 1018.469971  
2288907434965 1018.454590  
2288940760161 1018.460022  
2288974085356 1018.451904  
2289007410551 1018.456238  
2289040735746 1018.453064  
2289074060942 1018.452942  
2289107386137 1018.450012  
2289140711332 1018.466003  
2289174036528 1018.454041  
2289207361723 1018.462952  
2289240686918 1018.464600  
2289274012114 1018.479980  
2289307337309 1018.479980  
2289340662504 1018.496765  
2289373987700 1018.497070  
2289407312895 1018.500000  
2289440638090 1018.487000  
2289473963286 1018.488098  
2289507288481 1018.474060  
2289540613676 1018.489258  
2289573938871 1018.481873  
2289607264067 1018.498840  
2289640589262 1018.489990  
2289673914457 1018.491150  
2289707239653 1018.477051  
2289740564848 1018.476318  
2289773890043 1018.471741  
2289807215239 1018.471191  
2289840540434 1018.470642  
2289873865629 1018.467590  
2289907190825 1018.465820  
2289940516020 1018.467041  
2289973841215 1018.469971  
2290007166411 1018.464172  
2290040491606 1018.469666  
2290073816801 1018.465332  
2290107141996 1018.465759  
2290140467192 1018.459656  
2290173792387 1018.459229  
2290207117582 1018.461365  
2290240442778 1018.466614  
2290273767973 1018.469971  
2290307093168 1018.478333  
2290340418364 1018.483704  
2290373743559 1018.489990  
2290407068754 1018.489990  
2290440393950 1018.493347  
2290473719145 1018.479553  
2290507044340 1018.488525  
2290540369536 1018.491150  
2290573694731 1018.566101  
2290607019926 1018.608398  
2290640345121 1018.616394  
2290673670317 1018.610046  
2290706995512 1018.585938  
2290740320707 1018.494873  
2290773645903 1018.452698  
