# Created at Tue Jun 01 16:01:23 GMT+02:00 2021 in Burnaby Canada 
2285191091398 -0.007222 0.000045 0.707110 0.707067 
2285210897306 -0.007222 0.000049 0.707110 0.707067 
2285230703214 -0.007232 0.000030 0.707110 0.707067 
2285250539640 -0.007236 0.000018 0.707109 0.707067 
2285270376066 -0.007240 0.000011 0.707109 0.707067 
2285290181974 -0.007236 0.000031 0.707110 0.707067 
2285310018400 -0.007242 0.000021 0.707109 0.707067 
2285329824308 -0.007263 0.000015 0.707109 0.707067 
2285349660734 -0.007261 0.000014 0.707109 0.707067 
2285369466642 -0.007269 0.000019 0.707109 0.707067 
2285389272550 -0.007260 0.000029 0.707109 0.707067 
2285409108976 -0.007283 0.000036 0.707109 0.707067 
2285428914884 -0.007305 0.000043 0.707109 0.707067 
2285448720792 -0.007312 0.000046 0.707109 0.707067 
2285468557218 -0.007338 0.000059 0.707109 0.707066 
2285488363126 -0.007356 0.000057 0.707109 0.707066 
2285508169035 -0.007367 0.000071 0.707109 0.707066 
2285528005460 -0.007372 0.000074 0.707109 0.707066 
2285547841886 -0.007380 0.000074 0.707109 0.707066 
2285567647794 -0.007388 0.000058 0.707109 0.707066 
2285587484220 -0.007399 0.000044 0.707109 0.707066 
2285607290128 -0.007405 0.000039 0.707109 0.707066 
2285627096037 -0.007395 0.000035 0.707109 0.707066 
2285646932462 -0.007376 0.000039 0.707109 0.707066 
2285666738371 -0.007367 0.000029 0.707109 0.707066 
2285686544279 -0.007365 0.000030 0.707109 0.707066 
2285706380705 -0.007356 0.000026 0.707109 0.707066 
2285726186613 -0.007372 0.000026 0.707109 0.707066 
2285745992521 -0.007367 0.000014 0.707109 0.707066 
2285765828947 -0.007349 -0.000026 0.707109 0.707067 
2285785634855 -0.007344 -0.000037 0.707109 0.707067 
2285805440763 -0.007350 -0.000047 0.707108 0.707067 
2285825277189 -0.007365 -0.000037 0.707108 0.707067 
2285845113615 -0.007365 -0.000058 0.707108 0.707067 
2285864919523 -0.007367 -0.000059 0.707108 0.707067 
2285884755949 -0.007361 -0.000057 0.707108 0.707067 
2285904561857 -0.007364 -0.000053 0.707108 0.707067 
2285924367765 -0.007370 -0.000029 0.707108 0.707067 
2285944204191 -0.007348 -0.000017 0.707109 0.707067 
2285964010099 -0.007334 -0.000013 0.707109 0.707067 
2285983816007 -0.007310 -0.000005 0.707109 0.707067 
2286003652433 -0.007303 -0.000002 0.707109 0.707067 
2286023458341 -0.007303 0.000001 0.707109 0.707067 
2286043264249 -0.007311 -0.000016 0.707109 0.707067 
2286063100675 -0.007294 -0.000023 0.707109 0.707067 
2286082906583 -0.007288 -0.000042 0.707109 0.707067 
2286102743009 -0.007288 -0.000027 0.707109 0.707067 
2286122579435 -0.007279 -0.000038 0.707109 0.707067 
2286142385343 -0.007274 -0.000033 0.707109 0.707067 
2286162221769 -0.007252 -0.000035 0.707109 0.707067 
2286182027677 -0.007244 -0.000017 0.707109 0.707067 
2286201833585 -0.007246 -0.000025 0.707109 0.707067 
2286221670011 -0.007302 -0.000041 0.707109 0.707067 
2286241475919 -0.007250 -0.000005 0.707109 0.707067 
2286261281828 -0.007327 -0.000017 0.707109 0.707067 
2286281118253 -0.007130 0.000004 0.707110 0.707068 
2286300924162 -0.007376 -0.000024 0.707108 0.707067 
2286320730070 -0.007471 -0.000055 0.707108 0.707066 
2286340566496 -0.007230 -0.000028 0.707109 0.707067 
2286360372404 -0.007219 0.000019 0.707109 0.707067 
2286380178312 -0.007502 -0.000008 0.707108 0.707066 
2286400014738 -0.007397 -0.000025 0.707108 0.707067 
2286419851164 -0.007172 0.000022 0.707110 0.707067 
2286439657072 -0.007398 0.000021 0.707109 0.707066 
2286459493498 -0.007398 0.000018 0.707109 0.707066 
2286479299406 -0.007358 0.000012 0.707109 0.707067 
2286499105314 -0.007378 0.000001 0.707109 0.707067 
2286518941740 -0.007396 -0.000002 0.707108 0.707066 
2286538747648 -0.007343 0.000007 0.707109 0.707067 
2286558553556 -0.007333 0.000000 0.707109 0.707067 
2286578389982 -0.007383 -0.000010 0.707108 0.707067 
2286598195890 -0.007351 -0.000002 0.707109 0.707067 
2286618001798 -0.007345 0.000000 0.707109 0.707067 
2286637838224 -0.007379 0.000005 0.707109 0.707066 
2286657644132 -0.007336 0.000005 0.707109 0.707067 
2286677450040 -0.007336 0.000000 0.707109 0.707067 
2286697286466 -0.007371 -0.000010 0.707109 0.707067 
2286717122892 -0.007328 -0.000011 0.707109 0.707067 
2286736928800 -0.007333 -0.000019 0.707109 0.707067 
2286756765226 -0.007365 -0.000015 0.707109 0.707067 
2286776571134 -0.007313 -0.000006 0.707109 0.707067 
2286796377042 -0.007338 0.000004 0.707109 0.707067 
2286816213468 -0.007370 0.000008 0.707109 0.707067 
2286836019376 -0.007330 0.000015 0.707109 0.707067 
2286855855802 -0.007343 0.000008 0.707109 0.707067 
2286875661710 -0.007375 -0.000003 0.707109 0.707067 
2286895467619 -0.007333 0.000010 0.707109 0.707067 
2286915304044 -0.007343 0.000009 0.707109 0.707067 
2286935109953 -0.007351 -0.000002 0.707109 0.707067 
2286954915861 -0.007287 0.000003 0.707109 0.707067 
2286974752287 -0.007302 0.000001 0.707109 0.707067 
2286994588712 -0.007347 -0.000001 0.707109 0.707067 
2287014394621 -0.007323 0.000013 0.707109 0.707067 
2287034231046 -0.007380 0.000024 0.707109 0.707066 
2287054036955 -0.007417 0.000037 0.707109 0.707066 
2287073842863 -0.007394 0.000036 0.707109 0.707066 
2287093679289 -0.007463 0.000040 0.707108 0.707066 
2287113485197 -0.007492 0.000038 0.707108 0.707066 
2287133291105 -0.007480 0.000044 0.707108 0.707066 
2287153127531 -0.007554 0.000045 0.707108 0.707065 
2287172933439 -0.007574 0.000042 0.707108 0.707065 
2287192739347 -0.007556 0.000056 0.707108 0.707065 
2287212575773 -0.007584 0.000039 0.707108 0.707065 
2287232381681 -0.007552 0.000032 0.707108 0.707065 
2287252218107 -0.007543 0.000029 0.707108 0.707065 
2287272054533 -0.007509 0.000034 0.707108 0.707066 
2287291860441 -0.007490 0.000038 0.707108 0.707066 
2287311666349 -0.007447 0.000042 0.707108 0.707066 
2287331502775 -0.007422 0.000064 0.707109 0.707066 
2287351308683 -0.007384 0.000063 0.707109 0.707066 
2287371114591 -0.007371 0.000065 0.707109 0.707066 
2287390951017 -0.007416 0.000061 0.707109 0.707066 
2287410756925 -0.007370 0.000064 0.707109 0.707066 
2287430562833 -0.007380 0.000073 0.707109 0.707066 
2287450399259 -0.007416 0.000085 0.707109 0.707066 
2287470205167 -0.007365 0.000091 0.707109 0.707066 
2287490011076 -0.007391 0.000081 0.707109 0.707066 
2287509847501 -0.007405 0.000067 0.707109 0.707066 
2287529653410 -0.007347 0.000064 0.707109 0.707066 
2287549489835 -0.007382 0.000050 0.707109 0.707066 
2287569326261 -0.007381 0.000056 0.707109 0.707066 
2287589132169 -0.007339 0.000062 0.707109 0.707066 
2287608968595 -0.007386 0.000061 0.707109 0.707066 
2287628774503 -0.007359 0.000064 0.707109 0.707066 
2287648580412 -0.007329 0.000069 0.707109 0.707066 
2287668416837 -0.007378 0.000068 0.707109 0.707066 
2287688222746 -0.007336 0.000072 0.707109 0.707066 
2287708028654 -0.007331 0.000067 0.707109 0.707066 
2287727865080 -0.007378 0.000063 0.707109 0.707066 
2287747670988 -0.007331 0.000063 0.707109 0.707066 
2287767476896 -0.007352 0.000066 0.707109 0.707066 
2287787313322 -0.007355 0.000069 0.707109 0.707066 
2287807119230 -0.007295 0.000063 0.707109 0.707067 
2287826955656 -0.007320 0.000054 0.707109 0.707067 
2287846792081 -0.007326 0.000048 0.707109 0.707067 
2287866597990 -0.007286 0.000044 0.707109 0.707067 
2287886434415 -0.007315 0.000041 0.707109 0.707067 
2287906240324 -0.007313 0.000032 0.707109 0.707067 
2287926046232 -0.007280 0.000032 0.707109 0.707067 
2287945882658 -0.007337 0.000039 0.707109 0.707067 
2287965688566 -0.007314 0.000034 0.707109 0.707067 
2287985494474 -0.007298 0.000028 0.707109 0.707067 
2288005330900 -0.007340 0.000033 0.707109 0.707067 
2288025136808 -0.007292 0.000041 0.707109 0.707067 
2288044942716 -0.007294 0.000034 0.707109 0.707067 
2288064779142 -0.007328 0.000035 0.707109 0.707067 
2288084585050 -0.007281 0.000037 0.707109 0.707067 
2288104390958 -0.007300 0.000043 0.707109 0.707067 
2288124227384 -0.007329 0.000057 0.707109 0.707066 
2288144063810 -0.007278 0.000061 0.707109 0.707067 
2288163869718 -0.007313 0.000048 0.707109 0.707067 
2288183706144 -0.007306 0.000050 0.707109 0.707067 
2288203512052 -0.007270 0.000046 0.707109 0.707067 
2288223317960 -0.007309 0.000051 0.707109 0.707067 
2288243154386 -0.007292 0.000046 0.707109 0.707067 
2288262960294 -0.007272 0.000043 0.707109 0.707067 
2288282766203 -0.007336 0.000040 0.707109 0.707067 
2288302602628 -0.007332 0.000045 0.707109 0.707067 
2288322408537 -0.007321 0.000041 0.707109 0.707067 
2288342244962 -0.007368 0.000038 0.707109 0.707066 
2288362050871 -0.007326 0.000055 0.707109 0.707066 
2288381856779 -0.007328 0.000050 0.707109 0.707066 
2288401693205 -0.007360 0.000038 0.707109 0.707066 
2288421529630 -0.007320 0.000048 0.707109 0.707067 
2288441335539 -0.007341 0.000035 0.707109 0.707067 
2288461171964 -0.007374 0.000042 0.707109 0.707066 
2288480977873 -0.007323 0.000045 0.707109 0.707067 
2288500783781 -0.007369 0.000058 0.707109 0.707066 
2288520620206 -0.007370 0.000065 0.707109 0.707066 
2288540430571 -0.007335 0.000062 0.707109 0.707066 
2288560236479 -0.007377 0.000045 0.707109 0.707066 
2288580072905 -0.007372 0.000047 0.707109 0.707066 
2288599878813 -0.007329 0.000043 0.707109 0.707067 
2288619684721 -0.007376 0.000025 0.707109 0.707066 
2288639521147 -0.007346 0.000022 0.707109 0.707067 
2288659327055 -0.007334 0.000018 0.707109 0.707067 
2288679132963 -0.007373 0.000025 0.707109 0.707066 
2288698969389 -0.007320 0.000031 0.707109 0.707067 
2288718805815 -0.007327 0.000023 0.707109 0.707067 
2288738611723 -0.007353 0.000027 0.707109 0.707067 
2288758448149 -0.007293 0.000022 0.707109 0.707067 
2288778254057 -0.007311 0.000037 0.707109 0.707067 
2288798090483 -0.007312 0.000034 0.707109 0.707067 
2288817896391 -0.007263 0.000038 0.707109 0.707067 
2288837702299 -0.007308 0.000039 0.707109 0.707067 
2288857538725 -0.007293 0.000049 0.707109 0.707067 
2288877344633 -0.007268 0.000044 0.707109 0.707067 
2288897150541 -0.007318 0.000041 0.707109 0.707067 
2288916986967 -0.007280 0.000043 0.707109 0.707067 
2288936792875 -0.007278 0.000046 0.707109 0.707067 
2288956598784 -0.007327 0.000041 0.707109 0.707067 
2288976435209 -0.007282 0.000040 0.707109 0.707067 
2288996271635 -0.007291 0.000051 0.707109 0.707067 
2289016077543 -0.007319 0.000055 0.707109 0.707067 
2289035913969 -0.007266 0.000061 0.707109 0.707067 
2289055719877 -0.007304 0.000056 0.707109 0.707067 
2289075525786 -0.007309 0.000064 0.707109 0.707067 
2289095362211 -0.007265 0.000069 0.707110 0.707067 
2289115168120 -0.007319 0.000060 0.707109 0.707066 
2289134974028 -0.007297 0.000071 0.707109 0.707067 
2289154810454 -0.007274 0.000057 0.707109 0.707067 
2289174616362 -0.007324 0.000050 0.707109 0.707067 
2289194422270 -0.007272 0.000060 0.707109 0.707067 
2289214258696 -0.007272 0.000063 0.707109 0.707067 
2289234064604 -0.007317 0.000066 0.707109 0.707066 
2289253901030 -0.007283 0.000066 0.707109 0.707067 
2289273737455 -0.007319 0.000063 0.707109 0.707066 
2289293543364 -0.007329 0.000050 0.707109 0.707066 
2289313379789 -0.007282 0.000054 0.707109 0.707067 
2289333185698 -0.007328 0.000054 0.707109 0.707066 
2289352991606 -0.007309 0.000047 0.707109 0.707067 
2289372828032 -0.007280 0.000054 0.707109 0.707067 
2289392633940 -0.007322 0.000043 0.707109 0.707067 
2289412439848 -0.007295 0.000050 0.707109 0.707067 
2289432276274 -0.007292 0.000061 0.707109 0.707067 
2289452082182 -0.007327 0.000063 0.707109 0.707066 
2289471888090 -0.007285 0.000074 0.707109 0.707067 
2289491724516 -0.007306 0.000064 0.707109 0.707067 
2289511530424 -0.007312 0.000063 0.707109 0.707067 
2289531336332 -0.007264 0.000052 0.707109 0.707067 
2289551172758 -0.007294 0.000035 0.707109 0.707067 
2289571009184 -0.007285 0.000036 0.707109 0.707067 
2289590815092 -0.007255 0.000043 0.707109 0.707067 
2289610651518 -0.007306 0.000041 0.707109 0.707067 
2289630457426 -0.007271 0.000053 0.707109 0.707067 
2289650293852 -0.007256 0.000054 0.707109 0.707067 
2289670099760 -0.007299 0.000051 0.707109 0.707067 
2289689905668 -0.007262 0.000063 0.707110 0.707067 
2289709711577 -0.007273 0.000062 0.707109 0.707067 
2289729548002 -0.007289 0.000067 0.707109 0.707067 
2289749353911 -0.007241 0.000071 0.707110 0.707067 
2289769159819 -0.007283 0.000072 0.707109 0.707067 
2289788996245 -0.007274 0.000080 0.707109 0.707067 
2289808802153 -0.007246 0.000076 0.707110 0.707067 
2289828638579 -0.007296 0.000077 0.707109 0.707067 
2289848475004 -0.007260 0.000091 0.707110 0.707067 
2289868280912 -0.007252 0.000093 0.707110 0.707067 
2289888117338 -0.007305 0.000098 0.707109 0.707066 
2289907923246 -0.007250 0.000108 0.707110 0.707067 
2289927729155 -0.007258 0.000107 0.707110 0.707067 
2289947565580 -0.007290 0.000101 0.707110 0.707066 
2289967371489 -0.007238 0.000107 0.707110 0.707067 
2289987177397 -0.007275 0.000111 0.707110 0.707066 
2290007013823 -0.007278 0.000126 0.707110 0.707066 
2290026819731 -0.007247 0.000141 0.707110 0.707066 
2290046656157 -0.007285 0.000148 0.707110 0.707066 
2290066462065 -0.007267 0.000141 0.707110 0.707066 
2290086267973 -0.007215 0.000127 0.707110 0.707067 
2290106104399 -0.007247 0.000125 0.707110 0.707067 
2290125940825 -0.007218 0.000120 0.707110 0.707067 
2290145746733 -0.007200 0.000104 0.707110 0.707067 
2290165583159 -0.007250 0.000119 0.707110 0.707067 
2290185389067 -0.007206 0.000135 0.707110 0.707067 
2290205194975 -0.007218 0.000125 0.707110 0.707067 
2290225031401 -0.007244 0.000125 0.707110 0.707067 
2290244837309 -0.007184 0.000121 0.707110 0.707067 
2290264643217 -0.007221 0.000125 0.707110 0.707067 
2290284479643 -0.007227 0.000122 0.707110 0.707067 
2290304285551 -0.007196 0.000136 0.707110 0.707067 
2290324091459 -0.007237 0.000125 0.707110 0.707067 
2290343927885 -0.007204 0.000137 0.707110 0.707067 
2290363733793 -0.007200 0.000128 0.707110 0.707067 
2290383539702 -0.007237 0.000134 0.707110 0.707067 
2290403376127 -0.007189 0.000152 0.707110 0.707067 
2290423212553 -0.007190 0.000158 0.707110 0.707067 
2290443048979 -0.007210 0.000145 0.707110 0.707067 
2290462854887 -0.007160 0.000149 0.707110 0.707067 
2290482660795 -0.007202 0.000150 0.707110 0.707067 
2290502497221 -0.007184 0.000134 0.707110 0.707067 
2290522303129 -0.007177 0.000146 0.707110 0.707067 
2290542109037 -0.007187 0.000149 0.707110 0.707067 
2290561945463 -0.007118 0.000234 0.707111 0.707067 
2290581751371 -0.007095 0.000255 0.707111 0.707067 
2290601557280 -0.007148 0.000222 0.707111 0.707067 
2290621393705 -0.007158 0.000164 0.707111 0.707067 
2290641199614 -0.007146 0.000143 0.707110 0.707067 
2290661005522 -0.007196 0.000124 0.707110 0.707067 
2290680841948 -0.007181 0.000126 0.707110 0.707067 
2290700678373 -0.007173 0.000130 0.707110 0.707067 
2290720484282 -0.007223 0.000126 0.707110 0.707067 
2290740320707 -0.007198 0.000126 0.707110 0.707067 
2290760126616 -0.007205 0.000138 0.707110 0.707067 
2290779932524 -0.007207 0.000135 0.707110 0.707067 
