# Created at Tue Jun 01 16:01:23 GMT+02:00 2021 in Burnaby Canada 
2285175008634 1018.626282 
2285208333830 1018.619934 
2285241659025 1018.611511 
2285274984220 1018.559509 
2285308309415 1018.447998 
2285341634611 1018.431580 
2285374959806 1018.436279 
2285408285001 1018.440002 
2285441610197 1018.434570 
2285474935392 1018.429993 
2285508260587 1018.429993 
2285541585783 1018.429993 
2285574910978 1018.429993 
2285608236173 1018.431335 
2285641561369 1018.440002 
2285674886564 1018.440002 
2285708211759 1018.444153 
2285741536955 1018.447693 
2285774862150 1018.440002 
2285808187345 1018.444092 
2285841512540 1018.450012 
2285874837736 1018.450012 
2285908162931 1018.452942 
2285941488126 1018.450012 
2285974813322 1018.450012 
2286008138517 1018.450012 
2286041463712 1018.452209 
2286074788908 1018.460022 
2286108114103 1018.455994 
2286141439298 1018.452942 
2286174764494 1018.450012 
2286208089689 1018.450012 
2286241414884 1018.450012 
2286274740080 1018.452942 
2286308065275 1018.438965 
2286341390470 1018.432922 
2286374715665 1018.423828 
2286408040861 1018.413147 
2286441366056 1018.414856 
2286474691251 1018.419983 
2286508016447 1018.429993 
2286541341642 1018.429993 
2286574666837 1018.429993 
2286607992033 1018.437012 
2286641317228 1018.440002 
2286674642423 1018.436951 
2286707967619 1018.440857 
2286741292814 1018.455872 
2286774618009 1018.455872 
2286807943205 1018.469971 
2286841268400 1018.462158 
2286874593595 1018.460022 
2286907918790 1018.460022 
2286941243986 1018.460022 
2286974569181 1018.451172 
2287007894376 1018.456726 
2287041219572 1018.449280 
2287074544767 1018.447021 
2287107869962 1018.444031 
2287141195158 1018.454773 
2287174520353 1018.451172 
2287207845548 1018.457275 
2287241170744 1018.460632 
2287274495939 1018.447021 
2287307821134 1018.440125 
2287341146330 1018.447571 
2287374471525 1018.447266 
2287407796720 1018.447205 
2287441121915 1018.460022 
2287474447111 1018.460022 
2287507772306 1018.459473 
2287541097501 1018.451599 
2287574422697 1018.454346 
2287607747892 1018.440247 
2287641073087 1018.435486 
2287674398283 1018.432617 
2287707723478 1018.443054 
2287741048673 1018.445984 
2287774373869 1018.460022 
2287807699064 1018.469727 
2287841024259 1018.472717 
2287874349455 1018.475403 
2287907674650 1018.479980 
2287940999845 1018.484375 
2287974325040 1018.484558 
2288007650236 1018.479980 
2288040975431 1018.475586 
2288074300626 1018.469971 
2288107625822 1018.460388 
2288140951017 1018.461365 
2288174276212 1018.461609 
2288207601408 1018.463379 
2288240926603 1018.462708 
2288274251798 1018.470764 
2288307576994 1018.470520 
2288340902189 1018.472961 
2288374227384 1018.469971 
2288407552580 1018.476257 
2288440877775 1018.464539 
2288474202970 1018.455322 
2288507528165 1018.460022 
2288540857817 1018.465332 
2288574183012 1018.471741 
2288607508207 1018.473328 
2288640833403 1018.472900 
2288674158598 1018.475159 
2288707483793 1018.470703 
2288740808989 1018.474060 
2288774134184 1018.471924 
2288807459379 1018.476257 
2288840784575 1018.467041 
2288874109770 1018.469971 
2288907434965 1018.454590 
2288940760161 1018.460022 
2288974085356 1018.451904 
2289007410551 1018.456238 
2289040735746 1018.453064 
2289074060942 1018.452942 
2289107386137 1018.450012 
2289140711332 1018.466003 
2289174036528 1018.454041 
2289207361723 1018.462952 
2289240686918 1018.464600 
2289274012114 1018.479980 
2289307337309 1018.479980 
2289340662504 1018.496765 
2289373987700 1018.497070 
2289407312895 1018.500000 
2289440638090 1018.487000 
2289473963286 1018.488098 
2289507288481 1018.474060 
2289540613676 1018.489258 
2289573938871 1018.481873 
2289607264067 1018.498840 
2289640589262 1018.489990 
2289673914457 1018.491150 
2289707239653 1018.477051 
2289740564848 1018.476318 
2289773890043 1018.471741 
2289807215239 1018.471191 
2289840540434 1018.470642 
2289873865629 1018.467590 
2289907190825 1018.465820 
2289940516020 1018.467041 
2289973841215 1018.469971 
2290007166411 1018.464172 
2290040491606 1018.469666 
2290073816801 1018.465332 
2290107141996 1018.465759 
2290140467192 1018.459656 
2290173792387 1018.459229 
2290207117582 1018.461365 
2290240442778 1018.466614 
2290273767973 1018.469971 
2290307093168 1018.478333 
2290340418364 1018.483704 
2290373743559 1018.489990 
2290407068754 1018.489990 
2290440393950 1018.493347 
2290473719145 1018.479553 
2290507044340 1018.488525 
2290540369536 1018.491150 
2290573694731 1018.566101 
2290607019926 1018.608398 
2290640345121 1018.616394 
2290673670317 1018.610046 
2290706995512 1018.585938 
2290740320707 1018.494873 
2290773645903 1018.452698 
