# Created at Tue Jun 01 16:01:23 GMT+02:00 2021 in Burnaby Canada 
2285191091398 0.005113 0.005101 -0.999961 0.005123 
2285210897306 0.005115 0.005098 -0.999961 0.005121 
2285230703214 0.005109 0.005118 -0.999961 0.005126 
2285250539640 0.005103 0.005130 -0.999961 0.005130 
2285270376066 0.005102 0.005138 -0.999961 0.005132 
2285290181974 0.005112 0.005120 -0.999961 0.005124 
2285310018400 0.005110 0.005132 -0.999961 0.005125 
2285329824308 0.005120 0.005151 -0.999961 0.005118 
2285349660734 0.005118 0.005150 -0.999961 0.005119 
2285369466642 0.005128 0.005153 -0.999961 0.005112 
2285389272550 0.005128 0.005139 -0.999961 0.005111 
2285409108976 0.005149 0.005151 -0.999960 0.005095 
2285428914884 0.005170 0.005161 -0.999960 0.005079 
2285448720792 0.005177 0.005164 -0.999960 0.005074 
2285468557218 0.005205 0.005174 -0.999960 0.005053 
2285488363126 0.005215 0.005187 -0.999960 0.005044 
2285508169035 0.005234 0.005185 -0.999960 0.005030 
2285528005460 0.005239 0.005187 -0.999960 0.005026 
2285547841886 0.005245 0.005193 -0.999960 0.005021 
2285567647794 0.005239 0.005210 -0.999960 0.005026 
2285587484220 0.005237 0.005227 -0.999960 0.005028 
2285607290128 0.005238 0.005235 -0.999960 0.005027 
2285627096037 0.005227 0.005230 -0.999960 0.005035 
2285646932462 0.005217 0.005214 -0.999960 0.005043 
2285666738371 0.005204 0.005215 -0.999960 0.005053 
2285686544279 0.005203 0.005212 -0.999960 0.005054 
2285706380705 0.005194 0.005209 -0.999960 0.005061 
2285726186613 0.005205 0.005221 -0.999960 0.005052 
2285745992521 0.005192 0.005225 -0.999960 0.005062 
2285765828947 0.005152 0.005242 -0.999960 0.005093 
2285785634855 0.005140 0.005245 -0.999960 0.005102 
2285805440763 0.005138 0.005257 -0.999960 0.005104 
2285825277189 0.005155 0.005260 -0.999960 0.005090 
2285845113615 0.005140 0.005275 -0.999960 0.005102 
2285864919523 0.005141 0.005278 -0.999960 0.005101 
2285884755949 0.005138 0.005272 -0.999960 0.005104 
2285904561857 0.005143 0.005270 -0.999960 0.005100 
2285924367765 0.005164 0.005258 -0.999960 0.005083 
2285944204191 0.005157 0.005234 -0.999960 0.005089 
2285964010099 0.005150 0.005222 -0.999960 0.005094 
2285983816007 0.005139 0.005198 -0.999960 0.005103 
2286003652433 0.005137 0.005192 -0.999960 0.005105 
2286023458341 0.005139 0.005189 -0.999960 0.005103 
2286043264249 0.005133 0.005207 -0.999960 0.005108 
2286063100675 0.005114 0.005200 -0.999960 0.005122 
2286082906583 0.005097 0.005209 -0.999960 0.005136 
2286102743009 0.005108 0.005198 -0.999960 0.005127 
2286122579435 0.005094 0.005200 -0.999960 0.005138 
2286142385343 0.005093 0.005193 -0.999960 0.005138 
2286162221769 0.005076 0.005178 -0.999960 0.005151 
2286182027677 0.005084 0.005161 -0.999961 0.005145 
2286201833585 0.005080 0.005168 -0.999960 0.005148 
2286221670011 0.005108 0.005218 -0.999960 0.005127 
2286241475919 0.005097 0.005156 -0.999961 0.005135 
2286261281828 0.005143 0.005219 -0.999960 0.005100 
2286281118253 0.005019 0.005065 -0.999961 0.005195 
2286300924162 0.005172 0.005259 -0.999960 0.005078 
2286320730070 0.005217 0.005348 -0.999959 0.005043 
2286340566496 0.005066 0.005158 -0.999961 0.005159 
2286360372404 0.005092 0.005118 -0.999961 0.005139 
2286380178312 0.005272 0.005337 -0.999959 0.005000 
2286400014738 0.005186 0.005274 -0.999960 0.005067 
2286419851164 0.005061 0.005082 -0.999961 0.005163 
2286439657072 0.005220 0.005243 -0.999960 0.005041 
2286459493498 0.005218 0.005245 -0.999960 0.005042 
2286479299406 0.005185 0.005221 -0.999960 0.005068 
2286499105314 0.005192 0.005242 -0.999960 0.005062 
2286518941740 0.005202 0.005257 -0.999960 0.005054 
2286538747648 0.005171 0.005214 -0.999960 0.005078 
2286558553556 0.005159 0.005211 -0.999960 0.005087 
2286578389982 0.005187 0.005254 -0.999960 0.005066 
2286598195890 0.005171 0.005225 -0.999960 0.005079 
2286618001798 0.005167 0.005219 -0.999960 0.005081 
2286637838224 0.005195 0.005240 -0.999960 0.005060 
2286657644132 0.005164 0.005210 -0.999960 0.005083 
2286677450040 0.005161 0.005213 -0.999960 0.005086 
2286697286466 0.005178 0.005245 -0.999960 0.005073 
2286717122892 0.005148 0.005215 -0.999960 0.005096 
2286736928800 0.005145 0.005224 -0.999960 0.005098 
2286756765226 0.005171 0.005245 -0.999960 0.005078 
2286776571134 0.005140 0.005201 -0.999960 0.005102 
2286796377042 0.005165 0.005212 -0.999960 0.005083 
2286816213468 0.005191 0.005232 -0.999960 0.005063 
2286836019376 0.005168 0.005199 -0.999960 0.005081 
2286855855802 0.005172 0.005213 -0.999960 0.005077 
2286875661710 0.005187 0.005243 -0.999960 0.005066 
2286895467619 0.005166 0.005205 -0.999960 0.005082 
2286915304044 0.005172 0.005212 -0.999960 0.005077 
2286935109953 0.005170 0.005225 -0.999960 0.005079 
2286954915861 0.005128 0.005177 -0.999960 0.005111 
2286974752287 0.005138 0.005189 -0.999960 0.005104 
2286994588712 0.005168 0.005222 -0.999960 0.005080 
2287014394621 0.005161 0.005195 -0.999960 0.005086 
2287034231046 0.005209 0.005228 -0.999960 0.005049 
2287054036955 0.005245 0.005245 -0.999960 0.005021 
2287073842863 0.005227 0.005229 -0.999960 0.005035 
2287093679289 0.005279 0.005276 -0.999960 0.004995 
2287113485197 0.005299 0.005297 -0.999960 0.004980 
2287133291105 0.005294 0.005285 -0.999960 0.004984 
2287153127531 0.005347 0.005336 -0.999959 0.004943 
2287172933439 0.005359 0.005353 -0.999959 0.004933 
2287192739347 0.005357 0.005330 -0.999959 0.004935 
2287212575773 0.005364 0.005361 -0.999959 0.004929 
2287232381681 0.005337 0.005343 -0.999959 0.004951 
2287252218107 0.005328 0.005340 -0.999959 0.004957 
2287272054533 0.005308 0.005312 -0.999959 0.004973 
2287291860441 0.005297 0.005296 -0.999960 0.004982 
2287311666349 0.005270 0.005262 -0.999960 0.005002 
2287331502775 0.005267 0.005229 -0.999960 0.005004 
2287351308683 0.005240 0.005203 -0.999960 0.005025 
2287371114591 0.005232 0.005193 -0.999960 0.005031 
2287390951017 0.005261 0.005227 -0.999960 0.005009 
2287410756925 0.005231 0.005192 -0.999960 0.005032 
2287430562833 0.005244 0.005193 -0.999960 0.005022 
2287450399259 0.005278 0.005210 -0.999960 0.004996 
2287470205167 0.005246 0.005170 -0.999960 0.005020 
2287490011076 0.005257 0.005195 -0.999960 0.005012 
2287509847501 0.005258 0.005215 -0.999960 0.005012 
2287529653410 0.005215 0.005176 -0.999960 0.005045 
2287549489835 0.005229 0.005211 -0.999960 0.005033 
2287569326261 0.005233 0.005206 -0.999960 0.005031 
2287589132169 0.005208 0.005172 -0.999960 0.005050 
2287608968595 0.005240 0.005206 -0.999960 0.005025 
2287628774503 0.005222 0.005185 -0.999960 0.005039 
2287648580412 0.005205 0.005160 -0.999960 0.005052 
2287668416837 0.005239 0.005196 -0.999960 0.005026 
2287688222746 0.005212 0.005163 -0.999960 0.005047 
2287708028654 0.005205 0.005162 -0.999960 0.005052 
2287727865080 0.005235 0.005198 -0.999960 0.005029 
2287747670988 0.005203 0.005166 -0.999960 0.005054 
2287767476896 0.005219 0.005178 -0.999960 0.005041 
2287787313322 0.005224 0.005178 -0.999960 0.005038 
2287807119230 0.005177 0.005139 -0.999961 0.005074 
2287826955656 0.005189 0.005164 -0.999960 0.005065 
2287846792081 0.005189 0.005173 -0.999960 0.005065 
2287866597990 0.005157 0.005147 -0.999960 0.005089 
2287886434415 0.005176 0.005170 -0.999960 0.005075 
2287906240324 0.005167 0.005174 -0.999960 0.005081 
2287926046232 0.005144 0.005151 -0.999960 0.005099 
2287945882658 0.005189 0.005187 -0.999960 0.005064 
2287965688566 0.005170 0.005173 -0.999960 0.005079 
2287985494474 0.005154 0.005167 -0.999960 0.005092 
2288005330900 0.005187 0.005193 -0.999960 0.005066 
2288025136808 0.005159 0.005153 -0.999960 0.005088 
2288044942716 0.005155 0.005160 -0.999960 0.005090 
2288064779142 0.005181 0.005183 -0.999960 0.005071 
2288084585050 0.005149 0.005149 -0.999960 0.005096 
2288104390958 0.005167 0.005157 -0.999960 0.005082 
2288124227384 0.005197 0.005168 -0.999960 0.005059 
2288144063810 0.005164 0.005129 -0.999961 0.005084 
2288163869718 0.005179 0.005163 -0.999960 0.005072 
2288183706144 0.005175 0.005157 -0.999960 0.005075 
2288203512052 0.005147 0.005135 -0.999961 0.005097 
2288223317960 0.005178 0.005159 -0.999960 0.005073 
2288243154386 0.005163 0.005150 -0.999960 0.005085 
2288262960294 0.005146 0.005138 -0.999961 0.005097 
2288282766203 0.005190 0.005185 -0.999960 0.005064 
2288302602628 0.005190 0.005178 -0.999960 0.005063 
2288322408537 0.005180 0.005173 -0.999960 0.005072 
2288342244962 0.005211 0.005209 -0.999960 0.005048 
2288362050871 0.005193 0.005167 -0.999960 0.005061 
2288381856779 0.005191 0.005172 -0.999960 0.005063 
2288401693205 0.005205 0.005204 -0.999960 0.005052 
2288421529630 0.005183 0.005168 -0.999960 0.005069 
2288441335539 0.005189 0.005192 -0.999960 0.005064 
2288461171964 0.005218 0.005211 -0.999960 0.005042 
2288480977873 0.005184 0.005173 -0.999960 0.005068 
2288500783781 0.005226 0.005196 -0.999960 0.005036 
2288520620206 0.005232 0.005192 -0.999960 0.005032 
2288540430571 0.005204 0.005169 -0.999960 0.005053 
2288560236479 0.005222 0.005211 -0.999960 0.005039 
2288580072905 0.005220 0.005205 -0.999960 0.005041 
2288599878813 0.005187 0.005178 -0.999960 0.005066 
2288619684721 0.005207 0.005224 -0.999960 0.005051 
2288639521147 0.005184 0.005205 -0.999960 0.005069 
2288659327055 0.005173 0.005199 -0.999960 0.005077 
2288679132963 0.005205 0.005222 -0.999960 0.005052 
2288698969389 0.005172 0.005180 -0.999960 0.005078 
2288718805815 0.005171 0.005191 -0.999960 0.005078 
2288738611723 0.005192 0.005207 -0.999960 0.005062 
2288758448149 0.005147 0.005168 -0.999960 0.005097 
2288778254057 0.005170 0.005170 -0.999960 0.005079 
2288798090483 0.005168 0.005173 -0.999960 0.005080 
2288817896391 0.005136 0.005135 -0.999961 0.005105 
2288837702299 0.005169 0.005166 -0.999960 0.005080 
2288857538725 0.005166 0.005148 -0.999960 0.005082 
2288877344633 0.005144 0.005134 -0.999961 0.005099 
2288897150541 0.005177 0.005172 -0.999960 0.005073 
2288916986967 0.005153 0.005143 -0.999961 0.005093 
2288936792875 0.005153 0.005140 -0.999961 0.005092 
2288956598784 0.005183 0.005178 -0.999960 0.005069 
2288976435209 0.005152 0.005147 -0.999960 0.005093 
2288996271635 0.005166 0.005146 -0.999960 0.005082 
2289016077543 0.005188 0.005162 -0.999960 0.005065 
2289035913969 0.005155 0.005121 -0.999961 0.005091 
2289055719877 0.005179 0.005151 -0.999960 0.005072 
2289075525786 0.005188 0.005149 -0.999960 0.005065 
2289095362211 0.005160 0.005114 -0.999961 0.005087 
2289115168120 0.005192 0.005159 -0.999960 0.005062 
2289134974028 0.005184 0.005136 -0.999961 0.005068 
2289154810454 0.005158 0.005130 -0.999961 0.005089 
2289174616362 0.005189 0.005169 -0.999960 0.005065 
2289194422270 0.005159 0.005126 -0.999961 0.005088 
2289214258696 0.005160 0.005123 -0.999961 0.005086 
2289234064604 0.005194 0.005154 -0.999960 0.005060 
2289253901030 0.005171 0.005129 -0.999961 0.005078 
2289273737455 0.005194 0.005157 -0.999960 0.005061 
2289293543364 0.005192 0.005173 -0.999960 0.005062 
2289313379789 0.005162 0.005137 -0.999961 0.005086 
2289333185698 0.005193 0.005170 -0.999960 0.005061 
2289352991606 0.005175 0.005161 -0.999960 0.005075 
2289372828032 0.005160 0.005136 -0.999961 0.005087 
2289392633940 0.005182 0.005173 -0.999960 0.005070 
2289412439848 0.005168 0.005150 -0.999960 0.005081 
2289432276274 0.005173 0.005139 -0.999961 0.005077 
2289452082182 0.005200 0.005162 -0.999960 0.005056 
2289471888090 0.005178 0.005125 -0.999961 0.005073 
2289491724516 0.005185 0.005147 -0.999960 0.005068 
2289511530424 0.005189 0.005152 -0.999960 0.005064 
2289531336332 0.005148 0.005125 -0.999961 0.005096 
2289551172758 0.005156 0.005159 -0.999960 0.005090 
2289571009184 0.005150 0.005152 -0.999960 0.005094 
2289590815092 0.005135 0.005126 -0.999961 0.005106 
2289610651518 0.005169 0.005164 -0.999960 0.005080 
2289630457426 0.005153 0.005130 -0.999961 0.005092 
2289650293852 0.005143 0.005118 -0.999961 0.005100 
2289670099760 0.005171 0.005151 -0.999960 0.005078 
2289689905668 0.005153 0.005117 -0.999961 0.005092 
2289709711577 0.005161 0.005125 -0.999961 0.005086 
2289729548002 0.005175 0.005133 -0.999961 0.005075 
2289749353911 0.005145 0.005096 -0.999961 0.005099 
2289769159819 0.005175 0.005125 -0.999961 0.005075 
2289788996245 0.005174 0.005113 -0.999961 0.005076 
2289808802153 0.005152 0.005096 -0.999961 0.005093 
2289828638579 0.005187 0.005131 -0.999961 0.005066 
2289848475004 0.005172 0.005095 -0.999961 0.005078 
2289868280912 0.005168 0.005089 -0.999961 0.005081 
2289888117338 0.005209 0.005122 -0.999961 0.005049 
2289907923246 0.005177 0.005077 -0.999961 0.005074 
2289927729155 0.005182 0.005083 -0.999961 0.005070 
2289947565580 0.005200 0.005110 -0.999961 0.005056 
2289967371489 0.005168 0.005069 -0.999961 0.005081 
2289987177397 0.005197 0.005091 -0.999961 0.005058 
2290007013823 0.005211 0.005083 -0.999961 0.005048 
2290026819731 0.005199 0.005051 -0.999961 0.005057 
2290046656157 0.005230 0.005073 -0.999961 0.005033 
2290066462065 0.005213 0.005065 -0.999961 0.005046 
2290086267973 0.005166 0.005038 -0.999961 0.005082 
2290106104399 0.005187 0.005062 -0.999961 0.005066 
2290125940825 0.005163 0.005045 -0.999961 0.005085 
2290145746733 0.005139 0.005043 -0.999961 0.005103 
2290165583159 0.005185 0.005069 -0.999961 0.005068 
2290185389067 0.005166 0.005026 -0.999961 0.005082 
2290205194975 0.005167 0.005042 -0.999961 0.005082 
2290225031401 0.005186 0.005060 -0.999961 0.005067 
2290244837309 0.005140 0.005021 -0.999961 0.005103 
2290264643217 0.005169 0.005044 -0.999961 0.005080 
2290284479643 0.005171 0.005050 -0.999961 0.005078 
2290304285551 0.005159 0.005018 -0.999961 0.005088 
2290324091459 0.005180 0.005055 -0.999961 0.005071 
2290343927885 0.005166 0.005023 -0.999961 0.005083 
2290363733793 0.005156 0.005027 -0.999961 0.005090 
2290383539702 0.005187 0.005048 -0.999961 0.005066 
2290403376127 0.005166 0.005002 -0.999961 0.005083 
2290423212553 0.005171 0.004999 -0.999961 0.005079 
2290443048979 0.005176 0.005022 -0.999961 0.005075 
2290462854887 0.005143 0.004984 -0.999961 0.005100 
2290482660795 0.005173 0.005013 -0.999961 0.005077 
2290502497221 0.005149 0.005011 -0.999961 0.005095 
2290522303129 0.005153 0.004998 -0.999961 0.005092 
2290542109037 0.005163 0.005003 -0.999961 0.005085 
2290561945463 0.005174 0.004894 -0.999962 0.005077 
2290581751371 0.005173 0.004863 -0.999962 0.005077 
2290601557280 0.005187 0.004924 -0.999962 0.005066 
2290621393705 0.005153 0.004972 -0.999961 0.005093 
2290641199614 0.005129 0.004978 -0.999961 0.005111 
2290661005522 0.005150 0.005027 -0.999961 0.005094 
2290680841948 0.005141 0.005015 -0.999961 0.005102 
2290700678373 0.005139 0.005006 -0.999961 0.005103 
2290720484282 0.005171 0.005045 -0.999961 0.005079 
2290740320707 0.005154 0.005027 -0.999961 0.005092 
2290760126616 0.005167 0.005023 -0.999961 0.005082 
2290779932524 0.005166 0.005027 -0.999961 0.005082 
