# Created at Sat Jun 12 23:32:41 GMT+02:00 2021 in Copenhagen 
199740549452275, -2.194214, -8.906555, 12.271118 
199740569319219, -2.194214, -8.906555, 12.271118 
199740589186162, -2.192688, -9.207153, 12.272644 
199740609083623, -2.192688, -9.207153, 12.272644 
199740628920049, -2.192688, -9.205627, 12.124634 
199740648786992, -2.200317, -9.045410, 9.884644 
199740668653935, -2.197266, -9.048462, 10.632324 
199740688520879, -2.197266, -9.048462, 10.632324 
199740708387822, -2.348328, -9.046936, 10.183716 
199740728254766, -2.348328, -9.046936, 10.333252 
199740748121709, -2.348328, -9.046936, 10.333252 
199740767988652, -2.799988, -9.043884, 10.331726 
199740787886113, -2.951050, -8.894348, 10.330200 
199740807753057, -2.647400, -8.747864, 10.629272 
199740827620000, -2.951050, -8.593750, 10.627747 
199740847456426, -2.951050, -8.593750, 10.627747 
199740867353887, -2.951050, -8.593750, 10.627747 
199740887251348, -2.951050, -8.595276, 10.925293 
199740907087773, -2.951050, -8.595276, 11.073303 
199740926954717, -2.951050, -8.595276, 10.925293 
199740946791143, -2.799988, -8.595276, 10.925293 
199740966658086, -2.799988, -8.595276, 10.925293 
199740986525029, -1.896667, -8.599854, 10.928345 
199741006391973, -1.896667, -8.599854, 10.928345 
199741026258916, -1.895142, -8.752441, 11.077881 
199741046125859, -1.895142, -8.901978, 11.077881 
199741065992803, -1.895142, -8.901978, 11.077881 
199741085859746, -1.895142, -9.051514, 11.079407 
199741105757207, -2.346802, -8.900452, 11.076355 
199741125624150, -2.345276, -8.901978, 11.375427 
199741145491094, -2.345276, -8.903503, 11.674500 
199741165358037, -2.345276, -8.903503, 11.674500 
199741185255498, -2.796936, -8.900452, 11.672974 
199741205122441, -2.796936, -8.900452, 11.672974 
199741224989385, -3.248596, -8.749390, 11.672974 
199741244856328, -3.248596, -8.598328, 11.968994 
199741264723271, -3.250122, -8.596802, 11.820984 
199741284590215, -3.402710, -8.297729, 11.819458 
199741304457158, -3.402710, -8.146667, 11.817932 
199741324324101, -3.401184, -8.299255, 11.967468 
199741344191045, -3.401184, -8.299255, 12.118530 
199741364027471, -3.401184, -8.299255, 11.967468 
199741383894414, -3.401184, -8.299255, 11.967468 
199741403761357, -3.401184, -8.299255, 11.967468 
199741423628301, -3.401184, -8.299255, 12.118530 
199741443495244, -3.248596, -8.598328, 12.120056 
199741463392705, -2.947998, -8.599854, 12.120056 
199741483259648, -2.796936, -8.599854, 12.120056 
199741503126592, -2.796936, -8.599854, 12.120056 
199741522993535, -2.796936, -8.599854, 11.968994 
199741542860478, -2.645874, -8.601379, 11.968994 
199741562727422, -2.645874, -8.601379, 11.968994 
199741582563848, -2.645874, -8.901978, 11.822510 
199741602430791, -2.645874, -8.752441, 11.822510 
199741622297734, -2.645874, -9.051514, 11.824036 
199741642164678, -2.642822, -9.500122, 11.376953 
199741662031621, -2.795410, -9.199524, 11.375427 
199741681898564, -2.946472, -9.199524, 11.375427 
199741701765508, -2.947998, -9.048462, 11.375427 
199741721632451, -2.947998, -9.048462, 11.375427 
199741741560430, -2.947998, -9.048462, 11.375427 
199741761427373, -2.947998, -8.898926, 11.373901 
199741781294316, -2.947998, -8.749390, 11.373901 
199741801161260, -2.645874, -8.750916, 11.373901 
199741821028203, -2.348328, -8.300781, 11.373901 
199741840895146, -2.799988, -8.297729, 11.372375 
199741860762090, -2.799988, -8.297729, 11.372375 
199741880629033, -2.799988, -8.297729, 11.372375 
199741900465459, -2.951050, -8.297729, 11.372375 
199741920332402, -2.951050, -8.297729, 11.372375 
199741940168828, -2.951050, -8.299255, 11.671448 
199741960035771, -2.951050, -8.299255, 11.671448 
199741979902715, -2.951050, -8.299255, 11.671448 
199741999769658, -2.951050, -8.299255, 11.671448 
199742019636601, -2.951050, -8.299255, 11.671448 
199742039534062, -2.951050, -8.299255, 11.671448 
199742059431523, -2.951050, -8.299255, 11.671448 
199742079298467, -2.951050, -8.299255, 11.671448 
199742099165410, -2.951050, -8.299255, 11.820984 
199742119032353, -2.951050, -8.299255, 11.820984 
199742138899297, -2.799988, -8.299255, 11.820984 
199742158766240, -2.799988, -8.299255, 11.820984 
199742178633184, -2.798462, -8.300781, 12.120056 
199742198500127, -2.798462, -8.300781, 12.120056 
199742218336553, -2.798462, -8.300781, 12.120056 
199742238203496, -2.798462, -8.300781, 12.120056 
199742258070439, -2.796936, -8.599854, 12.120056 
199742277937383, -2.796936, -8.599854, 12.120056 
199742297804326, -2.798462, -8.598328, 11.820984 
199742317701787, -2.647400, -8.599854, 11.820984 
199742337568730, -2.647400, -8.599854, 11.671448 
199742357435674, -2.798462, -8.598328, 11.671448 
199742377302617, -2.798462, -8.598328, 11.671448 
199742397169560, -2.798462, -8.598328, 11.820984 
199742417005986, -2.798462, -8.598328, 11.820984 
199742436872930, -2.798462, -8.598328, 11.820984 
199742456739873, -2.798462, -8.598328, 11.820984 
199742476637334, -2.798462, -8.598328, 11.820984 
199742496473760, -2.798462, -8.598328, 11.820984 
199742516340703, -2.346802, -8.601379, 11.822510 
199742536238164, -2.647400, -8.599854, 11.820984 
199742556105107, -2.647400, -8.599854, 11.820984 
199742575972051, -2.647400, -8.599854, 11.820984 
199742595838994, -2.647400, -8.599854, 11.820984 
199742615736455, -2.648926, -8.300781, 11.820984 
199742635603398, -2.647400, -8.599854, 11.820984 
199742655470342, -2.645874, -8.752441, 11.822510 
199742675337285, -2.645874, -8.752441, 11.822510 
199742695204228, -2.645874, -8.752441, 11.822510 
199742715071172, -2.647400, -8.599854, 11.820984 
199742734938115, -2.647400, -8.599854, 11.820984 
199742754805059, -2.798462, -8.598328, 11.820984 
199742774672002, -2.798462, -8.598328, 11.820984 
199742794538945, -2.796936, -8.750916, 11.822510 
199742814405889, -2.796936, -8.900452, 11.672974 
199742834272832, -2.947998, -8.750916, 11.672974 
199742854139775, -2.947998, -8.750916, 11.672974 
199742874006719, -2.949524, -8.598328, 11.671448 
199742893904180, -3.251648, -8.297729, 11.671448 
199742913771123, -2.951050, -8.297729, 11.372375 
199742933638066, -2.949524, -8.596802, 11.372375 
199742953505010, -2.949524, -8.598328, 11.671448 
199742973371953, -2.949524, -8.596802, 11.372375 
199742993238896, -2.949524, -8.598328, 11.820984 
199743013075322, -2.949524, -8.598328, 11.820984 
199743032942266, -2.798462, -8.598328, 11.671448 
199743052809209, -2.949524, -8.598328, 11.671448 
199743072676152, -2.798462, -8.598328, 11.671448 
199743092543096, -2.645874, -8.752441, 11.672974 
199743112410039, -2.796936, -8.750916, 11.672974 
199743132276982, -2.796936, -8.750916, 11.672974 
199743152143926, -2.645874, -8.752441, 11.672974 
199743172010869, -2.645874, -8.752441, 11.672974 
199743191908330, -2.644348, -8.753967, 12.121582 
199743211775273, -2.343750, -8.755493, 11.972046 
199743231642217, -2.343750, -8.755493, 11.972046 
199743251509160, -2.345276, -8.602905, 11.970520 
199743271376103, -2.195740, -8.602905, 11.970520 
199743291243047, -2.197266, -8.601379, 11.822510 
199743311109990, -2.197266, -8.601379, 11.822510 
199743330976934, -2.197266, -8.601379, 11.822510 
199743350843877, -2.197266, -8.599854, 11.373901 
199743370710820, -2.197266, -8.599854, 11.373901 
199743390577764, -2.346802, -8.599854, 11.373901 
199743410444707, -2.345276, -8.752441, 11.375427 
199743430311650, -2.345276, -8.752441, 11.375427 
199743450178594, -2.345276, -8.752441, 11.375427 
199743470076055, -2.345276, -8.752441, 11.375427 
199743489942998, -2.345276, -8.753967, 11.824036 
199743509809941, -2.343750, -8.755493, 11.972046 
199743529646367, -2.343750, -8.905029, 11.972046 
199743549513310, -2.343750, -8.755493, 11.972046 
199743569380254, -2.343750, -8.755493, 11.972046 
199743589247197, -2.343750, -8.755493, 11.972046 
199743609114141, -2.345276, -8.602905, 12.121582 
199743628981084, -2.345276, -8.602905, 12.121582 
199743648848027, -2.345276, -8.602905, 12.121582 
199743668714971, -2.346802, -8.303833, 12.121582 
199743688581914, -2.346802, -8.303833, 11.970520 
199743708448857, -2.346802, -8.303833, 11.970520 
199743728315801, -2.346802, -8.303833, 11.970520 
199743748213262, -2.346802, -8.303833, 11.970520 
199743768080205, -2.346802, -8.303833, 11.970520 
199743787947148, -2.346802, -8.303833, 11.970520 
199743807814092, -2.647400, -8.302307, 11.968994 
199743827681035, -2.647400, -8.302307, 11.968994 
199743847547978, -2.644348, -8.753967, 11.970520 
199743867414922, -2.644348, -8.753967, 11.970520 
199743887281865, -2.645874, -8.752441, 11.822510 
199743907148809, -2.645874, -8.901978, 11.672974 
199743927015752, -2.796936, -8.900452, 11.672974 
199743946882695, -2.796936, -8.900452, 11.672974 
199743966749639, -2.798462, -9.048462, 11.227417 
199743986616582, -2.796936, -9.049988, 11.674500 
199744006483525, -2.796936, -9.049988, 11.674500 
199744026350469, -2.796936, -8.900452, 11.672974 
199744046247930, -2.796936, -8.900452, 11.672974 
199744066114873, -2.796936, -8.900452, 11.672974 
199744085981816, -2.796936, -8.900452, 11.672974 
199744105848760, -2.645874, -8.901978, 11.672974 
199744125746221, -2.345276, -8.903503, 11.674500 
199744145613164, -2.345276, -8.903503, 11.674500 
199744165480107, -2.195740, -8.753967, 11.674500 
199744185347051, -2.195740, -8.753967, 11.674500 
199744205213994, -2.197266, -8.601379, 11.822510 
199744225080937, -2.195740, -8.602905, 12.121582 
199744244947881, -2.195740, -8.602905, 12.121582 
199744264814824, -2.195740, -8.752441, 11.375427 
199744284620732, -2.348328, -8.598328, 11.074829 
199744304487676, -2.348328, -8.598328, 11.074829 
199744324385137, -2.348328, -8.598328, 11.074829 
199744344252080, -2.348328, -8.599854, 11.225891 
199744364119023, -2.346802, -8.599854, 11.373901 
199744383985967, -2.346802, -8.599854, 11.373901 
199744403852910, -2.346802, -8.599854, 11.373901 
199744423719853, -2.346802, -8.599854, 11.373901 
199744443586797, -2.346802, -8.599854, 11.373901 
199744463453740, -2.346802, -8.599854, 11.373901 
199744483320684, -2.346802, -8.599854, 11.373901 
199744503187627, -2.348328, -8.302307, 11.672974 
199744523054570, -2.346802, -8.601379, 11.672974 
199744542921514, -2.345276, -8.753967, 11.674500 
199744562788457, -2.343750, -9.204102, 11.676025 
199744582655400, -2.345276, -9.053040, 11.825562 
199744602552861, -2.342224, -9.503174, 11.827087 
199744622450322, -2.342224, -9.503174, 11.827087 
199744642317266, -2.342224, -9.503174, 11.677551 
199744662184209, -2.342224, -9.503174, 11.677551 
199744682051152, -2.342224, -9.503174, 11.677551 
199744701918096, -2.343750, -9.204102, 11.676025 
199744721785039, -2.345276, -9.053040, 11.676025 
199744741651982, -2.345276, -9.053040, 11.676025 
199744761488408, -2.647400, -8.599854, 11.671448 
199744781355351, -2.647400, -8.599854, 11.671448 
199744801222295, -2.798462, -8.598328, 11.820984 
199744821089238, -3.401184, -8.596802, 11.819458 
199744840956182, -3.250122, -8.596802, 11.671448 
199744860823125, -3.248596, -8.749390, 11.672974 
199744880690068, -3.248596, -8.749390, 11.672974 
199744900587529, -3.248596, -8.749390, 11.672974 
199744920454473, -2.947998, -8.750916, 11.672974 
199744940351934, -2.947998, -8.898926, 11.373901 
199744960218877, -2.947998, -8.750916, 11.822510 
199744980085820, -2.345276, -8.753967, 11.824036 
199744999952764, -2.345276, -8.753967, 11.824036 
199745019789189, -2.345276, -8.753967, 11.824036 
199745039656133, -2.345276, -8.753967, 11.824036 
199745059523076, -2.345276, -8.753967, 11.824036 
199745079390019, -2.345276, -8.753967, 11.824036 
199745099256963, -2.345276, -8.753967, 11.824036 
199745119123906, -2.348328, -8.302307, 11.822510 
199745138990850, -2.198792, -8.302307, 11.822510 
199745158857793, -2.198792, -8.302307, 11.822510 
199745178755254, -2.198792, -8.302307, 11.822510 
199745198622197, -1.896667, -8.303833, 11.824036 
199745218489141, -1.896667, -8.303833, 11.824036 
199745238356084, -1.896667, -8.303833, 11.824036 
199745258223027, -1.895142, -8.602905, 11.824036 
199745278089971, -1.895142, -8.602905, 11.824036 
199745297956914, -2.195740, -8.753967, 11.674500 
199745317823857, -2.195740, -8.903503, 11.674500 
199745337690801, -2.195740, -8.903503, 11.674500 
199745357557744, -2.796936, -8.900452, 11.672974 
199745377424687, -2.796936, -8.900452, 11.672974 
199745397322148, -2.796936, -8.750916, 11.822510 
199745417189092, -2.795410, -8.752441, 11.970520 
199745437056035, -2.793884, -9.202576, 11.972046 
199745456922978, -2.793884, -9.202576, 11.972046 
199745476820439, -2.795410, -9.051514, 11.972046 
199745496687383, -2.795410, -9.051514, 11.972046 
199745516554326, -2.644348, -9.053040, 11.972046 
199745536421269, -2.644348, -9.053040, 12.123108 
199745556227178, -2.644348, -9.053040, 12.123108 
199745576094121, -2.644348, -9.053040, 12.123108 
199745595961064, -2.343750, -8.905029, 12.123108 
199745615828008, -2.343750, -8.905029, 12.123108 
199745635694951, -2.343750, -8.755493, 12.123108 
199745655561894, -2.345276, -8.602905, 11.970520 
199745675428838, -2.346802, -8.303833, 11.970520 
199745695295781, -2.346802, -8.601379, 11.822510 
199745715193242, -2.345276, -8.602905, 12.121582 
199745735060185, -2.346802, -8.305359, 12.269592 
199745754957646, -2.346802, -8.303833, 11.970520 
199745774824590, -2.346802, -8.303833, 11.970520 
199745794691533, -2.346802, -8.303833, 11.970520 
199745814558476, -2.346802, -8.303833, 11.970520 
199745834425420, -2.346802, -8.303833, 11.970520 
199745854292363, -2.346802, -8.303833, 11.970520 
199745874159307, -2.346802, -8.303833, 11.970520 
199745894026250, -2.346802, -8.303833, 11.970520 
199745913893193, -2.346802, -8.303833, 11.970520 
199745933760137, -2.346802, -8.303833, 11.970520 
199745953627080, -2.348328, -8.302307, 11.822510 
199745973494023, -2.345276, -8.903503, 11.824036 
199745993360967, -2.345276, -8.903503, 11.824036 
199746013227910, -2.340698, -9.803772, 11.828613 
199746033064336, -2.342224, -9.503174, 11.827087 
199746052961797, -2.342224, -9.503174, 11.827087 
199746072828740, -2.345276, -8.903503, 11.824036 
199746092695684, -2.345276, -8.903503, 11.824036 
199746112562627, -2.345276, -8.903503, 11.824036 
199746132429570, -2.345276, -8.903503, 11.824036 
199746152296514, -2.345276, -8.903503, 11.824036 
199746172163457, -2.345276, -8.903503, 11.824036 
199746192030400, -2.345276, -8.903503, 11.824036 
199746211897344, -2.645874, -8.901978, 11.822510 
199746231764287, -2.645874, -8.901978, 11.822510 
199746251631230, -2.645874, -8.901978, 11.822510 
199746271498174, -2.645874, -8.901978, 11.822510 
199746291365117, -2.645874, -8.752441, 11.822510 
199746311232060, -2.645874, -8.752441, 11.822510 
199746331129521, -2.645874, -8.752441, 11.822510 
199746350996465, -2.645874, -8.752441, 11.822510 
199746370863408, -2.645874, -8.752441, 11.822510 
199746390730351, -2.645874, -8.752441, 11.822510 
199746410597295, -2.644348, -8.753967, 11.970520 
199746430464238, -2.644348, -8.753967, 11.970520 
199746450331182, -2.644348, -8.903503, 11.970520 
199746470198125, -2.644348, -9.053040, 11.972046 
199746490065068, -2.644348, -8.903503, 11.970520 
199746509932012, -3.248596, -8.898926, 11.822510 
199746529798955, -3.248596, -8.898926, 11.822510 
199746549665898, -3.247070, -8.900452, 11.970520 
199746569532842, -3.247070, -8.900452, 12.121582 
199746589399785, -3.247070, -8.900452, 12.121582 
199746609297246, -3.398132, -8.900452, 12.120056 
199746629164189, -3.398132, -8.900452, 12.120056 
199746649031133, -3.398132, -8.900452, 12.120056 
199746668928594, -3.398132, -8.900452, 12.120056 
199746688795537, -3.398132, -8.901978, 12.268066 
199746708662480, -3.398132, -8.901978, 12.268066 
199746728529424, -2.946472, -8.903503, 12.269592 
199746748396367, -2.946472, -8.903503, 12.269592 
199746768263310, -2.343750, -8.906555, 12.271118 
199746788130254, -2.642822, -8.905029, 12.568665 
199746807997197, -2.642822, -8.905029, 12.568665 
199746827833623, -2.642822, -8.905029, 12.568665 
199746847700566, -2.342224, -8.906555, 12.570190 
199746867567510, -2.192688, -8.906555, 12.570190 
199746887434453, -1.889038, -9.208679, 12.573242 
199746907331914, -2.192688, -9.056091, 12.571716 
199746927198857, -2.194214, -9.054565, 11.973572 
199746947065801, -2.343750, -9.054565, 12.124634 
199746966932744, -2.343750, -9.054565, 12.124634 
199746986799687, -2.343750, -9.054565, 12.124634 
199747006666631, -2.343750, -9.054565, 12.124634 
199747026533574, -2.343750, -9.054565, 11.973572 
199747046400518, -2.343750, -9.054565, 11.973572 
