1708854112263 -0.118078 -0.101416 9.805414  
1708873948688 -0.118838 -0.101790 9.805402  
1708893754597 -0.119159 -0.101506 9.805401  
1708913560505 -0.119400 -0.102139 9.805391  
1708933366413 -0.118769 -0.101806 9.805403  
1708953202839 -0.119124 -0.102245 9.805393  
1708973008747 -0.118529 -0.102303 9.805400  
1708992845173 -0.117913 -0.101991 9.805411  
1709012681599 -0.118382 -0.102618 9.805399  
1709032487507 -0.118221 -0.102354 9.805404  
1709052323933 -0.117545 -0.102016 9.805415  
1709072129841 -0.118378 -0.102310 9.805402  
1709091935749 -0.117888 -0.101517 9.805416  
1709111772175 -0.118340 -0.101916 9.805407  
1709131578083 -0.118239 -0.101999 9.805407  
1709151383991 -0.117759 -0.101607 9.805416  
1709171220417 -0.118709 -0.101793 9.805403  
1709191026325 -0.118105 -0.100808 9.805421  
1709210832233 -0.118594 -0.100954 9.805413  
1709230668659 -0.119243 -0.101038 9.805405  
1709250474567 -0.118329 -0.100473 9.805422  
1709270310993 -0.119272 -0.101058 9.805404  
1709290147419 -0.118898 -0.100869 9.805410  
1709309953327 -0.118345 -0.100700 9.805419  
1709329789753 -0.119223 -0.101294 9.805402  
1709349595661 -0.118542 -0.100943 9.805414  
1709369401569 -0.118977 -0.101296 9.805406  
1709389237995 -0.118661 -0.101403 9.805408  
1709409043903 -0.118121 -0.100975 9.805419  
1709428849811 -0.118846 -0.101884 9.805401  
1709448686237 -0.118279 -0.101456 9.805412  
1709468492145 -0.118223 -0.101563 9.805411  
1709488298054 -0.118428 -0.102173 9.805403  
1709508134479 -0.117817 -0.101578 9.805416  
1709527940388 -0.118476 -0.102160 9.805402  
1709547746296 -0.118036 -0.101938 9.805410  
1709567582722 -0.118034 -0.102051 9.805409  
1709587419147 -0.118383 -0.102863 9.805396  
1709607225056 -0.117431 -0.102252 9.805414  
1709627061481 -0.117769 -0.102463 9.805408  
1709646867390 -0.117835 -0.102321 9.805408  
1709666673298 -0.117370 -0.101743 9.805420  
1709686509724 -0.118037 -0.102390 9.805405  
1709706315632 -0.117899 -0.102133 9.805410  
1709726121540 -0.118238 -0.102321 9.805404  
1709745957966 -0.118544 -0.102596 9.805397  
1709765763874 -0.117730 -0.102341 9.805409  
1709785600300 -0.118429 -0.103245 9.805391  
1709805406208 -0.118090 -0.102847 9.805401  
1709825212116 -0.118222 -0.102911 9.805398  
1709845048542 -0.118449 -0.103814 9.805385  
1709864884968 -0.117565 -0.103483 9.805400  
1709884690876 -0.118225 -0.104092 9.805385  
1709904527302 -0.118036 -0.103809 9.805390  
1709924333210 -0.117861 -0.103957 9.805391  
1709944139118 -0.118361 -0.104463 9.805379  
1709963975544 -0.117646 -0.103843 9.805394  
1709983781452 -0.118245 -0.104168 9.805384  
1710003587360 -0.118608 -0.104489 9.805377  
1710023423786 -0.118330 -0.104325 9.805381  
1710043229694 -0.118960 -0.104680 9.805369  
1710063035603 -0.118242 -0.103838 9.805387  
1710082872028 -0.119037 -0.104322 9.805373  
1710102677936 -0.119034 -0.103739 9.805379  
1710122514362 -0.118721 -0.103528 9.805385  
1710142350788 -0.119323 -0.103885 9.805373  
1710162156696 -0.118592 -0.103281 9.805388  
1710181962604 -0.118899 -0.103473 9.805383  
1710201799030 -0.118697 -0.103510 9.805387  
1710221604938 -0.118525 -0.103455 9.805388  
1710241441364 -0.118965 -0.103868 9.805378  
1710261247272 -0.118248 -0.103268 9.805393  
1710281053181 -0.118921 -0.103868 9.805378  
1710300889606 -0.118843 -0.103985 9.805379  
1710320695515 -0.118158 -0.103580 9.805390  
1710340501423 -0.119118 -0.104249 9.805372  
1710360337849 -0.118487 -0.103734 9.805386  
1710380143757 -0.118809 -0.103924 9.805379  
1710399949665 -0.119101 -0.103726 9.805378  
1710419786091 -0.118267 -0.103264 9.805393  
1710439622517 -0.118978 -0.103945 9.805377  
1710459428425 -0.118338 -0.103430 9.805391  
1710479264851 -0.118625 -0.103634 9.805385  
1710499070759 -0.118646 -0.103628 9.805385  
1710518876667 -0.118105 -0.103379 9.805393  
1710538713093 -0.118824 -0.104300 9.805375  
1710558519001 -0.118222 -0.103843 9.805387  
1710578324909 -0.118227 -0.104005 9.805387  
1710598161335 -0.118357 -0.104326 9.805381  
1710617967243 -0.117746 -0.104038 9.805391  
1710637773151 -0.118432 -0.104689 9.805376  
1710657609577 -0.118116 -0.104266 9.805385  
1710677415485 -0.117942 -0.104426 9.805385  
1710697251911 -0.118224 -0.104676 9.805379  
1710717088337 -0.117873 -0.104242 9.805387  
1710736894245 -0.118546 -0.104700 9.805375  
1710756730671 -0.118153 -0.104182 9.805385  
1710776536579 -0.118229 -0.104419 9.805382  
1710796342487 -0.118336 -0.104517 9.805379  
1710816178913 -0.117689 -0.103941 9.805393  
1710835984821 -0.118289 -0.104482 9.805380  
