1708854112263 -0.210068 -0.210068 9.753036  
1708873948688 -0.097595 -0.080856 9.664505  
1708893754597 -0.061707 -0.047363 9.958817  
1708913560505 -0.231598 -0.226822 9.638184  
1708933366413 -0.011459 0.010071 9.827209  
1708953202839 -0.162201 -0.143066 9.877457  
1708973008747 -0.157425 -0.159821 9.597504  
1708992845173 -0.016251 0.005280 9.966003  
1709012681599 -0.229202 -0.226822 9.724319  
1709032487507 -0.056915 -0.049759 9.721924  
1709052323933 -0.102386 -0.080856 9.961212  
1709072129841 -0.210068 -0.202896 9.607071  
1709091935749 0.002899 0.010071 9.913361  
1709111772175 -0.183746 -0.178970 9.812851  
1709131578083 -0.119141 -0.114365 9.642960  
1709151383991 -0.047348 -0.023438 9.987534  
1709171220417 -0.233994 -0.229218 9.652542  
1709191026325 -0.021027 0.002884 9.810471  
1709210832233 -0.145462 -0.128708 9.896606  
1709230668659 -0.174164 -0.159821 9.599899  
1709250474567 -0.009064 0.012466 9.956421  
1709270310993 -0.233994 -0.214859 9.743469  
1709290147419 -0.066498 -0.059326 9.693222  
1709309953327 -0.080856 -0.066498 9.963608  
1709329789753 -0.219635 -0.214859 9.604675  
1709349595661 -0.006668 0.017242 9.889420  
1709369401569 -0.181351 -0.169388 9.829605  
1709389237995 -0.123917 -0.119141 9.630997  
1709409043903 -0.035385 -0.016251 9.994705  
1709428849811 -0.236389 -0.231613 9.654938  
1709448686237 -0.028214 -0.013855 9.781754  
1709468492145 -0.131104 -0.121536 9.906174  
1709488298054 -0.178955 -0.171783 9.592712  
1709508134479 -0.021027 0.017242 9.961212  
1709527940388 -0.224426 -0.214859 9.750641  
1709547746296 -0.052139 -0.054535 9.697998  
1709567582722 -0.095215 -0.076080 9.963608  
1709587419147 -0.207672 -0.212463 9.597504  
1709607225056 0.000504 0.019638 9.906174  
1709627061481 -0.207672 -0.188538 9.803284  
1709646867390 -0.104782 -0.116745 9.642960  
1709666673298 -0.049744 -0.033005 9.977966  
1709686509724 -0.224426 -0.226822 9.645355  
1709706315632 -0.018631 -0.001892 9.817642  
1709726121540 -0.162201 -0.138290 9.882248  
1709745957966 -0.152634 -0.152649 9.602295  
1709765763874 -0.028214 -0.004288 9.977966  
1709785600300 -0.231598 -0.231613 9.695602  
1709805406208 -0.025818 -0.021042 9.757828  
1709825212116 -0.121521 -0.114365 9.918137  
1709845048542 -0.183746 -0.183746 9.590317  
1709864884968 -0.013855 0.010071 9.946854  
1709884690876 -0.224426 -0.222031 9.748245  
1709904527302 -0.054535 -0.044968 9.712357  
1709924333210 -0.107178 -0.085648 9.956421  
1709944139118 -0.190918 -0.200500 9.597504  
1709963975544 0.000504 0.019638 9.932495  
1709983781452 -0.212463 -0.212463 9.762604  
1710003587360 -0.083237 -0.073685 9.690826  
1710023423786 -0.088028 -0.071289 9.973175  
1710043229694 -0.217239 -0.217255 9.602295  
1710063035603 0.000504 0.017242 9.930099  
1710082872028 -0.205276 -0.198105 9.796112  
1710102677936 -0.092819 -0.078461 9.683640  
1710122514362 -0.080856 -0.061722 9.973175  
1710142350788 -0.212463 -0.217255 9.628616  
1710162156696 0.002899 0.017242 9.922928  
1710181962604 -0.202881 -0.186142 9.824814  
1710201799030 -0.099991 -0.107178 9.676468  
1710221604938 -0.061707 -0.044968 9.980362  
1710241441364 -0.226807 -0.229218 9.652542  
1710261247272 0.000504 0.017242 9.884644  
1710281053181 -0.181351 -0.174179 9.853531  
1710300889606 -0.123917 -0.123932 9.654938  
1710320695515 -0.054535 -0.023438 10.004288  
1710340501423 -0.236389 -0.233994 9.676468  
1710360337849 -0.016251 0.000504 9.836792  
1710380143757 -0.159821 -0.140686 9.913361  
1710399949665 -0.150238 -0.155029 9.633392  
1710419786091 -0.025818 -0.011475 10.016251  
1710439622517 -0.233994 -0.236389 9.697998  
1710459428425 -0.013855 0.000504 9.827209  
1710479264851 -0.152634 -0.143066 9.910965  
1710499070759 -0.143066 -0.145462 9.638184  
1710518876667 -0.035385 -0.006683 10.016251  
1710538713093 -0.236389 -0.236389 9.712357  
1710558519001 -0.021027 -0.011475 9.822433  
1710578324909 -0.143066 -0.135895 9.934891  
1710598161335 -0.164597 -0.164612 9.633392  
1710617967243 -0.021027 0.000504 10.013855  
1710637773151 -0.229202 -0.231613 9.733887  
1710657609577 -0.030594 -0.018646 9.817642  
1710677415485 -0.155029 -0.135895 9.932495  
1710697251911 -0.147842 -0.150253 9.633392  
1710717088337 -0.025818 -0.018646 10.023422  
1710736894245 -0.226807 -0.238785 9.702789  
1710756730671 -0.016251 0.000504 9.841568  
1710776536579 -0.157425 -0.150253 9.908569  
1710796342487 -0.159821 -0.167007 9.638184  
1710816178913 -0.013855 0.010071 9.997101  
1710835984821 -0.212463 -0.210068 9.796112  
