# Created at Tue Jun 01 15:51:44 GMT+02:00 2021 in Burnaby Canada 
1706908852760 -0.005934 -0.005246 0.999959 0.004366 
1706928719703 -0.005904 -0.005235 0.999959 0.004344 
1706948586647 -0.005909 -0.005233 0.999959 0.004348 
1706968453590 -0.005923 -0.005247 0.999959 0.004358 
1706988381568 -0.005902 -0.005269 0.999959 0.004343 
1707008248512 -0.005908 -0.005280 0.999959 0.004347 
1707028115455 -0.005897 -0.005283 0.999959 0.004339 
1707047982398 -0.005886 -0.005278 0.999959 0.004331 
1707067849342 -0.005885 -0.005281 0.999959 0.004330 
1707087746803 -0.005900 -0.005285 0.999959 0.004342 
1707107613746 -0.005890 -0.005304 0.999959 0.004334 
1707127480690 -0.005880 -0.005290 0.999959 0.004327 
1707147347633 -0.005903 -0.005284 0.999959 0.004344 
1707167214576 -0.005934 -0.005262 0.999959 0.004367 
1707187081520 -0.005938 -0.005275 0.999959 0.004370 
1707206978981 -0.005933 -0.005263 0.999959 0.004366 
1707226845924 -0.005962 -0.005259 0.999959 0.004387 
1707246712867 -0.005988 -0.005247 0.999959 0.004407 
1707266610328 -0.005988 -0.005245 0.999959 0.004407 
1707286477272 -0.005980 -0.005226 0.999959 0.004401 
1707306374732 -0.005973 -0.005225 0.999959 0.004396 
1707326241676 -0.005991 -0.005232 0.999959 0.004409 
1707346108619 -0.005966 -0.005206 0.999959 0.004390 
1707365975563 -0.005935 -0.005223 0.999959 0.004367 
1707385842506 -0.005947 -0.005222 0.999959 0.004376 
1707405709449 -0.005950 -0.005237 0.999959 0.004378 
1707425606910 -0.005936 -0.005219 0.999959 0.004368 
1707445473854 -0.005947 -0.005201 0.999959 0.004376 
1707465340797 -0.005942 -0.005202 0.999959 0.004372 
1707485207740 -0.005938 -0.005219 0.999959 0.004369 
1707505074684 -0.005941 -0.005218 0.999959 0.004372 
1707524972145 -0.005928 -0.005201 0.999959 0.004362 
1707544869606 -0.005916 -0.005202 0.999959 0.004353 
1707564736549 -0.005897 -0.005219 0.999960 0.004338 
1707584603492 -0.005903 -0.005202 0.999960 0.004343 
1707604470436 -0.005900 -0.005162 0.999960 0.004341 
1707624337379 -0.005914 -0.005165 0.999960 0.004351 
1707644234840 -0.005920 -0.005192 0.999960 0.004355 
1707664101783 -0.005917 -0.005194 0.999960 0.004353 
1707683968727 -0.005897 -0.005195 0.999960 0.004338 
1707703835670 -0.005870 -0.005196 0.999960 0.004319 
1707723702613 -0.005879 -0.005205 0.999960 0.004325 
1707743569557 -0.005903 -0.005189 0.999960 0.004343 
1707763467018 -0.005900 -0.005174 0.999960 0.004341 
1707783333961 -0.005915 -0.005176 0.999960 0.004352 
1707803200904 -0.005912 -0.005162 0.999960 0.004349 
1707823067848 -0.005884 -0.005166 0.999960 0.004329 
1707842995826 -0.005867 -0.005153 0.999960 0.004315 
1707862862770 -0.005867 -0.005181 0.999960 0.004316 
1707882729713 -0.005875 -0.005174 0.999960 0.004322 
1707902596656 -0.005899 -0.005168 0.999960 0.004340 
1707922463600 -0.005881 -0.005172 0.999960 0.004327 
1707942361061 -0.005889 -0.005175 0.999960 0.004332 
1707962258522 -0.005738 -0.004982 0.999962 0.004218 
1707982125465 -0.006128 -0.005347 0.999957 0.004513 
1708001992408 -0.005713 -0.004971 0.999963 0.004197 
1708021859352 -0.005885 -0.005130 0.999960 0.004326 
1708041726295 -0.006138 -0.005385 0.999956 0.004517 
1708061623756 -0.005780 -0.005014 0.999962 0.004243 
1708081490699 -0.005846 -0.005047 0.999961 0.004291 
1708101296607 -0.006185 -0.005404 0.999956 0.004545 
1708121194068 -0.005833 -0.005083 0.999961 0.004277 
1708141091529 -0.005822 -0.005070 0.999961 0.004265 
1708160958473 -0.006186 -0.005425 0.999956 0.004538 
1708180825416 -0.005826 -0.005062 0.999961 0.004262 
1708200692359 -0.005873 -0.005067 0.999961 0.004294 
1708220559303 -0.006176 -0.005391 0.999956 0.004520 
1708240456764 -0.005807 -0.004987 0.999962 0.004236 
1708260354225 -0.005923 -0.005120 0.999960 0.004320 
1708280221168 -0.006158 -0.005360 0.999957 0.004493 
1708300088111 -0.005737 -0.004973 0.999963 0.004170 
1708319955055 -0.006000 -0.005239 0.999959 0.004364 
1708339821998 -0.006048 -0.005340 0.999958 0.004395 
1708359688941 -0.005724 -0.004985 0.999963 0.004144 
1708379586402 -0.006131 -0.005366 0.999957 0.004445 
1708399453346 -0.005920 -0.005206 0.999960 0.004279 
1708419350807 -0.005778 -0.005070 0.999962 0.004164 
1708439217750 -0.006193 -0.005465 0.999956 0.004476 
1708459084693 -0.005808 -0.005083 0.999961 0.004183 
1708478982154 -0.005923 -0.005201 0.999960 0.004268 
1708498857136 -0.006149 -0.005435 0.999956 0.004438 
1708518724079 -0.005746 -0.005043 0.999962 0.004124 
1708538591022 -0.006076 -0.005403 0.999957 0.004367 
1708558488483 -0.006018 -0.005379 0.999958 0.004314 
1708578355427 -0.005778 -0.005118 0.999962 0.004123 
1708598222370 -0.006225 -0.005508 0.999956 0.004451 
1708618089313 -0.005896 -0.005157 0.999961 0.004190 
1708637956257 -0.005939 -0.005188 0.999960 0.004211 
1708657853718 -0.006205 -0.005463 0.999956 0.004401 
1708677720661 -0.005806 -0.005037 0.999962 0.004085 
1708697618122 -0.006172 -0.005364 0.999957 0.004338 
1708717485065 -0.006117 -0.005318 0.999958 0.004275 
1708737352009 -0.005870 -0.005070 0.999962 0.004067 
1708757249470 -0.006262 -0.005513 0.999956 0.004341 
1708777116413 -0.005881 -0.005170 0.999961 0.004028 
1708796983356 -0.005949 -0.005225 0.999960 0.004053 
1708816850300 -0.006150 -0.005491 0.999957 0.004178 
1708836747761 -0.005763 -0.005079 0.999963 0.003855 
1708856614704 -0.006100 -0.005453 0.999958 0.004079 
1708876481647 -0.006031 -0.005368 0.999959 0.003992 
1708896348591 -0.005832 -0.005166 0.999962 0.003805 
1708916215534 -0.006242 -0.005595 0.999957 0.004079 
1708936112995 -0.005861 -0.005187 0.999962 0.003748 
1708955979938 -0.006022 -0.005323 0.999960 0.003826 
1708975877399 -0.006167 -0.005517 0.999958 0.003891 
1708995744343 -0.005802 -0.005126 0.999964 0.003564 
1709015611286 -0.006202 -0.005555 0.999958 0.003817 
1709035478229 -0.005985 -0.005357 0.999961 0.003596 
1709055375690 -0.005928 -0.005268 0.999962 0.003494 
1709075242634 -0.006259 -0.005611 0.999958 0.003701 
1709095109577 -0.005824 -0.005200 0.999964 0.003305 
1709114976520 -0.006063 -0.005459 0.999961 0.003417 
1709134843464 -0.006072 -0.005489 0.999961 0.003350 
1709154740925 -0.005819 -0.005197 0.999965 0.003079 
1709174607868 -0.006237 -0.005632 0.999959 0.003315 
1709194474811 -0.005890 -0.005247 0.999964 0.002963 
1709214341755 -0.005989 -0.005331 0.999964 0.002947 
1709234208698 -0.006193 -0.005524 0.999961 0.003006 
1709254075642 -0.005802 -0.005110 0.999967 0.002606 
1709274003620 -0.006217 -0.005499 0.999962 0.002816 
1709293870563 -0.006032 -0.005339 0.999964 0.002562 
1709313737507 -0.005897 -0.005203 0.999966 0.002341 
1709333604450 -0.006262 -0.005592 0.999962 0.002498 
1709353471394 -0.005861 -0.005159 0.999967 0.002101 
1709373368854 -0.006088 -0.005389 0.999965 0.002181 
1709393235798 -0.006111 -0.005440 0.999964 0.002102 
1709413102741 -0.005814 -0.005127 0.999968 0.001773 
1709432969685 -0.006239 -0.005576 0.999963 0.001994 
1709452836628 -0.005918 -0.005254 0.999967 0.001639 
1709472734089 -0.005965 -0.005313 0.999967 0.001562 
1709492601032 -0.006186 -0.005549 0.999964 0.001616 
1709512467976 -0.005836 -0.005117 0.999969 0.001226 
1709532334919 -0.006215 -0.005506 0.999965 0.001394 
1709552232380 -0.005980 -0.005330 0.999967 0.001087 
1709572129841 -0.005898 -0.005228 0.999969 0.000894 
1709591996784 -0.006221 -0.005609 0.999964 0.001009 
1709611863728 -0.005797 -0.005166 0.999970 0.000547 
1709631730671 -0.006118 -0.005462 0.999966 0.000656 
1709651597614 -0.006072 -0.005502 0.999966 0.000481 
1709671495075 -0.005828 -0.005242 0.999969 0.000150 
1709691362019 -0.006211 -0.005668 0.999965 0.000480 
1709711228962 -0.005857 -0.005298 0.999969 0.000056 
1709731095905 -0.006015 -0.005412 0.999967 0.000025 
1709750962849 0.006141 0.005579 -0.999966 0.000030 
1709770829792 0.005818 0.005217 -0.999969 0.000433 
1709790727253 0.006223 0.005660 -0.999965 0.000273 
1709810594196 0.005895 0.005358 -0.999968 0.000679 
1709830461140 0.005909 0.005387 -0.999968 0.000820 
1709850358601 0.006149 0.005661 -0.999965 0.000785 
1709870225544 0.005777 0.005246 -0.999969 0.001224 
1709890092487 0.006158 0.005654 -0.999964 0.001073 
1709909989948 0.005934 0.005435 -0.999967 0.001390 
1709929856892 0.005896 0.005359 -0.999967 0.001561 
1709949723835 0.006160 0.005693 -0.999964 0.001493 
1709969590778 0.005739 0.005244 -0.999968 0.001957 
1709989457722 0.006080 0.005619 -0.999964 0.001818 
1710009355183 0.005959 0.005502 -0.999964 0.002332 
1710029222126 0.005849 0.005378 -0.999963 0.003272 
1710049089069 0.006201 0.005771 -0.999957 0.003671 
1710068956013 0.005775 0.005328 -0.999958 0.004663 
1710088822956 0.006085 0.005650 -0.999954 0.004743 
1710108689899 0.005996 0.005549 -0.999953 0.005132 
1710128587360 0.005861 0.005386 -0.999953 0.005547 
1710148484821 0.006196 0.005777 -0.999949 0.005580 
1710168351765 0.005765 0.005332 -0.999950 0.006201 
1710188218708 0.006069 0.005609 -0.999950 0.005548 
1710208085651 0.006008 0.005606 -0.999951 0.005545 
1710227952595 0.005808 0.005380 -0.999953 0.005656 
1710247819538 0.006196 0.005809 -0.999950 0.005298 
1710267716999 0.005777 0.005361 -0.999953 0.005590 
1710287583942 0.006004 0.005596 -0.999952 0.005365 
1710307450886 0.006029 0.005652 -0.999952 0.005304 
1710327317829 0.005803 0.005349 -0.999954 0.005447 
1710347184772 0.006223 0.005795 -0.999951 0.005072 
1710367051716 0.005861 0.005407 -0.999954 0.005336 
1710386918659 0.006007 0.005523 -0.999953 0.005191 
1710406846638 0.006122 0.005690 -0.999952 0.005070 
1710426713581 0.005792 0.005344 -0.999955 0.005310 
1710446580524 0.006202 0.005798 -0.999951 0.005149 
1710466447468 0.005832 0.005412 -0.999953 0.005613 
1710486314411 0.005955 0.005537 -0.999951 0.005670 
1710506181354 0.006048 0.005672 -0.999949 0.005742 
1710526048298 0.005755 0.005312 -0.999951 0.006118 
1710545945759 0.006174 0.005768 -0.999947 0.005910 
1710565812702 0.005831 0.005424 -0.999948 0.006311 
1710585679645 0.005920 0.005523 -0.999947 0.006355 
1710605546589 0.006088 0.005724 -0.999945 0.006328 
1710625413532 0.005744 0.005336 -0.999947 0.006710 
1710645280476 0.006140 0.005772 -0.999945 0.006272 
1710665147419 0.005833 0.005452 -0.999948 0.006417 
1710685044880 0.005964 0.005548 -0.999948 0.006207 
1710704942341 0.006074 0.005697 -0.999947 0.006013 
1710724809284 0.005747 0.005374 -0.999950 0.006181 
1710744676228 0.006136 0.005833 -0.999948 0.005757 
1710764543171 0.005780 0.005443 -0.999951 0.005950 
1710784410114 0.005923 0.005589 -0.999950 0.005750 
1710804277058 0.006076 0.005792 -0.999949 0.005552 
1710824174519 0.005710 0.005367 -0.999953 0.005775 
1710844041462 0.006049 0.005724 -0.999951 0.005407 
1710863908405 0.005964 0.005689 -0.999951 0.005400 
1710883775349 0.005768 0.005424 -0.999954 0.005496 
1710903642292 0.006148 0.005856 -0.999951 0.005120 
1710923539753 0.005772 0.005434 -0.999952 0.005815 
1710943406696 0.005914 0.005592 -0.999949 0.006055 
1710963273640 0.006027 0.005715 -0.999947 0.006073 
1710983171101 0.005759 0.005344 -0.999949 0.006410 
1711003038044 0.006163 0.005815 -0.999945 0.006172 
1711022904987 0.005813 0.005436 -0.999947 0.006559 
1711042771931 0.005944 0.005568 -0.999944 0.006742 
1711062669392 0.006053 0.005694 -0.999942 0.006917 
1711082536335 0.005726 0.005375 -0.999941 0.007445 
1711102403278 0.006122 0.005829 -0.999937 0.007352 
1711122239704 0.005766 0.005441 -0.999938 0.007871 
1711142106647 0.005932 0.005623 -0.999935 0.007940 
1711161973591 0.006001 0.005737 -0.999933 0.008076 
1711181840534 0.005761 0.005397 -0.999935 0.008246 
1711201737995 0.006145 0.005836 -0.999939 0.007063 
1711221604938 0.005775 0.005443 -0.999946 0.006774 
1711241471882 0.005947 0.005577 -0.999950 0.005865 
1711261338825 0.006036 0.005698 -0.999952 0.005285 
1711281266804 0.005763 0.005357 -0.999956 0.005040 
1711301164265 0.006171 0.005823 -0.999955 0.004260 
1711321031208 0.005790 0.005423 -0.999960 0.004170 
1711340898151 0.005984 0.005608 -0.999960 0.003627 
1711360765095 0.006071 0.005710 -0.999960 0.003200 
1711380632038 0.005819 0.005376 -0.999964 0.003079 
1711400529499 0.006200 0.005816 -0.999961 0.002451 
1711420396442 0.005907 0.005516 -0.999964 0.002405 
1711440263386 0.005888 0.005506 -0.999965 0.002151 
1711460130329 0.006186 0.005867 -0.999962 0.001649 
1711479997272 0.005790 0.005396 -0.999967 0.001742 
1711499864216 0.006111 0.005740 -0.999964 0.001251 
1711519731159 0.006032 0.005660 -0.999965 0.001112 
1711539628620 0.005864 0.005428 -0.999968 0.001060 
1711559526081 0.006236 0.005808 -0.999964 0.000570 
1711579393024 0.005819 0.005353 -0.999968 0.001172 
1711599259968 0.006094 0.005710 -0.999964 0.001177 
1711619126911 0.005965 0.005627 -0.999965 0.001504 
1711638993854 0.005808 0.005481 -0.999966 0.001840 
1711658860798 0.006141 0.005862 -0.999962 0.001746 
1711678758259 0.005722 0.005378 -0.999967 0.002269 
1711698625202 0.006119 0.005775 -0.999962 0.002097 
1711718492145 0.005904 0.005566 -0.999964 0.002637 
1711738359089 0.005898 0.005523 -0.999963 0.002979 
1711758226032 0.006127 0.005806 -0.999960 0.003102 
1711778123493 0.005772 0.005382 -0.999962 0.003698 
1711797990436 0.006198 0.005839 -0.999957 0.003622 
1711817857380 0.005862 0.005542 -0.999959 0.004170 
1711837754841 0.005958 0.005568 -0.999957 0.004339 
1711857621784 0.006109 0.005758 -0.999955 0.004461 
1711877488728 0.005769 0.005394 -0.999955 0.005170 
1711897386188 0.006188 0.005863 -0.999950 0.005218 
1711917253132 0.005844 0.005448 -0.999952 0.005662 
1711937120075 0.005982 0.005555 -0.999950 0.005696 
1711956987019 0.006123 0.005746 -0.999948 0.005718 
1711976853962 0.005761 0.005341 -0.999950 0.006147 
1711996751423 0.006137 0.005736 -0.999947 0.005956 
1712016618366 0.005981 0.005585 -0.999949 0.005987 
1712036485310 0.005873 0.005450 -0.999950 0.005987 
1712056352253 0.006224 0.005858 -0.999948 0.005612 
1712076219196 0.005776 0.005413 -0.999951 0.005905 
1712096116657 0.006069 0.005743 -0.999949 0.005589 
1712115983601 0.005958 0.005657 -0.999950 0.005613 
1712135881061 0.005818 0.005493 -0.999952 0.005666 
1712155748005 0.006148 0.005864 -0.999950 0.005339 
1712175614948 0.005769 0.005421 -0.999952 0.005826 
1712195512409 0.006099 0.005796 -0.999944 0.006348 
1712215379353 0.005964 0.005662 -0.999940 0.007200 
1712235246296 0.005884 0.005558 -0.999936 0.007957 
1712255113239 0.006174 0.005897 -0.999932 0.007932 
1712274980183 0.005775 0.005475 -0.999932 0.008475 
1712294877644 0.006155 0.005910 -0.999929 0.008352 
1712314744587 0.005895 0.005665 -0.999928 0.008744 
1712334611530 0.005912 0.005682 -0.999927 0.008854 
1712354478474 0.006127 0.005906 -0.999925 0.008800 
1712374345417 0.005843 0.005324 -0.999927 0.009162 
1712394242878 0.006090 0.005789 -0.999924 0.009067 
1712414140339 0.006110 0.006058 -0.999921 0.009160 
1712434007282 0.005753 0.005514 -0.999923 0.009565 
1712453874226 0.005919 0.005715 -0.999921 0.009528 
1712473741169 0.006068 0.005952 -0.999919 0.009505 
1712493638630 0.005693 0.005517 -0.999919 0.009920 
1712513505573 0.006111 0.005927 -0.999917 0.009664 
1712533372517 0.005848 0.005656 -0.999919 0.009755 
1712553239460 0.005870 0.005672 -0.999920 0.009618 
1712573106403 0.006102 0.005915 -0.999928 0.008468 
1712593003864 0.005763 0.005453 -0.999938 0.007854 
1712612870808 0.006154 0.005924 -0.999933 0.007751 
1712632737751 0.005836 0.005604 -0.999934 0.008204 
1712652604694 0.005867 0.005625 -0.999934 0.008152 
1712672502155 0.006123 0.005896 -0.999937 0.007283 
1712692399616 0.005741 0.005453 -0.999944 0.006990 
1712712266560 0.005902 0.005576 -0.999947 0.006285 
1712732133503 0.005986 0.005681 -0.999950 0.005682 
1712752030964 0.005990 0.005660 -0.999950 0.005603 
1712771897907 0.005992 0.005673 -0.999949 0.005747 
1712791764851 0.005993 0.005669 -0.999949 0.005881 
1712811631794 0.005979 0.005642 -0.999948 0.006020 
1712831498737 0.005957 0.005624 -0.999947 0.006157 
1712851396198 0.005953 0.005608 -0.999947 0.006271 
1712871263142 0.005941 0.005576 -0.999946 0.006384 
1712891130085 0.005938 0.005563 -0.999946 0.006483 
1712910997028 0.005960 0.005567 -0.999945 0.006560 
