# Created at Tue Jun 01 15:51:44 GMT+02:00 2021 in Burnaby Canada 
1706911874000 0.005865 0.005223 -0.999946 0.006770 
1706931710426 0.005858 0.005221 -0.999946 0.006775 
1706951516334 0.005856 0.005234 -0.999946 0.006777 
1706971322242 0.005869 0.005243 -0.999946 0.006766 
1706991158668 0.005866 0.005268 -0.999946 0.006769 
1707010995094 0.005887 0.005264 -0.999946 0.006752 
1707030801002 0.005895 0.005272 -0.999946 0.006746 
1707050637428 0.005895 0.005271 -0.999946 0.006746 
1707070443336 0.005888 0.005275 -0.999946 0.006752 
1707090249244 0.005900 0.005267 -0.999946 0.006741 
1707110085670 0.005900 0.005291 -0.999946 0.006742 
1707129891578 0.005889 0.005298 -0.999946 0.006751 
1707149697486 0.005905 0.005297 -0.999946 0.006738 
1707169533912 0.005926 0.005300 -0.999946 0.006721 
1707189339820 0.005945 0.005307 -0.999946 0.006706 
1707209176246 0.005959 0.005302 -0.999946 0.006694 
1707228982154 0.005989 0.005312 -0.999946 0.006670 
1707248788063 0.006007 0.005319 -0.999946 0.006656 
1707268624488 0.006011 0.005329 -0.999946 0.006652 
1707288460914 0.006012 0.005319 -0.999946 0.006652 
1707308266822 0.006012 0.005317 -0.999946 0.006651 
1707328103248 0.006025 0.005320 -0.999946 0.006641 
1707347909156 0.006017 0.005305 -0.999946 0.006648 
1707367715065 0.005993 0.005324 -0.999946 0.006667 
1707387551490 0.006002 0.005322 -0.999946 0.006659 
1707407357398 0.006007 0.005329 -0.999946 0.006655 
1707427163307 0.006003 0.005295 -0.999946 0.006658 
1707446999732 0.006012 0.005286 -0.999946 0.006651 
1707466805641 0.006001 0.005285 -0.999946 0.006660 
1707486611549 0.006002 0.005293 -0.999946 0.006660 
1707506447975 0.006006 0.005292 -0.999946 0.006656 
1707526253883 0.006015 0.005283 -0.999946 0.006649 
1707546090309 0.006011 0.005283 -0.999946 0.006652 
1707565926734 0.006003 0.005291 -0.999946 0.006659 
1707585732643 0.005996 0.005282 -0.999946 0.006664 
1707605538551 0.005998 0.005261 -0.999946 0.006663 
1707625374977 0.006006 0.005273 -0.999946 0.006656 
1707645180885 0.005999 0.005285 -0.999946 0.006662 
1707664986793 0.006000 0.005285 -0.999946 0.006661 
1707684823219 0.005981 0.005284 -0.999946 0.006676 
1707704629127 0.005970 0.005283 -0.999946 0.006685 
1707724465553 0.005976 0.005287 -0.999946 0.006680 
1707744271461 0.005966 0.005290 -0.999946 0.006688 
1707764077369 0.005957 0.005270 -0.999946 0.006696 
1707783913795 0.005967 0.005270 -0.999946 0.006688 
1707803719703 0.005969 0.005262 -0.999946 0.006686 
1707823525611 0.005959 0.005273 -0.999946 0.006694 
1707843362037 0.005941 0.005242 -0.999946 0.006708 
1707863198463 0.005944 0.005255 -0.999946 0.006706 
1707883004371 0.005951 0.005251 -0.999946 0.006701 
1707902840797 0.005966 0.005236 -0.999946 0.006689 
1707922646705 0.005960 0.005226 -0.999946 0.006693 
1707942452613 0.005966 0.005227 -0.999946 0.006688 
1707962289039 0.005883 0.005142 -0.999947 0.006755 
1707982094947 0.006077 0.005323 -0.999946 0.006599 
1708001900856 0.005854 0.005136 -0.999947 0.006779 
1708021737281 0.005928 0.005201 -0.999946 0.006719 
1708041543190 0.006057 0.005318 -0.999946 0.006615 
1708061349098 0.005876 0.005123 -0.999947 0.006761 
1708081185523 0.005923 0.005150 -0.999947 0.006723 
1708100991432 0.006081 0.005329 -0.999946 0.006596 
1708120827857 0.005904 0.005171 -0.999946 0.006738 
1708140664283 0.005890 0.005175 -0.999946 0.006750 
1708160470191 0.006084 0.005353 -0.999945 0.006593 
1708180276100 0.005904 0.005162 -0.999947 0.006739 
1708200112525 0.005894 0.005164 -0.999947 0.006746 
1708219918434 0.005875 0.005176 -0.999946 0.006762 
1708239724342 0.005845 0.005134 -0.999947 0.006786 
1708259560768 0.005894 0.005210 -0.999946 0.006747 
1708279366676 0.005919 0.005216 -0.999946 0.006727 
1708299203102 0.005896 0.005188 -0.999946 0.006745 
1708319009010 0.005909 0.005219 -0.999946 0.006734 
1708338814918 0.005896 0.005239 -0.999946 0.006745 
1708358651344 0.005843 0.005225 -0.999946 0.006787 
1708378457252 0.005880 0.005253 -0.999946 0.006758 
1708398263160 0.005873 0.005229 -0.999946 0.006764 
1708418099586 0.005857 0.005219 -0.999946 0.006776 
1708437936012 0.005883 0.005248 -0.999946 0.006756 
1708457741920 0.005851 0.005208 -0.999946 0.006781 
1708477578346 0.005878 0.005217 -0.999946 0.006759 
1708497392292 0.005915 0.005235 -0.999946 0.006730 
1708517198200 0.005893 0.005194 -0.999946 0.006748 
1708537034626 0.005924 0.005209 -0.999946 0.006723 
1708556840534 0.005927 0.005208 -0.999946 0.006720 
1708576646442 0.005905 0.005201 -0.999946 0.006738 
1708596482868 0.005957 0.005231 -0.999946 0.006696 
1708616288776 0.005893 0.005169 -0.999947 0.006748 
1708636094685 0.005890 0.005172 -0.999946 0.006750 
1708655931110 0.005941 0.005194 -0.999946 0.006708 
1708675737019 0.005944 0.005175 -0.999946 0.006706 
1708695573444 0.005966 0.005199 -0.999946 0.006689 
1708715409870 0.005934 0.005184 -0.999946 0.006714 
1708735215778 0.005875 0.005154 -0.999947 0.006762 
1708755052204 0.005875 0.005175 -0.999946 0.006762 
1708774858112 0.005856 0.005151 -0.999947 0.006777 
1708794664020 0.005892 0.005168 -0.999947 0.006748 
1708814500446 0.005939 0.005188 -0.999946 0.006711 
1708834306354 0.005930 0.005171 -0.999946 0.006717 
1708854112263 0.005986 0.005211 -0.999946 0.006673 
1708873948688 0.006025 0.005230 -0.999946 0.006641 
1708893754597 0.006041 0.005216 -0.999946 0.006628 
1708913560505 0.006053 0.005248 -0.999946 0.006618 
1708933366413 0.006021 0.005231 -0.999946 0.006644 
1708953202839 0.006039 0.005253 -0.999946 0.006630 
1708973008747 0.006009 0.005256 -0.999946 0.006654 
1708992845173 0.005977 0.005240 -0.999946 0.006680 
1709012681599 0.006001 0.005272 -0.999946 0.006660 
1709032487507 0.005993 0.005259 -0.999946 0.006667 
1709052323933 0.005958 0.005242 -0.999946 0.006695 
1709072129841 0.006001 0.005257 -0.999946 0.006660 
1709091935749 0.005976 0.005216 -0.999946 0.006680 
1709111772175 0.005999 0.005237 -0.999946 0.006662 
1709131578083 0.005994 0.005241 -0.999946 0.006666 
1709151383991 0.005969 0.005221 -0.999946 0.006686 
1709171220417 0.006018 0.005230 -0.999946 0.006647 
1709191026325 0.005987 0.005180 -0.999946 0.006671 
1709210832233 0.006012 0.005188 -0.999946 0.006651 
1709230668659 0.006046 0.005192 -0.999946 0.006624 
1709250474567 0.005999 0.005163 -0.999946 0.006662 
1709270310993 0.006047 0.005193 -0.999946 0.006623 
1709290147419 0.006028 0.005183 -0.999946 0.006639 
1709309953327 0.006000 0.005175 -0.999946 0.006661 
1709329789753 0.006045 0.005205 -0.999946 0.006625 
1709349595661 0.006010 0.005187 -0.999946 0.006653 
1709369401569 0.006032 0.005205 -0.999946 0.006636 
1709389237995 0.006016 0.005210 -0.999946 0.006649 
1709409043903 0.005988 0.005189 -0.999946 0.006671 
1709428849811 0.006025 0.005235 -0.999946 0.006641 
1709448686237 0.005996 0.005213 -0.999946 0.006664 
1709468492145 0.005993 0.005218 -0.999946 0.006667 
1709488298054 0.006004 0.005250 -0.999946 0.006658 
1709508134479 0.005972 0.005219 -0.999946 0.006683 
1709527940388 0.006006 0.005249 -0.999946 0.006656 
1709547746296 0.005984 0.005238 -0.999946 0.006675 
1709567582722 0.005983 0.005243 -0.999946 0.006675 
1709587419147 0.006001 0.005285 -0.999946 0.006660 
1709607225056 0.005952 0.005254 -0.999946 0.006700 
1709627061481 0.005970 0.005264 -0.999946 0.006686 
1709646867390 0.005973 0.005257 -0.999946 0.006683 
1709666673298 0.005949 0.005228 -0.999946 0.006702 
1709686509724 0.005983 0.005261 -0.999946 0.006675 
1709706315632 0.005976 0.005248 -0.999946 0.006680 
1709726121540 0.005994 0.005257 -0.999946 0.006666 
1709745957966 0.006009 0.005271 -0.999946 0.006654 
1709765763874 0.005968 0.005258 -0.999946 0.006687 
1709785600300 0.006003 0.005304 -0.999946 0.006659 
1709805406208 0.005986 0.005284 -0.999946 0.006672 
1709825212116 0.005993 0.005287 -0.999946 0.006667 
1709845048542 0.006004 0.005333 -0.999946 0.006658 
1709864884968 0.005959 0.005316 -0.999946 0.006694 
1709884690876 0.005992 0.005347 -0.999946 0.006667 
1709904527302 0.005983 0.005333 -0.999946 0.006675 
1709924333210 0.005974 0.005341 -0.999946 0.006682 
1709944139118 0.005999 0.005366 -0.999945 0.006662 
1709963975544 0.005963 0.005335 -0.999946 0.006691 
1709983781452 0.005993 0.005351 -0.999946 0.006666 
1710003587360 0.006012 0.005368 -0.999945 0.006651 
1710023423786 0.005998 0.005359 -0.999945 0.006663 
1710043229694 0.006030 0.005377 -0.999945 0.006637 
1710063035603 0.005993 0.005335 -0.999946 0.006666 
1710082872028 0.006034 0.005359 -0.999945 0.006634 
1710102677936 0.006034 0.005330 -0.999946 0.006634 
1710122514362 0.006018 0.005319 -0.999946 0.006647 
1710142350788 0.006049 0.005337 -0.999946 0.006622 
1710162156696 0.006012 0.005306 -0.999946 0.006652 
1710181962604 0.006027 0.005316 -0.999946 0.006639 
1710201799030 0.006017 0.005318 -0.999946 0.006648 
1710221604938 0.006008 0.005315 -0.999946 0.006655 
1710241441364 0.006030 0.005336 -0.999946 0.006637 
1710261247272 0.005994 0.005305 -0.999946 0.006666 
1710281053181 0.006028 0.005336 -0.999946 0.006638 
1710300889606 0.006024 0.005342 -0.999946 0.006642 
1710320695515 0.005989 0.005321 -0.999946 0.006670 
1710340501423 0.006038 0.005356 -0.999945 0.006630 
1710360337849 0.006006 0.005329 -0.999946 0.006656 
1710380143757 0.006022 0.005339 -0.999946 0.006643 
1710399949665 0.006037 0.005329 -0.999946 0.006631 
1710419786091 0.005995 0.005305 -0.999946 0.006665 
1710439622517 0.006031 0.005340 -0.999946 0.006636 
1710459428425 0.005998 0.005314 -0.999946 0.006662 
1710479264851 0.006013 0.005324 -0.999946 0.006651 
1710499070759 0.006014 0.005324 -0.999946 0.006650 
1710518876667 0.005987 0.005311 -0.999946 0.006672 
1710538713093 0.006023 0.005358 -0.999945 0.006643 
1710558519001 0.005992 0.005335 -0.999946 0.006667 
1710578324909 0.005993 0.005343 -0.999946 0.006667 
1710598161335 0.005999 0.005359 -0.999945 0.006662 
1710617967243 0.005968 0.005345 -0.999946 0.006687 
1710637773151 0.006003 0.005378 -0.999945 0.006659 
1710657609577 0.005987 0.005356 -0.999945 0.006672 
1710677415485 0.005978 0.005364 -0.999945 0.006679 
1710697251911 0.005992 0.005377 -0.999945 0.006667 
1710717088337 0.005974 0.005355 -0.999945 0.006682 
1710736894245 0.006009 0.005378 -0.999945 0.006654 
1710756730671 0.005989 0.005352 -0.999946 0.006670 
1710776536579 0.005993 0.005364 -0.999945 0.006667 
1710796342487 0.005998 0.005369 -0.999945 0.006663 
1710816178913 0.005965 0.005340 -0.999946 0.006689 
1710835984821 0.005996 0.005367 -0.999945 0.006665 
1710855790729 0.005996 0.005355 -0.999945 0.006664 
1710875627155 0.005963 0.005337 -0.999946 0.006691 
1710895433063 0.005954 0.005320 -0.999946 0.006698 
1710915238972 0.005933 0.005291 -0.999946 0.006715 
1710935075397 0.005950 0.005304 -0.999946 0.006702 
1710954881306 0.005964 0.005303 -0.999946 0.006690 
1710974687214 0.005939 0.005278 -0.999946 0.006710 
1710994523640 0.005975 0.005314 -0.999946 0.006681 
1711014360065 0.005956 0.005289 -0.999946 0.006697 
1711034165974 0.005959 0.005300 -0.999946 0.006694 
1711054002399 0.005974 0.005299 -0.999946 0.006682 
1711073808308 0.005944 0.005277 -0.999946 0.006706 
1711093614216 0.005967 0.005312 -0.999946 0.006688 
1711113450642 0.005948 0.005286 -0.999946 0.006703 
1711133256550 0.005954 0.005301 -0.999946 0.006699 
1711153062458 0.005965 0.005311 -0.999946 0.006689 
1711172898884 0.005941 0.005288 -0.999946 0.006708 
1711192704792 0.005975 0.005323 -0.999946 0.006681 
1711212541218 0.005942 0.005296 -0.999946 0.006708 
1711232347126 0.005948 0.005320 -0.999946 0.006703 
1711252153034 0.005961 0.005331 -0.999946 0.006692 
1711271989460 0.005923 0.005308 -0.999946 0.006723 
1711291825886 0.005959 0.005332 -0.999946 0.006694 
1711311631794 0.005925 0.005305 -0.999946 0.006721 
1711331468220 0.005945 0.005321 -0.999946 0.006705 
1711351274128 0.005958 0.005319 -0.999946 0.006695 
1711371080036 0.005934 0.005296 -0.999946 0.006715 
1711390916462 0.005968 0.005330 -0.999946 0.006687 
1711410722370 0.005941 0.005299 -0.999946 0.006709 
1711430528278 0.005933 0.005300 -0.999946 0.006715 
1711450364704 0.005937 0.005317 -0.999946 0.006712 
1711470170612 0.005903 0.005285 -0.999946 0.006740 
1711489976520 0.005920 0.005313 -0.999946 0.006726 
1711509812946 0.005921 0.005310 -0.999946 0.006725 
1711529618854 0.005903 0.005307 -0.999946 0.006739 
1711549424763 0.005937 0.005337 -0.999946 0.006712 
1711569261188 0.005901 0.005318 -0.999946 0.006741 
1711589097614 0.005916 0.005345 -0.999946 0.006729 
1711608903522 0.005901 0.005341 -0.999946 0.006741 
1711628739948 0.005896 0.005345 -0.999946 0.006745 
1711648545856 0.005926 0.005363 -0.999945 0.006721 
1711668382282 0.005866 0.005317 -0.999946 0.006769 
1711688188190 0.005890 0.005348 -0.999946 0.006750 
1711707994099 0.005857 0.005335 -0.999946 0.006777 
1711727830524 0.005838 0.005345 -0.999946 0.006791 
1711747636433 0.005874 0.005356 -0.999946 0.006763 
1711767442341 0.005843 0.005327 -0.999946 0.006788 
1711787278767 0.005881 0.005362 -0.999946 0.006757 
1711807084675 0.005828 0.005330 -0.999946 0.006800 
1711826890583 0.005829 0.005346 -0.999946 0.006799 
1711846727009 0.005860 0.005350 -0.999946 0.006774 
1711866563435 0.005806 0.005325 -0.999946 0.006818 
1711886369343 0.005843 0.005361 -0.999946 0.006787 
1711906205769 0.005838 0.005345 -0.999946 0.006792 
1711926011677 0.005854 0.005366 -0.999945 0.006779 
1711945817585 0.005884 0.005382 -0.999945 0.006755 
1711965654011 0.005852 0.005366 -0.999945 0.006780 
1711985459919 0.005898 0.005420 -0.999945 0.006743 
1712005265827 0.005882 0.005411 -0.999945 0.006756 
1712025102253 0.005869 0.005402 -0.999945 0.006767 
1712044908161 0.005901 0.005434 -0.999945 0.006741 
1712064714069 0.005863 0.005403 -0.999945 0.006771 
1712084550495 0.005891 0.005428 -0.999945 0.006749 
1712104356403 0.005878 0.005412 -0.999945 0.006759 
1712124192829 0.005862 0.005401 -0.999945 0.006772 
1712144029255 0.005893 0.005430 -0.999945 0.006748 
1712163835163 0.005860 0.005400 -0.999945 0.006774 
1712183641071 0.005891 0.005428 -0.999945 0.006749 
1712203477497 0.005901 0.005408 -0.999945 0.006741 
1712223283405 0.005877 0.005402 -0.999945 0.006760 
1712243119831 0.005905 0.005416 -0.999945 0.006737 
1712262925739 0.005859 0.005387 -0.999945 0.006775 
1712282731647 0.005918 0.005421 -0.999945 0.006727 
1712302568073 0.005918 0.005394 -0.999945 0.006727 
1712322373981 0.005937 0.005397 -0.999945 0.006712 
1712342179890 0.005984 0.005416 -0.999945 0.006674 
1712362016315 0.005970 0.005327 -0.999946 0.006685 
1712381822224 0.006006 0.005255 -0.999946 0.006656 
1712401628132 0.006003 0.005314 -0.999946 0.006659 
1712421464558 0.005983 0.005361 -0.999945 0.006675 
1712441300983 0.005976 0.005425 -0.999945 0.006680 
1712461106892 0.005981 0.005445 -0.999945 0.006676 
1712480943317 0.005936 0.005415 -0.999945 0.006713 
1712500749226 0.005972 0.005447 -0.999945 0.006683 
1712520555134 0.005960 0.005429 -0.999945 0.006694 
1712540391560 0.005973 0.005457 -0.999945 0.006683 
1712560197468 0.005996 0.005478 -0.999945 0.006664 
1712580003376 0.005953 0.005446 -0.999945 0.006699 
1712599839802 0.005999 0.005482 -0.999945 0.006661 
1712619645710 0.005983 0.005449 -0.999945 0.006675 
1712639451618 0.005991 0.005463 -0.999945 0.006669 
1712659288044 0.006027 0.005510 -0.999945 0.006639 
1712679093952 0.005969 0.005479 -0.999945 0.006686 
1712698930378 0.005974 0.005501 -0.999945 0.006682 
1712718766804 0.005974 0.005510 -0.999945 0.006682 
1712738572712 0.005970 0.005506 -0.999945 0.006685 
1712758378620 0.005978 0.005518 -0.999945 0.006679 
1712778215046 0.005985 0.005522 -0.999945 0.006673 
1712798020954 0.005985 0.005513 -0.999945 0.006673 
1712817857380 0.005980 0.005509 -0.999945 0.006677 
1712837663288 0.005984 0.005493 -0.999945 0.006674 
1712857469196 0.005983 0.005481 -0.999945 0.006675 
1712877275104 0.005975 0.005478 -0.999945 0.006681 
1712897111530 0.005979 0.005472 -0.999945 0.006678 
1712916917438 0.005987 0.005497 -0.999945 0.006671 
