# Created at Sun Jun 13 00:23:38 GMT+02:00 2021 in Copenhagen 
202797064289037, -1.748657, -8.596802, 10.182190 
202797084186498, -1.748657, -8.596802, 10.182190 
202797104053442, -1.748657, -8.596802, 10.182190 
202797123920385, -1.748657, -8.596802, 10.182190 
202797143787328, -1.748657, -8.596802, 10.182190 
202797163654272, -1.748657, -8.596802, 10.182190 
202797183490697, -1.748657, -8.596802, 10.182190 
202797203388158, -1.748657, -8.596802, 10.182190 
202797223224584, -1.747131, -8.749390, 10.183716 
202797243091528, -1.747131, -9.048462, 10.334778 
202797262958471, -1.747131, -9.048462, 10.334778 
202797282825414, -1.747131, -8.898926, 10.333252 
202797302692358, -1.745605, -9.199524, 10.334778 
202797322559301, -1.744080, -9.498596, 10.336304 
202797342426244, -1.745605, -9.199524, 10.334778 
202797362293188, -1.747131, -9.048462, 10.334778 
202797382160131, -1.594543, -9.049988, 10.334778 
202797402027074, -1.593018, -9.051514, 10.633850 
202797421894018, -1.593018, -9.051514, 10.633850 
202797441760961, -1.593018, -9.051514, 10.633850 
202797461627904, -1.593018, -9.051514, 10.633850 
202797481494848, -1.593018, -8.901978, 10.632324 
202797501361791, -1.593018, -8.901978, 10.632324 
202797521228735, -1.745605, -8.900452, 10.632324 
202797541065160, -1.895142, -8.900452, 10.632324 
202797560932104, -1.895142, -8.900452, 10.632324 
202797580768529, -1.895142, -8.752441, 10.780334 
202797600635473, -1.895142, -8.752441, 10.780334 
202797620502416, -1.895142, -8.752441, 10.780334 
202797640399877, -1.895142, -8.752441, 10.780334 
202797660266820, -1.895142, -8.752441, 10.780334 
202797680133764, -1.895142, -8.901978, 10.780334 
202797700000707, -1.895142, -8.901978, 10.780334 
202797719867651, -1.895142, -8.901978, 10.780334 
202797739734594, -1.895142, -8.752441, 10.780334 
202797759601537, -1.895142, -8.900452, 10.632324 
202797779468481, -1.895142, -8.900452, 10.632324 
202797799335424, -1.895142, -8.900452, 10.632324 
202797819202367, -1.895142, -9.049988, 10.633850 
202797839069311, -1.896667, -8.898926, 10.333252 
202797858936254, -1.747131, -8.898926, 10.183716 
202797878803197, -1.748657, -8.897400, 9.884644 
202797898670141, -1.745605, -8.900452, 10.632324 
202797918506567, -1.747131, -9.048462, 10.334778 
202797938404028, -1.747131, -8.749390, 10.333252 
202797958270971, -1.747131, -8.749390, 10.333252 
202797978137914, -2.198792, -8.747864, 10.331726 
202797998004858, -2.197266, -9.197998, 10.333252 
202798017871801, -2.197266, -9.197998, 10.333252 
202798037738744, -2.197266, -9.197998, 10.333252 
202798057605688, -2.197266, -9.197998, 10.333252 
202798077472631, -2.197266, -9.197998, 10.333252 
202798097309057, -2.197266, -9.197998, 10.183716 
202798117176000, -2.198792, -9.196472, 9.736633 
202798137042944, -2.200317, -9.045410, 9.884644 
202798156909887, -2.198792, -9.046936, 10.034180 
202798176776830, -2.200317, -9.045410, 9.884644 
202798196643774, -2.200317, -9.045410, 9.884644 
202798216541235, -2.200317, -9.045410, 9.884644 
202798236408178, -2.200317, -8.895874, 9.883118 
202798256275121, -2.198792, -8.747864, 10.182190 
202798276142065, -2.197266, -8.752441, 11.227417 
202798296009008, -2.197266, -8.752441, 11.227417 
202798315845434, -2.348328, -8.599854, 11.225891 
202798335712377, -2.346802, -8.601379, 11.672974 
202798355579320, -2.348328, -8.599854, 11.225891 
202798375415746, -2.349854, -8.300781, 11.225891 
202798395282690, -2.348328, -8.599854, 11.225891 
202798415149633, -2.348328, -8.599854, 11.225891 
202798435016576, -2.348328, -8.599854, 11.225891 
202798454883520, -2.348328, -8.599854, 11.225891 
202798474750463, -2.198792, -8.599854, 11.225891 
202798494617406, -2.198792, -8.599854, 11.225891 
202798514514867, -1.896667, -8.601379, 11.227417 
202798534412328, -1.747131, -8.601379, 11.227417 
202798554279272, -1.747131, -8.599854, 10.928345 
202798574146215, -1.747131, -8.749390, 10.333252 
202798593982641, -1.593018, -8.753967, 10.780334 
202798613849584, -1.593018, -8.753967, 10.780334 
202798633716528, -1.745605, -8.750916, 10.632324 
202798653583471, -1.745605, -8.750916, 10.632324 
202798673450414, -1.747131, -8.749390, 10.333252 
202798693317358, -1.747131, -8.749390, 10.333252 
202798713184301, -1.747131, -8.749390, 10.333252 
202798733051244, -1.594543, -8.750916, 10.333252 
202798752918188, -1.594543, -8.750916, 10.333252 
202798772785131, -1.594543, -8.750916, 10.333252 
202798792682592, -1.747131, -8.749390, 10.333252 
202798812519018, -1.896667, -8.749390, 10.333252 
202798832416479, -1.896667, -8.749390, 10.333252 
202798852252904, -1.896667, -8.749390, 10.333252 
202798872119848, -1.896667, -8.749390, 10.333252 
202798891986791, -1.895142, -8.750916, 10.632324 
202798911853735, -1.895142, -8.750916, 10.632324 
202798931720678, -1.895142, -8.750916, 10.632324 
202798951587621, -1.895142, -8.752441, 10.929871 
202798971454565, -1.896667, -8.749390, 10.333252 
202798991321508, -1.896667, -8.749390, 10.333252 
202799011157934, -1.896667, -8.749390, 10.333252 
202799030994360, -2.198792, -8.747864, 10.331726 
202799050861303, -2.349854, -8.595276, 10.330200 
202799070758764, -2.200317, -8.595276, 10.330200 
202799090625707, -2.200317, -8.595276, 10.330200 
202799110492651, -2.200317, -8.595276, 10.330200 
202799130359594, -2.200317, -8.595276, 10.330200 
202799150226537, -2.200317, -8.595276, 10.330200 
202799170123998, -2.198792, -8.596802, 10.629272 
202799189960424, -2.198792, -8.596802, 10.629272 
202799209827367, -2.197266, -8.898926, 10.630798 
202799229694311, -2.197266, -8.898926, 10.630798 
202799249561254, -1.895142, -8.900452, 10.632324 
202799269428197, -1.895142, -8.900452, 10.632324 
202799289295141, -1.895142, -9.049988, 10.633850 
202799309162084, -1.895142, -9.049988, 10.633850 
202799329029028, -1.895142, -9.049988, 10.633850 
202799348895971, -1.895142, -9.049988, 10.633850 
202799368793432, -1.895142, -8.901978, 10.780334 
202799388629858, -1.895142, -8.901978, 10.780334 
202799408496801, -1.895142, -8.901978, 10.780334 
202799428363744, -1.895142, -8.901978, 10.780334 
202799448230688, -1.895142, -8.901978, 10.780334 
202799468097631, -1.895142, -8.901978, 10.780334 
202799487964574, -1.895142, -8.901978, 10.780334 
202799507831518, -1.593018, -8.901978, 10.632324 
202799527698461, -1.293945, -9.500122, 9.887695 
202799547565404, -1.292419, -9.501648, 10.037231 
202799567401830, -1.141357, -9.649658, 9.889221 
202799587268774, -0.238037, -9.655762, 10.040283 
202799607135717, -0.238037, -9.655762, 10.040283 
202799627002660, -0.238037, -9.655762, 10.040283 
202799646900121, -0.538635, -9.654236, 10.040283 
202799666767065, -0.538635, -9.504700, 10.040283 
202799686634008, -0.538635, -9.504700, 10.040283 
202799706500951, -0.541687, -9.054565, 10.038757 
202799726367895, -0.541687, -8.905029, 10.037231 
202799746234838, -0.541687, -8.905029, 10.037231 
202799766101781, -0.541687, -8.755493, 10.186768 
202799785931152, -1.296997, -8.599854, 10.331726 
202799805798096, -1.594543, -8.599854, 10.630798 
202799825665039, -1.747131, -8.599854, 11.076355 
202799845531982, -1.896667, -8.599854, 10.928345 
202799865398926, -1.896667, -8.599854, 11.076355 
202799885265869, -2.348328, -8.598328, 10.777283 
202799905132812, -2.198792, -8.598328, 10.777283 
202799924999756, -2.198792, -8.598328, 10.777283 
202799944897217, -2.198792, -8.598328, 10.777283 
202799964764160, -2.198792, -9.046936, 10.333252 
202799984600586, -2.195740, -9.497070, 10.334778 
202800004467529, -2.195740, -9.947205, 9.887695 
202800024334473, -2.197266, -9.645081, 9.886169 
202800044201416, -1.747131, -9.048462, 10.185242 
202800064068359, -1.594543, -9.049988, 10.035706 
202800083935303, -1.295471, -9.051514, 10.185242 
202800103802246, -1.295471, -9.051514, 10.185242 
202800123638672, -1.295471, -8.901978, 10.183716 
202800143505615, -0.843811, -8.903503, 10.185242 
202800163372558, -1.295471, -8.901978, 10.183716 
202800183239502, -1.295471, -8.901978, 10.183716 
202800203106445, -1.295471, -8.901978, 10.333252 
202800222973389, -1.295471, -8.901978, 10.333252 
202800242840332, -1.295471, -8.901978, 10.333252 
202800262707275, -1.295471, -8.901978, 10.333252 
202800282604736, -1.295471, -8.901978, 10.333252 
202800302471680, -1.747131, -8.898926, 10.333252 
202800322338623, -1.747131, -8.898926, 10.333252 
202800342175049, -1.747131, -8.898926, 10.333252 
202800362041992, -1.747131, -8.898926, 10.333252 
202800381908935, -1.747131, -8.898926, 10.333252 
202800401775879, -1.747131, -8.898926, 10.333252 
202800421642822, -1.747131, -8.898926, 10.183716 
202800441509765, -1.747131, -8.749390, 10.333252 
202800461376709, -1.896667, -8.898926, 10.183716 
202800481243652, -1.898193, -9.046936, 9.886169 
202800501110596, -2.200317, -8.895874, 9.883118 
202800520977539, -2.200317, -8.895874, 9.883118 
202800540844482, -2.200317, -8.894348, 9.436035 
202800560711426, -2.201843, -8.741760, 8.837891 
202800580578369, -2.352905, -8.889771, 8.390808 
202800600445312, -2.349854, -8.894348, 9.286499 
202800620312256, -2.351379, -8.592224, 9.284973 
202800640179199, -2.349854, -8.894348, 9.286499 
202800660046142, -2.349854, -8.894348, 9.286499 
202800679913086, -2.349854, -8.894348, 9.286499 
202800699780029, -2.200317, -8.895874, 9.883118 
202800719646973, -2.198792, -8.897400, 10.032654 
202800739483398, -1.593018, -8.901978, 10.632324 
202800759380859, -1.745605, -8.901978, 10.929871 
202800779217285, -1.747131, -8.898926, 10.333252 
202800799114746, -1.745605, -8.900452, 10.632324 
202800818981689, -1.745605, -8.903503, 11.228943 
202800838848633, -1.895142, -8.901978, 10.929871 
202800858715576, -1.895142, -8.901978, 10.780334 
202800878582519, -1.895142, -8.901978, 10.780334 
202800898449463, -1.895142, -8.901978, 10.780334 
202800918316406, -1.895142, -8.901978, 10.780334 
202800938183349, -1.895142, -8.901978, 10.780334 
202800958019775, -2.198792, -8.897400, 10.331726 
202800977886719, -2.198792, -8.897400, 10.182190 
202800997753662, -2.198792, -8.897400, 10.182190 
202801017620605, -2.200317, -8.895874, 9.883118 
202801037487549, -2.200317, -8.895874, 9.735107 
202801057354492, -2.201843, -8.892822, 9.136963 
202801077251953, -2.200317, -8.894348, 9.436035 
202801097118896, -2.200317, -8.894348, 9.436035 
202801116985840, -1.898193, -8.895874, 9.437561 
202801136822265, -1.898193, -8.895874, 9.437561 
202801156689209, -1.898193, -8.895874, 9.437561 
202801176556152, -1.898193, -8.895874, 9.437561 
202801196423096, -1.898193, -8.897400, 9.736633 
202801216290039, -1.898193, -8.895874, 9.437561 
202801236156982, -1.898193, -8.897400, 9.736633 
202801256023926, -2.200317, -8.895874, 9.735107 
202801275890869, -2.200317, -8.895874, 9.883118 
202801295757812, -2.200317, -8.895874, 9.883118 
202801315624756, -2.198792, -9.046936, 10.034180 
202801335491699, -2.195740, -9.497070, 10.035706 
202801355328125, -2.198792, -8.747864, 10.032654 
202801375225586, -2.198792, -8.747864, 10.032654 
202801395092529, -2.198792, -8.747864, 10.032654 
202801414959473, -2.348328, -8.747864, 10.032654 
202801434826416, -2.348328, -8.747864, 10.032654 
202801454693359, -2.198792, -8.747864, 10.032654 
202801474560303, -2.198792, -8.747864, 10.032654 
202801494427246, -2.198792, -8.747864, 10.032654 
202801514294189, -2.198792, -8.747864, 10.032654 
202801534161133, -2.198792, -8.747864, 10.032654 
202801553997558, -2.198792, -8.747864, 10.032654 
202801573864502, -2.198792, -8.747864, 10.032654 
202801593731445, -1.896667, -8.749390, 10.034180 
202801613598389, -1.898193, -8.746338, 9.437561 
202801633465332, -1.898193, -8.895874, 9.437561 
202801653362793, -1.748657, -8.895874, 9.437561 
202801673229736, -1.748657, -8.895874, 9.437561 
202801693096680, -1.596069, -8.897400, 9.288025 
202801712963623, -1.596069, -8.897400, 9.288025 
202801732830566, -1.596069, -8.897400, 9.288025 
202801752697510, -1.596069, -9.046936, 9.289551 
202801772564453, -1.596069, -9.046936, 9.289551 
202801792431396, -1.748657, -9.045410, 9.289551 
202801812267822, -2.200317, -9.043884, 9.288025 
202801832134765, -1.898193, -9.045410, 9.289551 
202801852001709, -1.748657, -9.045410, 9.439087 
202801871868652, -1.748657, -9.046936, 9.738159 
202801891735596, -1.748657, -9.045410, 9.439087 
202801911602539, -1.748657, -9.045410, 9.439087 
202801931469482, -1.748657, -9.045410, 9.439087 
202801951336426, -1.747131, -9.196472, 9.439087 
202801971203369, -1.747131, -9.196472, 9.439087 
202801991070312, -1.896667, -9.196472, 9.289551 
202802010937256, -1.896667, -9.196472, 9.289551 
202802030804199, -1.747131, -9.197998, 9.738159 
202802050671142, -1.747131, -9.197998, 9.738159 
202802070538086, -1.747131, -9.197998, 9.738159 
202802090405029, -1.594543, -9.199524, 9.738159 
202802110271973, -1.594543, -9.199524, 9.886169 
202802130138916, -1.141357, -9.202576, 10.037231 
202802150005859, -1.895142, -9.199524, 10.185242 
202802169872803, -1.142883, -9.051514, 10.186768 
202802189739746, -1.747131, -9.048462, 10.035706 
202802209606689, -1.593018, -9.201050, 10.035706 
202802229504150, -1.593018, -9.201050, 10.035706 
202802249340576, -1.295471, -9.051514, 10.334778 
202802269207519, -1.293945, -9.202576, 10.334778 
202802289074463, -1.293945, -9.202576, 10.334778 
202802308941406, -1.293945, -9.202576, 10.334778 
202802328808349, -1.293945, -9.202576, 10.334778 
202802348675293, -1.293945, -9.202576, 10.334778 
202802368542236, -1.593018, -9.201050, 10.334778 
202802388409180, -1.745605, -9.199524, 10.334778 
202802408276123, -1.747131, -9.048462, 10.334778 
202802428143066, -1.745605, -9.199524, 10.334778 
202802448010010, -1.747131, -9.197998, 9.738159 
202802467846435, -1.747131, -9.197998, 9.738159 
202802487713379, -1.747131, -9.197998, 9.738159 
202802507610840, -1.747131, -9.197998, 9.738159 
202802527477783, -1.747131, -9.197998, 9.738159 
202802547344726, -1.748657, -9.046936, 9.738159 
202802567211670, -1.892090, -9.799194, 10.038757 
202802587078613, -1.893616, -9.498596, 10.037231 
202802606945557, -1.895142, -9.199524, 10.035706 
202802626812500, -1.895142, -9.199524, 10.334778 
202802646648926, -1.895142, -9.199524, 10.185242 
202802666485351, -1.895142, -9.199524, 10.185242 
202802686352295, -1.895142, -9.049988, 10.633850 
202802706219238, -1.895142, -8.900452, 10.632324 
202802726086182, -1.895142, -8.900452, 10.632324 
202802745953125, -1.895142, -8.900452, 10.632324 
202802765820068, -1.747131, -8.898926, 10.333252 
202802785687012, -1.747131, -8.898926, 10.333252 
202802805584473, -1.745605, -8.901978, 10.780334 
202802825451416, -1.745605, -8.901978, 10.780334 
202802845318359, -1.745605, -8.901978, 10.780334 
202802865185303, -1.745605, -8.901978, 10.780334 
202802885052246, -1.745605, -8.901978, 10.780334 
202802904919189, -1.745605, -8.901978, 10.780334 
202802924786133, -1.745605, -8.901978, 10.780334 
202802944653076, -1.745605, -8.901978, 10.780334 
202802964520019, -1.745605, -9.051514, 10.781860 
202802984386963, -1.745605, -8.900452, 10.632324 
202803004253906, -1.747131, -8.898926, 10.333252 
202803024090332, -1.896667, -8.898926, 10.333252 
202803043957275, -1.898193, -9.046936, 9.886169 
202803063824219, -1.898193, -9.045410, 9.439087 
202803083721680, -1.898193, -9.046936, 9.738159 
202803103588623, -1.898193, -9.046936, 9.738159 
202803123455566, -1.898193, -9.046936, 9.738159 
202803143322510, -1.898193, -9.046936, 9.738159 
202803163189453, -1.898193, -9.046936, 9.738159 
202803183025879, -1.898193, -9.046936, 9.738159 
202803202892822, -1.898193, -9.046936, 9.738159 
202803222759765, -1.898193, -9.046936, 9.738159 
202803242626709, -1.898193, -9.046936, 9.738159 
202803262493652, -1.898193, -9.046936, 9.738159 
202803282360596, -1.898193, -9.046936, 9.738159 
202803302227539, -1.898193, -9.046936, 9.738159 
202803322094482, -1.898193, -9.046936, 9.738159 
202803341961426, -1.898193, -9.046936, 9.738159 
202803361828369, -1.898193, -9.046936, 9.738159 
202803381725830, -1.898193, -9.046936, 9.738159 
202803401592773, -1.898193, -8.747864, 9.736633 
202803421429199, -1.895142, -8.752441, 10.929871 
202803441296142, -1.895142, -8.752441, 10.929871 
202803461163086, -1.745605, -8.752441, 10.929871 
202803481030029, -1.141357, -8.755493, 10.931396 
202803500896973, -1.293945, -8.755493, 10.780334 
202803520763916, -1.293945, -8.755493, 10.780334 
202803540630859, -1.293945, -8.753967, 10.632324 
202803560497803, -1.295471, -8.752441, 10.183716 
202803580334228, -1.296997, -8.599854, 10.182190 
202803600201172, -1.295471, -8.601379, 10.630798 
202803620068115, -1.298523, -8.300781, 10.331726 
202803639935058, -1.298523, -8.300781, 10.331726 
202803659832519, -1.298523, -8.300781, 10.331726 
202803679699463, -1.296997, -8.599854, 10.331726 
202803699566406, -1.596069, -8.598328, 10.331726 
202803719433349, -1.596069, -8.598328, 10.331726 
202803739300293, -1.594543, -8.750916, 10.333252 
202803759167236, -1.594543, -9.049988, 10.334778 
202803779034180, -1.593018, -9.201050, 10.334778 
202803798870605, -1.593018, -9.201050, 10.334778 
202803818737549, -1.593018, -9.201050, 10.334778 
202803838604492, -1.594543, -8.750916, 10.333252 
202803858471435, -1.594543, -8.750916, 10.333252 
202803878338379, -1.594543, -8.750916, 10.333252 
202803898205322, -1.594543, -8.750916, 10.333252 
202803918072265, -1.594543, -8.750916, 10.333252 
202803937969726, -1.594543, -8.750916, 10.333252 
