1548290781020 -0.102956 -0.097682 9.805623  
1548310586928 -0.102508 -0.097157 9.805634  
1548330392836 -0.102303 -0.097188 9.805635  
1548350229262 -0.103148 -0.097988 9.805618  
1548370035170 -0.102327 -0.097292 9.805634  
1548389841079 -0.101991 -0.096709 9.805643  
1548409677504 -0.102602 -0.097274 9.805632  
1548429483413 -0.102138 -0.097010 9.805638  
1548449289321 -0.101702 -0.096763 9.805645  
1548469125747 -0.102326 -0.097466 9.805633  
1548488946998 -0.101987 -0.097156 9.805638  
1548508752907 -0.101438 -0.096345 9.805653  
1548528589332 -0.102013 -0.096803 9.805642  
1548548395241 -0.101928 -0.096834 9.805642  
1548568201149 -0.101150 -0.096676 9.805651  
1548588037575 -0.101716 -0.097504 9.805638  
1548607843483 -0.101747 -0.097606 9.805637  
1548627649391 -0.101190 -0.097182 9.805647  
1548647485817 -0.101459 -0.097987 9.805636  
1548667291725 -0.101305 -0.097938 9.805637  
1548687097633 -0.100669 -0.097002 9.805654  
1548706934059 -0.101132 -0.097253 9.805647  
1548726739967 -0.101016 -0.097499 9.805645  
1548746576393 -0.100400 -0.096587 9.805661  
1548766412819 -0.100612 -0.097003 9.805655  
1548786218727 -0.101052 -0.097073 9.805649  
1548806024635 -0.100393 -0.096392 9.805662  
1548825861061 -0.102560 -0.098957 9.805614  
1548845666969 -0.102615 -0.099149 9.805612  
1548865472877 -0.101961 -0.098673 9.805624  
1548885309303 -0.102003 -0.099169 9.805618  
1548905115211 -0.102135 -0.099434 9.805614  
1548924921119 -0.101435 -0.098461 9.805631  
1548944757545 -0.101441 -0.098588 9.805631  
1548964563453 -0.101845 -0.098703 9.805624  
1548984369362 -0.101420 -0.097807 9.805638  
1549004205787 -0.101390 -0.097849 9.805638  
1549024011696 -0.101597 -0.098474 9.805629  
1549043848121 -0.101012 -0.097858 9.805642  
1549063684547 -0.101099 -0.097779 9.805642  
1549083490455 -0.101613 -0.098257 9.805631  
1549103296364 -0.101252 -0.097282 9.805645  
1549123132789 -0.101077 -0.096888 9.805650  
1549142938698 -0.101333 -0.097613 9.805641  
1549162744606 -0.100548 -0.096679 9.805657  
1549182581032 -0.100233 -0.096401 9.805664  
1549202386940 -0.100324 -0.097114 9.805655  
1549222192848 -0.099882 -0.096837 9.805663  
1549242029274 -0.099476 -0.096621 9.805670  
1549261835182 -0.099791 -0.097033 9.805663  
1549281641090 -0.099475 -0.097012 9.805665  
1549301477516 -0.098942 -0.096664 9.805675  
1549321313942 -0.099442 -0.096992 9.805666  
1549341119850 -0.099320 -0.097174 9.805665  
1549360956276 -0.098525 -0.096743 9.805678  
1549380762184 -0.098685 -0.097372 9.805671  
1549400568092 -0.098900 -0.097237 9.805669  
1549420404518 -0.098240 -0.096544 9.805683  
1549440210426 -0.098074 -0.096751 9.805682  
1549460016334 -0.098473 -0.097273 9.805674  
1549479852760 -0.097838 -0.096421 9.805688  
1549499658668 -0.098039 -0.096482 9.805685  
1549519464577 -0.098535 -0.096619 9.805679  
1549539301002 -0.097940 -0.096087 9.805690  
1549559106911 -0.097580 -0.095908 9.805696  
1549578912819 -0.098137 -0.096405 9.805686  
1549598749244 -0.097619 -0.095716 9.805696  
1549618585670 -0.097378 -0.095622 9.805701  
1549638391578 -0.097970 -0.096351 9.805688  
1549658228004 -0.097503 -0.096077 9.805695  
1549678033912 -0.097108 -0.095675 9.805703  
1549697839821 -0.097472 -0.096363 9.805692  
1549717676246 -0.097352 -0.095789 9.805698  
1549737482155 -0.096889 -0.095244 9.805709  
1549757288063 -0.097499 -0.095931 9.805696  
1549777124489 -0.097455 -0.095234 9.805703  
1549796930397 -0.096909 -0.094375 9.805717  
1549816736305 -0.097443 -0.094924 9.805707  
1549836572731 -0.097353 -0.094898 9.805708  
1549856378639 -0.096784 -0.094227 9.805719  
1549876184547 -0.097261 -0.094654 9.805711  
1549896020973 -0.097706 -0.094507 9.805708  
1549915857399 -0.097076 -0.094054 9.805718  
1549935663307 -0.097291 -0.094696 9.805710  
1549955499733 -0.097523 -0.094812 9.805707  
1549975305641 -0.096858 -0.093897 9.805722  
1549995111549 -0.097001 -0.094240 9.805717  
1550014947975 -0.097296 -0.094677 9.805710  
1550034753883 -0.096395 -0.093772 9.805729  
1550054559791 -0.096516 -0.094055 9.805724  
1550074396217 -0.096827 -0.094566 9.805716  
1550094202125 -0.096177 -0.093873 9.805729  
1550114008034 -0.096250 -0.094345 9.805724  
1550133844459 -0.096658 -0.094610 9.805717  
1550153650368 -0.096034 -0.093709 9.805732  
1550173486793 -0.096081 -0.093881 9.805730  
1550193323219 -0.096279 -0.094269 9.805724  
1550213129127 -0.095622 -0.093603 9.805737  
1550232935036 -0.095870 -0.093607 9.805735  
1550252771461 -0.096305 -0.094254 9.805724  
1550272577369 -0.095698 -0.093649 9.805736  
