# Created at Tue Jun 08 20:25:02 GMT+02:00 2021 in Copenhagen 
17059156605440, -0.138275, -0.147858, 9.824814 
17059176441866, -0.133499, -0.131104, 9.815247 
17059196247774, -0.138275, -0.121536, 9.808075 
17059216053682, -0.135880, -0.116745, 9.808075 
17059235890108, -0.145462, -0.109573, 9.817642 
17059255696016, -0.135880, -0.131104, 9.829605 
17059275532442, -0.147842, -0.147858, 9.755432 
17059295338350, -0.150238, -0.152649, 9.815247 
17059315144258, -0.138275, -0.131104, 9.810471 
17059334980684, -0.135880, -0.126328, 9.793716 
17059354786592, -0.133499, -0.123932, 9.788925 
17059374623018, -0.128708, -0.121536, 9.800888 
17059394428926, -0.138275, -0.126328, 9.805679 
17059414234835, -0.140671, -0.133499, 9.798492 
17059434071260, -0.145462, -0.138290, 9.793716 
17059453907686, -0.138275, -0.143066, 9.796112 
17059473713594, -0.140671, -0.131104, 9.779358 
17059493550020, -0.128708, -0.119141, 9.798492 
17059513355928, -0.133499, -0.121536, 9.788925 
17059533161836, -0.145462, -0.123932, 9.786530 
17059552998262, -0.140671, -0.119141, 9.786530 
17059572804170, -0.147842, -0.131104, 9.796112 
17059592640596, -0.145462, -0.131104, 9.788925 
17059612446504, -0.133499, -0.133499, 9.791321 
17059632252413, -0.128708, -0.133499, 9.791321 
17059652088838, -0.138275, -0.133499, 9.800888 
17059671894747, -0.150238, -0.143066, 9.788925 
17059691700655, -0.159821, -0.140686, 9.798492 
17059711537081, -0.138275, -0.126328, 9.798492 
17059731373506, -0.114349, -0.121536, 9.793716 
17059751179415, -0.107178, -0.126328, 9.798492 
17059771015840, -0.150238, -0.123932, 9.798492 
17059790821749, -0.174164, -0.126328, 9.810471 
17059810658174, -0.166992, -0.131104, 9.796112 
17059830464083, -0.138275, -0.143066, 9.803284 
17059850269991, -0.111954, -0.145462, 9.788925 
17059870106417, -0.109558, -0.140686, 9.798492 
17059889912325, -0.133499, -0.119141, 9.800888 
17059909718233, -0.145462, -0.123932, 9.793716 
17059929554659, -0.159821, -0.133499, 9.793716 
17059949360567, -0.166992, -0.145462, 9.793716 
17059969166475, -0.131104, -0.140686, 9.803284 
17059989002901, -0.114349, -0.138290, 9.800888 
17060008839327, -0.114349, -0.111969, 9.793716 
17060028675752, -0.135880, -0.109573, 9.788925 
17060048481661, -0.155029, -0.111969, 9.788925 
17060068287569, -0.169388, -0.135895, 9.800888 
17060088123995, -0.138275, -0.159821, 9.786530 
17060107929903, -0.126312, -0.159821, 9.776962 
17060127735811, -0.102386, -0.152649, 9.781754 
17060147572237, -0.114349, -0.111969, 9.781754 
17060167378145, -0.143066, -0.090424, 9.779358 
17060187205602, -0.162201, -0.097610, 9.791321 
17060207042028, -0.116745, -0.078461, 9.791321 
17060226847936, -0.171783, -0.202896, 9.738678 
17060246684362, -0.068893, -0.102402, 9.827209 
17060266490270, -0.150238, -0.178970, 9.896606 
17060286296178, -0.169388, -0.188538, 9.487427 
17060306132604, -0.171783, -0.133499, 9.781754 
17060325969030, -0.133499, -0.064102, 9.805679 
17060345774938, -0.092819, -0.061722, 9.803284 
17060365611364, -0.107178, -0.116745, 9.741074 
17060385417272, -0.140671, -0.183746, 9.853531 
17060405253698, -0.157425, -0.210068, 9.793716 
17060425059606, -0.178955, -0.207672, 9.575974 
17060444865514, -0.135880, -0.085648, 9.767395 
17060464701940, -0.102386, -0.021042, 9.808075 
17060484507848, -0.095215, -0.037781, 9.762604 
17060504313757, -0.147842, -0.138290, 9.908569 
17060524150182, -0.178955, -0.245956, 9.540070 
17060543956091, -0.164597, -0.231613, 9.731506 
17060563761999, -0.097595, -0.111969, 9.824814 
17060583598425, -0.102386, -0.059326, 9.748245 
17060603434850, -0.152634, -0.073685, 9.867889 
17060623271276, -0.178955, -0.145462, 9.683640 
17060643077184, -0.159821, -0.174179, 9.650146 
17060662883092, -0.085632, -0.104782, 9.820038 
17060682719518, -0.085632, -0.095215, 9.738678 
17060702525426, -0.152634, -0.145462, 9.855927 
17060722331335, -0.195709, -0.205292, 9.719543 
17060742167760, -0.181351, -0.195709, 9.630997 
17060761973669, -0.092819, -0.061722, 9.817642 
17060781779577, -0.068893, -0.028214, 9.738678 
17060801616003, -0.155029, -0.107178, 9.858322 
17060821421911, -0.202881, -0.212463, 9.695602 
17060841258337, -0.188522, -0.217255, 9.647751 
17060861094762, -0.088028, -0.090424, 9.817642 
17060880900671, -0.073669, -0.068893, 9.748245 
17060900737096, -0.145462, -0.114365, 9.870285 
17060920543005, -0.176559, -0.181351, 9.645355 
17060940348913, -0.171783, -0.169388, 9.681259 
17060960185339, -0.107178, -0.064102, 9.834396 
17060979991247, -0.102386, -0.073685, 9.748245 
17060999797155, -0.155029, -0.167007, 9.887039 
17061019633581, -0.198105, -0.233994, 9.556824 
17061039439489, -0.152634, -0.157425, 9.750641 
17061059275915, -0.078461, -0.018646, 9.832001 
17061079081823, -0.099991, -0.035400, 9.748245 
17061098887731, -0.193314, -0.147858, 9.922928 
17061118724157, -0.193314, -0.245956, 9.480255 
17061138530065, -0.135880, -0.193329, 9.788925 
17061158366491, -0.080856, -0.102402, 9.805679 
17061178202917, -0.099991, -0.078461, 9.764999 
17061198008825, -0.166992, -0.109573, 9.922928 
17061217814733, -0.202881, -0.164612, 9.482651 
17061237651159, -0.135880, -0.104782, 9.764999 
17061257457067, -0.080856, -0.071289, 9.800888 
17061277293493, -0.114349, -0.133499, 9.793716 
17061297099401, -0.174164, -0.226822, 9.889420 
17061316905309, -0.195709, -0.231613, 9.513748 
17061336741735, -0.116745, -0.073685, 9.755432 
17061356547643, -0.078461, 0.000504, 9.769791 
17061376353551, -0.138275, -0.059326, 9.843964 
17061396189977, -0.190918, -0.198105, 9.779358 
17061415995885, -0.178955, -0.248352, 9.592712 
17061435832311, -0.090424, -0.143066, 9.808075 
17061455668737, -0.088028, -0.100006, 9.750641 
17061475474645, -0.157425, -0.100006, 9.877457 
17061495311071, -0.195709, -0.162216, 9.623825 
17061515116979, -0.169388, -0.135895, 9.695602 
17061534922887, -0.080856, -0.040176, 9.846359 
17061554759313, -0.078461, -0.085648, 9.753036 
17061574565221, -0.171783, -0.200500, 9.913361 
17061594371130, -0.202881, -0.265106, 9.504181 
17061614207555, -0.150238, -0.152649, 9.769791 
17061634013464, -0.076065, -0.016251, 9.827209 
17061653849889, -0.116745, -0.025818, 9.769791 
17061673655798, -0.171783, -0.133499, 9.934891 
17061693461706, -0.188522, -0.229218, 9.499390 
17061713298132, -0.116745, -0.167007, 9.781754 
17061733134557, -0.073669, -0.102402, 9.779358 
17061752940466, -0.135880, -0.111969, 9.848755 
17061772776891, -0.193314, -0.167007, 9.748245 
17061792582800, -0.171783, -0.169388, 9.626221 
17061812419225, -0.095215, -0.040176, 9.832001 
17061832225134, -0.078461, -0.054535, 9.745865 
17061852031042, -0.152634, -0.164612, 9.879852 
17061871867467, -0.207672, -0.257935, 9.552032 
17061891673376, -0.164597, -0.205292, 9.757828 
17061911479284, -0.080856, -0.054535, 9.841568 
17061931315710, -0.092819, -0.040176, 9.774567 
17061951121618, -0.171783, -0.131104, 9.922928 
17061970927526, -0.190918, -0.198105, 9.516144 
17061990763952, -0.116745, -0.116745, 9.779358 
17062010600378, -0.088028, -0.097610, 9.767395 
17062030436803, -0.135880, -0.135895, 9.855927 
17062050242712, -0.181351, -0.200500, 9.741074 
17062070048620, -0.171783, -0.188538, 9.623825 
17062089885046, -0.085632, -0.033005, 9.839172 
17062109690954, -0.085632, -0.018646, 9.748245 
17062129496862, -0.174164, -0.140686, 9.939682 
17062149333288, -0.207672, -0.260315, 9.480255 
17062169139196, -0.133499, -0.178970, 9.798492 
17062188945104, -0.066498, -0.073685, 9.800888 
17062208781530, -0.107178, -0.090424, 9.810471 
17062228587438, -0.181351, -0.143066, 9.846359 
17062248423864, -0.188522, -0.178970, 9.561615 
17062268229772, -0.097595, -0.064102, 9.817642 
17062288035680, -0.078461, -0.078461, 9.755432 
17062307872106, -0.157425, -0.159821, 9.908569 
17062327708532, -0.195709, -0.248352, 9.530502 
17062347514440, -0.150238, -0.178970, 9.781754 
17062367350866, -0.078461, -0.040176, 9.820038 
17062387156774, -0.114349, -0.028214, 9.784149 
17062406993200, -0.181351, -0.147858, 9.894211 
17062426799108, -0.188522, -0.229218, 9.549652 
17062446605016, -0.109558, -0.128708, 9.791321 
17062466441442, -0.076065, -0.083252, 9.762604 
17062486247350, -0.138275, -0.128708, 9.841568 
17062506053259, -0.200485, -0.188538, 9.686035 
17062525889684, -0.174164, -0.169388, 9.671677 
17062545695592, -0.078461, -0.042572, 9.836792 
17062565501501, -0.083237, -0.052139, 9.750641 
17062585337926, -0.162201, -0.167007, 9.927719 
17062605174352, -0.198105, -0.260315, 9.487427 
17062625010778, -0.143066, -0.162216, 9.798492 
17062644816686, -0.078461, -0.047363, 9.805679 
17062664622594, -0.128708, -0.068893, 9.817642 
17062684459020, -0.193314, -0.157425, 9.800888 
17062704264928, -0.176559, -0.193329, 9.583145 
17062724070837, -0.090424, -0.088043, 9.836792 
17062743907262, -0.085632, -0.088043, 9.743469 
17062763713171, -0.152634, -0.171783, 9.906174 
17062783549596, -0.188522, -0.226822, 9.516144 
17062803355505, -0.171783, -0.152649, 9.762604 
17062823161413, -0.092819, -0.033005, 9.841568 
17062842997839, -0.095215, -0.049759, 9.762604 
17062862834264, -0.164597, -0.169388, 9.937286 
17062882640173, -0.188522, -0.262711, 9.516144 
17062902476598, -0.119141, -0.131104, 9.772186 
17062922282507, -0.083237, -0.052139, 9.769791 
17062942088415, -0.157425, -0.097610, 9.870285 
17062961924841, -0.193314, -0.188538, 9.645355 
17062981730749, -0.155029, -0.167007, 9.697998 
17063001567175, -0.061707, -0.064102, 9.839172 
17063021373083, -0.092819, -0.083252, 9.764999 
17063041178991, -0.186142, -0.186142, 9.910965 
17063061015417, -0.205276, -0.238785, 9.525711 
17063080821325, -0.111954, -0.092819, 9.781754 
17063100627233, -0.078461, -0.037781, 9.753036 
17063120463659, -0.126312, -0.097610, 9.851135 
17063140269567, -0.183746, -0.190933, 9.717148 
17063160105993, -0.171783, -0.212463, 9.638184 
17063179942419, -0.092819, -0.071289, 9.843964 
17063199748327, -0.107178, -0.068893, 9.750641 
17063219584753, -0.174164, -0.145462, 9.946854 
17063239390661, -0.193314, -0.217255, 9.475464 
17063259196569, -0.131104, -0.131104, 9.788925 
17063279032995, -0.076065, -0.054535, 9.817642 
17063298838903, -0.114349, -0.059326, 9.793716 
17063318675329, -0.193314, -0.174179, 9.877457 
17063338481237, -0.202881, -0.233994, 9.537689 
17063358287145, -0.097595, -0.109573, 9.808075 
17063378123571, -0.066498, -0.073685, 9.755432 
17063397929479, -0.152634, -0.131104, 9.908569 
17063417735387, -0.195709, -0.202896, 9.516144 
17063437571813, -0.143066, -0.135895, 9.791321 
17063457408239, -0.076065, -0.054535, 9.808075 
17063477214147, -0.123917, -0.092819, 9.812851 
17063497050573, -0.174164, -0.200500, 9.820038 
17063516856481, -0.176559, -0.229218, 9.571182 
17063536692907, -0.076065, -0.097610, 9.817642 
17063556498815, -0.073669, -0.042572, 9.762604 
17063576304723, -0.162201, -0.104782, 9.925323 
17063596141149, -0.210068, -0.217255, 9.508972 
17063615947057, -0.131104, -0.145462, 9.793716 
17063635752966, -0.064102, -0.066498, 9.808075 
17063655589391, -0.121521, -0.121536, 9.829605 
17063675395300, -0.186142, -0.195709, 9.738678 
17063695201208, -0.178955, -0.195709, 9.619034 
17063715037634, -0.095215, -0.049759, 9.851135 
17063734874059, -0.092819, -0.035400, 9.753036 
17063754710485, -0.162201, -0.145462, 9.918137 
17063774516393, -0.195709, -0.245956, 9.489822 
17063794322301, -0.116745, -0.162216, 9.791321 
17063814158727, -0.066498, -0.059326, 9.791321 
17063833964635, -0.143066, -0.090424, 9.841568 
17063853770544, -0.198105, -0.171783, 9.695602 
17063873606969, -0.171783, -0.169388, 9.671677 
17063893412878, -0.073669, -0.061722, 9.839172 
17063913218786, -0.097595, -0.088043, 9.760208 
17063933055212, -0.174164, -0.183746, 9.910965 
17063952861120, -0.193314, -0.236389, 9.523331 
17063972697546, -0.116745, -0.097610, 9.788925 
17063992503454, -0.083237, -0.028214, 9.769791 
17064012339880, -0.155029, -0.102402, 9.906174 
17064032176305, -0.198105, -0.202896, 9.518539 
17064051982214, -0.138275, -0.164612, 9.793716 
17064071818639, -0.080856, -0.076080, 9.808075 
17064091624548, -0.109558, -0.095215, 9.776962 
17064111430456, -0.178955, -0.174179, 9.903778 
17064131266882, -0.193314, -0.222031, 9.520935 
17064151072790, -0.107178, -0.095215, 9.774567 
17064170878698, -0.064102, -0.047363, 9.769791 
17064190715124, -0.147842, -0.116745, 9.879852 
17064210521032, -0.188522, -0.217255, 9.568787 
17064230326940, -0.159821, -0.176575, 9.776962 
17064250163366, -0.073669, -0.073685, 9.832001 
17064269969274, -0.102386, -0.083252, 9.808075 
17064289805700, -0.181351, -0.178970, 9.824814 
17064309642126, -0.178955, -0.205292, 9.585541 
17064329448034, -0.080856, -0.066498, 9.858322 
17064349284460, -0.085632, -0.059326, 9.772186 
17064369090368, -0.176559, -0.159821, 9.946854 
17064388896276, -0.190918, -0.231613, 9.492218 
17064408732702, -0.152634, -0.164612, 9.803284 
17064428538610, -0.068893, -0.066498, 9.853531 
17064448375036, -0.107178, -0.061722, 9.779358 
17064468180944, -0.181351, -0.164612, 9.922928 
17064487986852, -0.198105, -0.224426, 9.535294 
17064507823278, -0.092819, -0.100006, 9.824814 
17064527629186, -0.068893, -0.068893, 9.781754 
17064547435094, -0.157425, -0.147858, 9.934891 
17064567271520, -0.198105, -0.229218, 9.525711 
17064587107946, -0.128708, -0.138290, 9.810471 
17064606944372, -0.066498, -0.018646, 9.810471 
17064626750280, -0.140671, -0.095215, 9.863113 
17064646556188, -0.207672, -0.217255, 9.724319 
17064666392614, -0.176559, -0.226822, 9.693222 
17064686198522, -0.078461, -0.061722, 9.858322 
17064706004430, -0.109558, -0.073685, 9.769791 
17064725840856, -0.186142, -0.176575, 9.930099 
17064745646764, -0.198105, -0.224426, 9.547256 
17064765483190, -0.095215, -0.073685, 9.841568 
17064785289098, -0.064102, -0.040176, 9.755432 
17064805095007, -0.169388, -0.159821, 9.942062 
17064824931432, -0.195709, -0.260315, 9.504181 
17064844737341, -0.123917, -0.145462, 9.872681 
17064864543249, -0.073669, -0.042572, 9.808075 
17064884379675, -0.114349, -0.064102, 9.817642 
17064904216100, -0.195709, -0.178970, 9.899002 
17064924022009, -0.183746, -0.238785, 9.552032 
17064943858434, -0.095215, -0.085648, 9.829605 
17064963664342, -0.300995, 0.096207, 9.781754 
17064983500768, -0.444565, -0.131104, 9.798492 
17065003306676, 0.328323, -0.286636, 9.791321 
17065023112585, -0.114349, -0.257935, 9.796112 
17065042949010, -0.166992, -0.135895, 9.686035 
17065062754919, -0.109558, -0.083252, 9.820038 
17065082560827, -0.090424, -0.033005, 9.798492 
17065102397253, -0.131104, -0.111969, 9.858322 
17065122203161, -0.183746, -0.202896, 9.872681 
17065142039587, -0.178955, -0.250748, 9.573578 
17065161876012, -0.099991, -0.083252, 9.827209 
17065181681921, -0.159821, -0.147858, 9.805679 
17065201518346, -0.116745, -0.078461, 9.812851 
17065221324255, -0.131104, -0.111969, 9.796112 
17065241130163, -0.143066, -0.128708, 9.788925 
17065260966589, -0.128708, -0.145462, 9.798492 
17065280772497, -0.135880, -0.145462, 9.800888 
17065300608923, -0.140671, -0.135895, 9.803284 
17065320414831, -0.360809, 0.069885, 9.815247 
17065340220739, 0.079468, -0.303391, 9.784149 
17065360057165, -0.119141, -0.128708, 9.815247 
17065379863073, -0.152634, -0.152649, 9.812851 
