2576978466148 1018.460022  
2577011791343 1018.460999  
2577045116539 1018.469971  
2577078441734 1018.460876  
2577111766929 1018.466064  
2577145092125 1018.465027  
2577178417320 1018.463867  
2577211742515 1018.460938  
2577245067711 1018.469971  
2577278392906 1018.476074  
2577311718101 1018.476074  
2577345043297 1018.477966  
2577378368492 1018.479980  
2577411693687 1018.482910  
2577445018882 1018.475098  
2577478344078 1018.479004  
2577511669273 1018.474060  
2577544994468 1018.479980  
2577578319664 1018.471008  
2577611644859 1018.469971  
2577644970054 1018.462158  
2577678295250 1018.465881  
2577711620445 1018.460754  
2577744945640 1018.465149  
2577778270836 1018.465881  
2577811596031 1018.472656  
2577844921226 1018.472473  
2577878246422 1018.474121  
2577911571617 1018.479919  
2577944896812 1018.475281  
2577978222007 1018.484558  
2578011547203 1018.474060  
2578044872398 1018.487610  
2578078197593 1018.492859  
2578111522789 1018.499451  
2578144847984 1018.489990  
2578178173179 1018.495911  
2578211498375 1018.480713  
2578244823570 1018.477844  
2578278148765 1018.472717  
2578311473961 1018.489258  
2578344799156 1018.487488  
2578378124351 1018.487305  
2578411449547 1018.489746  
2578444774742 1018.482483  
2578478099937 1018.479980  
2578511425132 1018.479980  
2578544758766 1018.479980  
2578578083961 1018.474426  
2578611409156 1018.476257  
2578644734352 1018.469971  
2578678059547 1018.469971  
2578711384742 1018.469971  
2578744709938 1018.474365  
2578778035133 1018.477051  
2578811360328 1018.483215  
2578844685524 1018.481262  
2578878010719 1018.498352  
2578911335914 1018.490540  
2578944661110 1018.489990  
2578977986305 1018.489990  
2579011311500 1018.486511  
2579044636695 1018.477234  
2579077961891 1018.477539  
2579111287086 1018.469971  
2579144612281 1018.469971  
2579177937477 1018.472351  
2579211262672 1018.479980  
2579244587867 1018.484192  
2579277913063 1018.495911  
2579311238258 1018.557312  
2579344563453 1018.659485  
2579377888649 1018.671814  
2579411213844 1018.657410  
2579444539039 1018.643555  
2579477864235 1018.565613  
2579511189430 1018.472595  
2579544514625 1018.464111  
2579577839820 1018.469971  
2579611165016 1018.463684  
2579644490211 1018.461121  
2579677815406 1018.461914  
2579711140602 1018.460022  
2579744465797 1018.460999  
2579777790992 1018.469971  
2579811116188 1018.469971  
