# Created at Tue Jun 01 16:06:11 GMT+02:00 2021 in Burnaby Canada 
2573712597007 1018.787598 
2573745922203 1018.773621 
2573779247398 1018.758972 
2573812572593 1018.565857 
2573845897789 1018.416504 
2573879222984 1018.400085 
2573912548179 1018.400085 
2573945873375 1018.396667 
2573979198570 1018.389954 
2574012523765 1018.389954 
2574045848961 1018.389954 
2574079174156 1018.389954 
2574112499351 1018.395203 
2574145824547 1018.409241 
2574179149742 1018.409973 
2574212474937 1018.409973 
2574245800132 1018.409973 
2574279125328 1018.409973 
2574312450523 1018.417236 
2574345775718 1018.429993 
2574379100914 1018.433899 
2574412426109 1018.440002 
2574445751304 1018.433838 
2574479076500 1018.437012 
2574512401695 1018.440002 
2574545726890 1018.442932 
2574579052086 1018.443848 
2574612377281 1018.452942 
2574645702476 1018.459045 
2574679027672 1018.463196 
2574712352867 1018.462952 
2574745678062 1018.460022 
2574779003257 1018.456055 
2574812328453 1018.442139 
2574845653648 1018.440002 
2574878978843 1018.433289 
2574912304039 1018.431885 
2574945629234 1018.434082 
2574978954429 1018.426270 
2575012279625 1018.424805 
2575045604820 1018.432922 
2575078930015 1018.440002 
2575112255211 1018.444763 
2575145580406 1018.464661 
2575178905601 1018.460022 
2575212230797 1018.464661 
2575245555992 1018.461182 
2575278881187 1018.472839 
2575312206382 1018.462341 
2575345531578 1018.465820 
2575378856773 1018.469421 
2575412181968 1018.470520 
2575445507164 1018.461243 
2575478832359 1018.466614 
2575512157554 1018.465393 
2575545482750 1018.462708 
2575578807945 1018.457275 
2575612133140 1018.464539 
2575645458336 1018.461365 
2575678783531 1018.463379 
2575712108726 1018.462463 
2575745433922 1018.465637 
2575778759117 1018.460266 
2575812084312 1018.460022 
2575845409507 1018.457031 
2575878734703 1018.466309 
2575912059898 1018.457031 
2575945385093 1018.460022 
2575978710289 1018.456726 
2576012035484 1018.466003 
2576045360679 1018.457031 
2576078685875 1018.459717 
2576112011070 1018.455505 
2576145336265 1018.467590 
2576178661461 1018.460022 
2576211986656 1018.465881 
2576245311851 1018.462463 
2576278637047 1018.463196 
2576311962242 1018.461487 
2576345287437 1018.467590 
2576378612632 1018.472717 
2576411937828 1018.479980 
2576445263023 1018.482361 
2576478588218 1018.477234 
2576511913414 1018.472961 
2576545238609 1018.469971 
2576578563804 1018.469971 
2576611889000 1018.458740 
2576645214195 1018.457520 
2576678539390 1018.457458 
2576711864586 1018.467041 
2576745189781 1018.469971 
2576778514976 1018.476318 
2576811840172 1018.464111 
2576845165367 1018.469971 
2576878490562 1018.457764 
2576911815757 1018.460022 
2576945140953 1018.454102 
2576978466148 1018.460022 
2577011791343 1018.460999 
2577045116539 1018.469971 
2577078441734 1018.460876 
2577111766929 1018.466064 
2577145092125 1018.465027 
2577178417320 1018.463867 
2577211742515 1018.460938 
2577245067711 1018.469971 
2577278392906 1018.476074 
2577311718101 1018.476074 
2577345043297 1018.477966 
2577378368492 1018.479980 
2577411693687 1018.482910 
2577445018882 1018.475098 
2577478344078 1018.479004 
2577511669273 1018.474060 
2577544994468 1018.479980 
2577578319664 1018.471008 
2577611644859 1018.469971 
2577644970054 1018.462158 
2577678295250 1018.465881 
2577711620445 1018.460754 
2577744945640 1018.465149 
2577778270836 1018.465881 
2577811596031 1018.472656 
2577844921226 1018.472473 
2577878246422 1018.474121 
2577911571617 1018.479919 
2577944896812 1018.475281 
2577978222007 1018.484558 
2578011547203 1018.474060 
2578044872398 1018.487610 
2578078197593 1018.492859 
2578111522789 1018.499451 
2578144847984 1018.489990 
2578178173179 1018.495911 
2578211498375 1018.480713 
2578244823570 1018.477844 
2578278148765 1018.472717 
2578311473961 1018.489258 
2578344799156 1018.487488 
2578378124351 1018.487305 
2578411449547 1018.489746 
2578444774742 1018.482483 
2578478099937 1018.479980 
2578511425132 1018.479980 
2578544758766 1018.479980 
2578578083961 1018.474426 
2578611409156 1018.476257 
2578644734352 1018.469971 
2578678059547 1018.469971 
2578711384742 1018.469971 
2578744709938 1018.474365 
2578778035133 1018.477051 
2578811360328 1018.483215 
2578844685524 1018.481262 
2578878010719 1018.498352 
2578911335914 1018.490540 
2578944661110 1018.489990 
2578977986305 1018.489990 
2579011311500 1018.486511 
2579044636695 1018.477234 
2579077961891 1018.477539 
2579111287086 1018.469971 
2579144612281 1018.469971 
2579177937477 1018.472351 
2579211262672 1018.479980 
2579244587867 1018.484192 
2579277913063 1018.495911 
2579311238258 1018.557312 
2579344563453 1018.659485 
2579377888649 1018.671814 
2579411213844 1018.657410 
2579444539039 1018.643555 
2579477864235 1018.565613 
2579511189430 1018.472595 
2579544514625 1018.464111 
2579577839820 1018.469971 
2579611165016 1018.463684 
2579644490211 1018.461121 
2579677815406 1018.461914 
2579711140602 1018.460022 
2579744465797 1018.460999 
2579777790992 1018.469971 
2579811116188 1018.469971 
