# Created at Tue Jun 08 20:12:51 GMT+02:00 2021 in Copenhagen 
16327800460757, 0.000107, 0.000900, 0.000427 
16327820266665, 0.000107, -0.000320, 0.000427 
16327840103091, 0.000107, -0.000320, 0.000427 
16327859908999, 0.000107, 0.000900, 0.000427 
16327879714908, -0.001129, 0.000900, 0.000427 
16327899551333, 0.000107, -0.000320, 0.000427 
16327919357242, 0.000107, 0.000900, 0.000427 
16327939163150, 0.000107, 0.000900, 0.000427 
16327958999576, 0.000107, 0.000900, 0.000427 
16327978805484, 0.000107, 0.000900, 0.000427 
16327998611392, 0.000107, 0.002121, 0.000427 
16328018447818, 0.000107, 0.000900, -0.000793 
16328038253726, 0.000107, 0.000900, -0.000793 
16328058090152, 0.000107, 0.000900, -0.000793 
16328077926578, 0.000107, 0.000900, -0.000793 
16328097732486, 0.000107, 0.000900, -0.000793 
16328117568912, 0.000107, 0.000900, 0.000427 
16328137374820, 0.000107, 0.000900, 0.000427 
16328157180728, 0.000107, 0.000900, 0.001648 
16328177017154, 0.000107, 0.000900, 0.000427 
16328196823062, 0.000107, 0.002121, -0.000793 
16328216628970, 0.000107, 0.000900, -0.002014 
16328236465396, 0.000107, -0.000320, -0.002014 
16328256271304, -0.001129, 0.000900, -0.000793 
16328276077212, 0.001312, -0.000320, 0.001648 
16328295913638, 0.000107, 0.000900, 0.001648 
16328315719546, 0.000107, 0.000900, 0.000427 
16328335525455, 0.000107, 0.000900, 0.000427 
16328355361880, 0.000107, 0.000900, -0.000793 
16328375198306, 0.000107, 0.000900, -0.000793 
16328395004214, 0.000107, -0.000320, 0.000427 
16328414840640, 0.000107, -0.001556, 0.002869 
16328434646548, 0.000107, -0.000320, 0.001648 
16328454482974, 0.000107, 0.000900, 0.000427 
16328474288882, 0.000107, 0.000900, -0.000793 
16328494094790, 0.000107, 0.000900, -0.000793 
16328513931216, 0.000107, -0.000320, 0.000427 
16328533737124, 0.000107, -0.000320, 0.001648 
16328553543033, 0.000107, -0.000320, 0.001648 
16328573379458, 0.000107, -0.000320, 0.002869 
16328593185367, 0.000107, -0.000320, 0.002869 
16328612991275, -0.001129, -0.000320, 0.000427 
16328632827701, 0.000107, -0.000320, 0.000427 
16328652664126, 0.000107, -0.000320, 0.000427 
16328672500552, 0.000107, 0.000900, 0.000427 
16328692306460, 0.001312, -0.000320, 0.000427 
16328712112369, 0.000107, -0.000320, 0.001648 
16328731948794, 0.000107, 0.000900, 0.000427 
16328751754703, -0.001129, 0.000900, 0.000427 
16328771560611, 0.000107, 0.000900, 0.000427 
16328791397037, 0.000107, 0.000900, 0.000427 
16328811202945, 0.000107, 0.000900, 0.000427 
16328831008853, 0.000107, 0.000900, 0.000427 
16328850845279, -0.001129, 0.000900, 0.000427 
16328870651187, -0.001129, 0.002121, -0.003250 
16328890457095, 0.000107, -0.000320, -0.003250 
16328910293521, 0.001312, -0.001556, -0.002014 
16328930099429, 0.000107, 0.000900, -0.000793 
16328949935855, 0.000107, 0.000900, 0.000427 
16328969772281, 0.000107, -0.000320, 0.000427 
16328989578189, 0.000107, -0.000320, 0.000427 
16329009414615, 0.000107, 0.002121, -0.000793 
16329029220523, 0.000107, -0.000320, -0.000793 
16329049026431, 0.000107, -0.000320, -0.000793 
16329068862857, 0.000107, 0.000900, -0.000793 
16329088668765, 0.000107, -0.000320, -0.000793 
16329108474673, 0.000107, 0.002121, -0.000793 
16329128311099, 0.000107, 0.003357, -0.000793 
16329148117007, 0.000107, 0.000900, -0.000793 
16329167922915, 0.000107, 0.000900, -0.000793 
16329187759341, 0.000107, 0.000900, 0.000427 
16329207565249, -0.001129, 0.000900, 0.000427 
16329227401675, 0.000107, -0.000320, 0.000427 
16329247238101, 0.001312, -0.000320, 0.000427 
16329267044009, 0.000107, 0.000900, 0.000427 
16329286849917, -0.001129, 0.000900, 0.000427 
16329306686343, 0.000107, 0.000900, -0.000793 
16329326492251, 0.000107, 0.000900, 0.000427 
16329346298160, 0.000107, 0.000900, 0.000427 
16329366134585, 0.000107, 0.000900, 0.000427 
16329385940494, 0.000107, -0.000320, -0.000793 
16329405776919, 0.000107, -0.000320, -0.000793 
16329425582828, -0.001129, -0.000320, 0.000427 
16329445388736, 0.000107, 0.000900, -0.000793 
16329465225162, 0.000107, -0.000320, -0.000793 
16329485031070, 0.000107, -0.000320, 0.000427 
16329504867496, 0.001312, -0.000320, 0.000427 
16329524703921, -0.001129, 0.002121, 0.000427 
16329544509830, 0.001312, -0.002762, 0.001648 
16329564315738, 0.000107, -0.003998, -0.002014 
16329584152164, -0.002350, 0.003357, -0.003250 
16329603958072, -0.001129, 0.003357, -0.000793 
16329623763980, 0.000107, 0.000900, -0.000793 
16329643600406, 0.001312, -0.000320, 0.000427 
16329663406314, -0.001129, 0.003357, 0.001648 
16329683242740, 0.001312, -0.001556, 0.002869 
16329703048648, 0.002548, -0.006439, 0.002869 
16329722854556, 0.002548, -0.006439, 0.000427 
16329742690982, 0.001312, -0.001556, -0.002014 
16329762496890, -0.002350, 0.005798, -0.002014 
16329782302798, -0.002350, 0.004562, -0.002014 
16329802139224, -0.002350, 0.002121, -0.002014 
16329821975650, 0.000107, -0.002762, -0.002014 
16329841781558, 0.002548, -0.003998, 0.001648 
16329861617984, -0.001129, 0.003357, -0.000793 
16329881423892, 0.002548, -0.002762, 0.000427 
16329901229800, -0.001129, 0.003357, -0.000793 
16329921066226, 0.001312, -0.000320, 0.000427 
16329940872134, 0.000107, -0.000320, 0.000427 
16329960678042, 0.000107, -0.000320, 0.000427 
16329980514468, 0.001312, -0.000320, -0.000793 
16330000320376, 0.000107, -0.000320, -0.002014 
16330020156802, 0.000107, 0.000900, -0.000793 
16330039962710, 0.000107, -0.000320, 0.000427 
16330059768619, 0.000107, 0.000900, 0.001648 
16330079605044, 0.000107, -0.000320, 0.000427 
16330099441470, -0.002350, 0.003357, -0.002014 
16330119247378, 0.000107, -0.000320, -0.002014 
16330139088600, 0.000107, 0.000900, -0.002014 
16330158894508, 0.000107, -0.000320, -0.000793 
16330178700417, 0.000107, -0.000320, -0.000793 
16330198536842, 0.000107, -0.000320, 0.000427 
16330218342751, 0.000107, -0.000320, 0.000427 
16330238148659, 0.000107, -0.000320, 0.000427 
16330257985085, 0.000107, -0.001556, 0.001648 
16330277790993, 0.000107, -0.000320, 0.001648 
16330297596901, 0.000107, -0.000320, 0.000427 
16330317433327, -0.001129, -0.000320, -0.000793 
16330337239235, 0.000107, 0.000900, -0.000793 
16330357045143, -0.001129, 0.000900, -0.000793 
16330376881569, 0.000107, 0.000900, 0.000427 
16330396717995, 0.000107, 0.000900, 0.000427 
16330416554420, 0.000107, -0.000320, 0.000427 
16330436360329, 0.000107, 0.000900, 0.000427 
16330456166237, 0.000107, -0.000320, 0.000427 
16330476002663, 0.000107, 0.000900, -0.000793 
16330495808571, 0.000107, -0.000320, -0.000793 
16330515614479, 0.000107, -0.000320, -0.000793 
16330535450905, -0.001129, 0.002121, 0.000427 
16330555256813, 0.000107, -0.000320, -0.000793 
16330575062721, 0.000107, -0.000320, 0.000427 
16330594899147, 0.000107, -0.000320, 0.000427 
16330614705055, 0.000107, 0.000900, 0.000427 
16330634510963, 0.000107, -0.000320, 0.000427 
16330654347389, 0.000107, 0.000900, 0.000427 
16330674183815, 0.000107, -0.000320, 0.000427 
16330694020241, 0.000107, 0.000900, -0.000793 
16330713826149, 0.000107, -0.000320, -0.000793 
16330733632057, 0.000107, -0.000320, 0.000427 
16330753468483, 0.000107, -0.000320, 0.000427 
16330773274391, 0.000107, -0.000320, 0.000427 
16330793080299, 0.000107, -0.000320, 0.000427 
16330812916725, 0.000107, 0.000900, 0.000427 
16330832722633, -0.001129, 0.002121, -0.000793 
16330852528542, 0.000107, -0.001556, -0.003250 
16330872364967, 0.001312, -0.002762, 0.000427 
16330892170876, 0.000107, -0.000320, 0.000427 
16330911976784, 0.002548, -0.003998, 0.000427 
16330931813210, -0.001129, 0.000900, 0.000427 
16330951649635, 0.000107, -0.000320, -0.000793 
16330971455543, 0.000107, -0.000320, -0.000793 
16330991291969, 0.000107, -0.000320, 0.000427 
16331011097877, 0.000107, 0.002121, 0.001648 
16331030934303, 0.000107, -0.001556, -0.000793 
16331050740211, -0.001129, 0.005798, -0.000793 
16331070546120, -0.001129, 0.003357, 0.000427 
16331090382545, 0.000107, -0.000320, 0.001648 
16331110188454, 0.000107, -0.000320, 0.001648 
16331129994362, 0.000107, -0.000320, 0.000427 
16331149830788, 0.000107, 0.000900, -0.000793 
16331169636696, 0.000107, 0.000900, -0.000793 
16331189442604, 0.000107, -0.000320, -0.000793 
16331209279030, 0.000107, -0.001556, 0.000427 
16331229115456, 0.001312, -0.002762, 0.001648 
16331248921364, 0.000107, -0.000320, 0.001648 
16331268757790, 0.000107, 0.004562, 0.000427 
16331288563698, -0.001129, 0.003357, -0.002014 
16331308369606, 0.000107, 0.000900, -0.002014 
16331328206032, 0.000107, 0.000900, 0.000427 
16331348011940, 0.001312, 0.000900, 0.000427 
16331367848366, 0.000107, 0.000900, 0.001648 
16331387654274, 0.000107, -0.000320, 0.000427 
16331407460182, 0.000107, -0.000320, 0.000427 
16331427296608, 0.001312, -0.001556, -0.002014 
16331447102516, -0.001129, 0.003357, -0.003250 
16331466908424, 0.000107, 0.002121, -0.000793 
16331486744850, 0.000107, -0.000320, 0.001648 
16331506550758, 0.001312, 0.000900, 0.001648 
16331526387184, 0.000107, -0.000320, 0.000427 
16331546223610, 0.000107, 0.000900, -0.000793 
16331566029518, -0.001129, 0.002121, -0.000793 
16331585835426, 0.000107, -0.000320, 0.000427 
16331605671852, 0.000107, -0.000320, 0.001648 
16331625477760, 0.003754, -0.005203, 0.001648 
16331645283668, 0.001312, 0.000900, 0.001648 
16331665120094, 0.000107, 0.000900, 0.000427 
16331684926002, 0.000107, 0.000900, 0.000427 
16331704762428, 0.000107, -0.000320, -0.000793 
16331724568336, 0.000107, -0.000320, -0.000793 
16331744374245, 0.000107, -0.000320, 0.000427 
16331764210670, 0.000107, 0.000900, 0.000427 
16331784016579, 0.000107, 0.002121, 0.000427 
16331803853004, 0.000107, 0.000900, 0.000427 
16331823689430, -0.001129, 0.003357, 0.000427 
16331843495338, -0.001129, 0.003357, 0.000427 
16331863301247, 0.000107, -0.000320, -0.000793 
16331883137672, 0.000107, -0.000320, -0.000793 
16331902943581, 0.000107, 0.000900, 0.000427 
16331922749489, 0.000092, 0.000504, 0.000198 
16331942585915, 0.001297, 0.000504, 0.000198 
16331962391823, 0.000092, 0.000504, 0.000198 
16331982197731, 0.000092, 0.000504, -0.001022 
16332002034157, 0.000092, 0.001724, -0.001022 
16332021840065, -0.001144, -0.000717, 0.000198 
16332041676491, 0.000092, 0.000504, 0.000198 
16332061482399, 0.000092, 0.000504, 0.000198 
16332081318825, 0.000092, -0.000717, 0.000198 
16332101155251, 0.000092, 0.000504, 0.000198 
16332120961159, 0.001297, 0.000504, 0.000198 
16332140767067, 0.000092, 0.000504, 0.000198 
16332160603493, 0.000092, -0.000717, -0.001022 
16332180409401, 0.000092, -0.001953, 0.000198 
16332200215309, -0.001144, -0.000717, 0.000198 
16332220051735, 0.000092, 0.000504, 0.000198 
16332239857643, 0.000092, -0.001953, 0.000198 
16332259663551, 0.001297, -0.001953, 0.000198 
16332279499977, 0.000092, -0.000717, -0.001022 
16332299305885, -0.002365, 0.004166, -0.001022 
16332319111793, 0.000092, -0.000717, -0.001022 
16332338948219, 0.000092, -0.000717, -0.001022 
16332358754127, 0.000092, 0.000504, -0.001022 
16332378590553, 0.000092, -0.000717, 0.000198 
16332398426979, 0.000092, 0.000504, 0.000198 
16332418232887, 0.000092, -0.000717, -0.001022 
16332438069313, -0.001144, 0.000504, 0.000198 
16332457875221, -0.001144, 0.002960, -0.001022 
16332477681129, 0.000092, 0.000504, 0.000198 
16332497517555, 0.000092, -0.003159, -0.001022 
16332517323463, 0.000092, -0.003159, -0.001022 
16332537129372, 0.000092, -0.000717, 0.000198 
16332556965797, 0.000092, 0.000504, 0.000198 
16332576771706, 0.000092, -0.000717, -0.001022 
16332596577614, 0.000092, -0.000717, -0.001022 
16332616414040, 0.000092, -0.000717, 0.001419 
16332636219948, 0.000092, -0.000717, 0.000198 
16332656056374, 0.000092, 0.000504, 0.001419 
16332675892799, 0.000092, -0.000717, 0.000198 
16332695698708, 0.000092, 0.000504, -0.001022 
16332715535133, 0.000092, 0.000504, -0.001022 
16332735341042, 0.000092, -0.000717, -0.001022 
16332755146950, 0.000092, -0.000717, 0.000198 
16332774983376, 0.000092, -0.000717, 0.000198 
16332794789284, 0.000092, -0.000717, 0.000198 
16332814595192, -0.001144, 0.000504, 0.000198 
16332834431618, 0.000092, 0.000504, 0.000198 
16332854237526, 0.000092, 0.000504, -0.001022 
16332874043434, 0.000092, 0.000504, 0.000198 
16332893879860, 0.001297, -0.003159, 0.001419 
16332913685768, 0.000092, -0.000717, 0.000198 
16332933491676, 0.000092, -0.000717, 0.001419 
16332953328102, 0.000092, 0.000504, 0.000198 
16332973164528, 0.000092, 0.000504, -0.001022 
16332992970436, 0.000092, -0.000717, 0.000198 
16333012806862, 0.000092, 0.000504, -0.001022 
16333032612770, 0.000092, 0.002960, 0.000198 
16333052449196, 0.000092, 0.000504, -0.001022 
16333072255104, 0.000092, -0.000717, 0.000198 
16333092061012, 0.000092, -0.000717, -0.002243 
16333111897438, 0.000092, -0.000717, -0.001022 
16333131703346, 0.000092, 0.000504, 0.000198 
16333151509254, 0.000092, 0.000504, 0.000198 
16333171345680, 0.000092, 0.000504, -0.001022 
16333191151588, 0.011078, 0.004166, -0.003479 
16333210957497, 0.006180, -0.001953, 0.007523 
16333230793922, -0.001144, 0.000504, 0.008759 
16333250630348, -0.006027, -0.003159, 0.011200 
16333270436256, -0.008469, -0.000717, -0.007126 
