# Created at Tue Jun 08 20:11:54 GMT+02:00 2021 in Copenhagen 
16271160311006, -0.003662, -0.001602, 0.000366 
16271180116914, 0.000015, -0.000366, 0.000366 
16271199953339, 0.000015, -0.000366, 0.000366 
16271219759248, -0.001221, -0.000366, 0.000366 
16271239565156, 0.000015, -0.000366, -0.000854 
16271259371064, -0.001221, -0.000366, -0.000854 
16271279207490, -0.001221, -0.000366, -0.000854 
16271299013398, -0.001221, -0.000366, -0.000854 
16271318849824, -0.001221, -0.000366, -0.000854 
16271338655732, -0.001221, -0.000366, -0.000854 
16271358461640, -0.001221, -0.000366, 0.000366 
16271378298066, -0.001221, -0.000366, 0.000366 
16271398103974, -0.001221, -0.000366, 0.000366 
16271417909882, -0.001221, -0.000366, 0.000366 
16271437746308, -0.001221, 0.000854, -0.000854 
16271457582734, -0.001221, 0.000854, -0.000854 
16271477388642, 0.000015, 0.000854, 0.000366 
16271497225068, 0.000015, -0.000366, 0.000366 
16271517030976, 0.000015, 0.000854, 0.000366 
16271536836884, 0.000015, -0.000366, 0.000366 
16271556673310, 0.000015, -0.000366, 0.000366 
16271576479218, -0.001221, -0.000366, 0.000366 
16271596285127, 0.000015, -0.000366, 0.000366 
16271616121552, 0.001221, -0.000366, -0.000854 
16271635927461, 0.000015, -0.000366, 0.000366 
16271655733369, -0.001221, -0.000366, 0.000366 
16271675569795, 0.000015, 0.000854, -0.000854 
16271695375703, 0.000015, -0.000366, -0.000854 
16271715212129, -0.001221, -0.000366, 0.000366 
16271735048554, 0.000015, -0.000366, 0.000366 
16271754854463, 0.000015, -0.000366, -0.000854 
16271774690888, 0.000015, -0.000366, 0.000366 
16271794496797, 0.000015, -0.000366, 0.000366 
16271814302705, 0.001221, -0.000366, -0.000854 
16271834139131, 0.000015, -0.000366, 0.000366 
16271853945039, -0.001221, -0.000366, 0.000366 
16271873750947, -0.001221, -0.000366, 0.000366 
16271893587373, -0.001221, -0.000366, 0.000366 
16271913393281, 0.000015, -0.000366, 0.001587 
16271933199189, 0.000015, -0.000366, -0.000854 
16271953035615, 0.000015, -0.000366, 0.000366 
16271972841523, -0.001221, -0.000366, 0.000366 
16271992677949, -0.001221, -0.000366, -0.000854 
16272012514375, 0.000015, 0.000854, 0.000366 
16272032320283, 0.000015, 0.000854, 0.000366 
16272052126191, 0.000015, -0.000366, 0.000366 
16272071962617, 0.000015, 0.000854, -0.000854 
16272091768525, 0.000015, -0.000366, -0.000854 
16272111574433, -0.001221, -0.000366, -0.002075 
16272131410859, -0.001221, -0.000366, -0.002075 
16272151216767, -0.001221, -0.000366, -0.000854 
16272171022675, 0.000015, 0.000854, 0.000366 
16272190859101, 0.000015, -0.000366, -0.000854 
16272210665009, 0.000015, -0.000366, 0.001587 
16272230470918, 0.000015, -0.001602, -0.000854 
16272250307343, 0.001221, -0.001602, -0.002075 
16272270113252, 0.000015, -0.000366, 0.000366 
16272289949677, 0.000015, -0.001602, 0.000366 
16272309786103, 0.000015, 0.000854, 0.000366 
16272329592011, 0.000015, -0.000366, 0.000366 
16272349397920, 0.000015, -0.000366, -0.000854 
16272369234345, 0.000015, 0.000854, -0.002075 
16272389040254, 0.001221, -0.000366, 0.000366 
16272408846162, 0.000015, -0.000366, -0.000854 
16272428682588, 0.000015, -0.000366, 0.000366 
16272448488496, -0.001221, -0.000366, 0.000366 
16272468294404, 0.000015, -0.001602, 0.001587 
16272488130830, 0.001221, -0.000366, -0.002075 
16272507936738, 0.000015, 0.003311, -0.004517 
16272527742646, -0.001221, 0.004517, -0.004517 
16272547579072, 0.000015, 0.003311, -0.004517 
16272567415498, 0.001221, -0.000366, -0.004517 
16272587221406, 0.001221, -0.002808, 0.000366 
16272607057832, 0.000015, 0.000854, -0.000854 
16272626863740, 0.000015, -0.001602, 0.000366 
16272646669648, 0.000015, -0.001602, -0.000854 
16272666506074, -0.001221, -0.000366, -0.000854 
16272686311982, -0.001221, -0.001602, 0.000366 
16272706117890, 0.000015, -0.000366, 0.000366 
16272725954316, 0.000015, -0.001602, 0.000366 
16272745760224, 0.000015, -0.000366, 0.000366 
16272765566132, 0.000015, -0.000366, -0.000854 
16272785402558, 0.000015, -0.000366, 0.000366 
16272805208466, 0.000015, -0.000366, 0.000366 
16272825014375, 0.000015, -0.000366, 0.000366 
16272844850800, 0.000015, -0.000366, 0.000366 
16272864687226, -0.001221, -0.000366, 0.000366 
16272884523652, 0.000015, 0.000854, -0.000854 
16272904329560, 0.000015, -0.000366, -0.000854 
16272924135468, -0.001221, 0.000854, -0.000854 
16272943971894, 0.000015, -0.000366, -0.000854 
16272963777802, 0.000015, -0.001602, -0.000854 
16272983583711, 0.000015, -0.000366, -0.000854 
16273003420136, -0.001221, 0.000854, -0.002075 
16273023226045, -0.001221, 0.000854, -0.000854 
16273043031953, 0.000015, -0.001602, -0.000854 
16273062868379, 0.000015, -0.000366, -0.000854 
16273082674287, 0.000015, -0.000366, -0.000854 
16273102480195, 0.000015, -0.000366, -0.000854 
16273122316621, 0.000015, 0.000854, -0.000854 
16273142153047, 0.000015, -0.002808, 0.000366 
16273161958955, -0.001221, 0.000854, 0.001587 
16273181764863, 0.000015, -0.001602, -0.000854 
16273201601289, 0.000015, 0.002075, 0.000366 
16273221407197, 0.000015, -0.001602, -0.002075 
16273241213105, -0.001221, 0.004517, 0.001587 
16273261049531, 0.002457, -0.005249, 0.002808 
16273280855439, 0.002457, -0.007690, -0.002075 
16273300691865, 0.000015, -0.004044, -0.004517 
16273320497773, -0.001221, 0.002075, -0.003311 
16273340303681, -0.003662, 0.005753, -0.002075 
16273360140107, -0.002441, 0.004517, 0.001587 
16273379946015, 0.001221, -0.000366, 0.002808 
16273399751923, 0.002457, -0.004044, 0.002808 
16273419588349, 0.001221, -0.001602, 0.002808 
16273439424775, 0.000015, 0.003311, 0.001587 
16273459230683, 0.001221, -0.004044, -0.000854 
16273479067109, -0.001221, 0.000854, -0.000854 
16273498873017, -0.001221, 0.002075, -0.002075 
16273518678925, -0.001221, 0.003311, 0.001587 
16273538515351, 0.002457, -0.001602, 0.002808 
16273558321259, 0.001221, -0.001602, 0.001587 
16273578127168, -0.001221, 0.004517, 0.001587 
16273597963593, -0.002441, 0.004517, -0.002075 
16273617769502, 0.001221, -0.005249, -0.000854 
16273637575410, 0.000015, -0.000366, 0.001587 
16273657411836, 0.001221, -0.000366, -0.000854 
16273677217744, 0.000015, 0.000854, -0.000854 
16273697023652, 0.001221, -0.002808, 0.000366 
16273716860078, -0.001221, 0.004517, 0.002808 
16273736696504, -0.001221, 0.004517, 0.002808 
16273756502412, 0.000015, 0.002075, 0.002808 
16273776338838, 0.000015, 0.000854, 0.002808 
16273796144746, 0.000015, 0.000854, 0.002808 
16273815950654, -0.002441, 0.004517, -0.000854 
16273835787080, 0.000015, -0.002808, -0.002075 
16273855592988, 0.000015, -0.000366, 0.000366 
16273875398896, 0.001221, -0.001602, -0.000854 
16273895235322, -0.001221, 0.000854, -0.000854 
16273915041230, 0.001221, -0.002808, 0.000366 
16273934847138, 0.000015, -0.000366, 0.000366 
16273954683564, 0.000015, 0.000854, 0.000366 
16273974489472, 0.000015, -0.004044, -0.000854 
16273994325898, 0.001221, -0.001602, 0.001587 
16274014162324, 0.000015, 0.002075, 0.001587 
16274033968232, -0.002441, 0.004517, -0.002075 
16274053774140, 0.001221, -0.004044, -0.002075 
16274073610566, 0.001221, -0.002808, 0.001587 
16274093416474, -0.002441, 0.003311, -0.000854 
16274113252900, 0.000015, -0.002808, 0.000366 
16274133058808, 0.000015, 0.000854, 0.000366 
16274152864716, 0.000015, -0.001602, 0.000366 
16274172670625, -0.001221, -0.000366, -0.000854 
16274192507050, 0.000015, -0.000366, -0.002075 
16274212312959, 0.002457, -0.004044, 0.000366 
16274232118867, -0.002441, 0.002075, 0.000366 
16274251955293, 0.000015, -0.001602, -0.000854 
16274271761201, 0.000015, -0.000366, -0.000854 
16274291597627, 0.000015, -0.000366, -0.000854 
16274311434052, 0.000015, 0.000854, -0.000854 
16274331239961, 0.002457, -0.005249, 0.001587 
16274351076386, -0.001221, 0.000854, 0.001587 
16274370882295, -0.001221, -0.000366, -0.000854 
16274390688203, -0.001221, 0.000854, -0.000854 
16274410524629, 0.000015, -0.001602, -0.000854 
16274430330537, -0.001221, 0.000854, -0.000854 
16274450136445, 0.000015, -0.000366, -0.000854 
16274469972871, 0.000015, -0.000366, -0.000854 
16274489778779, 0.000015, 0.000854, -0.000854 
16274509584687, 0.000015, -0.000366, 0.000366 
16274529421113, -0.001221, 0.002075, 0.000366 
16274549227021, 0.001221, -0.001602, 0.000366 
16274569063447, 0.000015, -0.000366, 0.000366 
16274588899873, 0.000015, -0.000366, 0.000366 
16274608705781, 0.000015, -0.000366, -0.000854 
16274628511689, -0.001221, -0.000366, -0.000854 
16274648348115, 0.000015, -0.001602, -0.002075 
16274668154023, -0.001221, -0.000366, -0.000854 
16274687959931, 0.000015, -0.001602, -0.000854 
16274707796357, 0.000015, -0.000366, -0.000854 
16274727602265, -0.001221, -0.000366, 0.000366 
16274747408173, 0.000015, -0.000366, 0.001587 
16274767244599, 0.000015, -0.000366, 0.000366 
16274787050507, 0.000015, -0.000366, -0.000854 
16274806856416, 0.000015, 0.000854, -0.002075 
16274826692841, 0.000015, -0.001602, -0.003311 
16274846498750, -0.001221, -0.000366, -0.003311 
16274866335175, 0.001221, -0.001602, 0.000366 
16274886171601, 0.000015, -0.000366, 0.000366 
16274905977509, 0.000015, -0.000366, 0.000366 
16274925783418, 0.000015, 0.000854, 0.001587 
16274945619843, -0.002441, 0.004517, -0.000854 
16274965425752, -0.001221, 0.002075, -0.003311 
16274985231660, 0.001221, -0.002808, -0.000854 
16275005068086, 0.000015, 0.000854, -0.000854 
16275024873994, 0.000015, -0.000366, 0.000366 
16275044679902, 0.000015, -0.000366, 0.000366 
16275064516328, 0.000015, 0.000854, -0.000854 
16275084322236, 0.000015, -0.000366, -0.000854 
16275104128144, -0.001221, 0.003311, -0.000854 
16275123964570, -0.001221, 0.005753, -0.002075 
16275143800996, -0.001221, 0.004517, 0.001587 
16275163606904, -0.002441, 0.004517, 0.000366 
16275183443330, 0.000015, -0.001602, -0.002075 
16275203249238, -0.001221, 0.002075, 0.000366 
16275223055146, 0.000015, -0.000366, -0.000854 
16275242891572, 0.000015, -0.000366, 0.000366 
16275262697480, 0.001221, -0.001602, 0.000366 
16275282533906, 0.000015, 0.000854, 0.001587 
16275302339814, 0.000015, -0.000366, -0.000854 
16275322145722, 0.000015, -0.000366, -0.000854 
16275341982148, 0.000015, -0.000366, -0.000854 
16275361788056, 0.001221, -0.001602, -0.002075 
16275381593964, 0.000015, -0.001602, -0.002075 
16275401430390, 0.000015, -0.000366, 0.000366 
16275421236298, 0.000015, -0.000366, 0.000366 
16275441072724, 0.000015, -0.000366, -0.000854 
16275460909150, -0.001221, 0.000854, -0.000854 
16275480715058, -0.001221, 0.002075, 0.001587 
16275500520966, 0.001221, -0.000366, 0.002808 
16275520357392, -0.001221, 0.003311, 0.000366 
16275540163300, 0.000015, -0.000366, -0.000854 
16275559969209, 0.000015, -0.000366, -0.000854 
16275579805634, 0.000015, -0.000366, 0.000366 
16275599611543, 0.001221, -0.001602, 0.000366 
16275619417451, 0.000015, -0.000366, -0.000854 
16275639253877, 0.000015, -0.000366, -0.000854 
16275659059785, 0.000015, -0.000366, -0.000854 
16275678865693, 0.001221, -0.002808, 0.000366 
16275698702119, 0.002457, -0.006485, -0.000854 
16275718538545, 0.000015, -0.000366, 0.001587 
16275738344453, 0.000015, -0.000366, -0.000854 
16275758180879, 0.000015, -0.000366, -0.000854 
16275777986787, 0.000015, -0.000366, 0.000366 
16275797792695, 0.000015, -0.000366, 0.000366 
16275817629121, 0.000015, -0.000366, 0.000366 
16275837435029, 0.000015, -0.000366, 0.000366 
16275857240937, 0.000015, 0.000854, -0.000854 
16275877077363, -0.001221, 0.003311, -0.000854 
16275896883271, 0.000015, -0.000366, -0.000854 
16275916689179, 0.000015, -0.000366, 0.000366 
16275936525605, 0.000015, -0.002808, 0.000366 
16275956331513, 0.000015, -0.002808, -0.002075 
16275976137422, 0.000015, -0.002808, -0.000854 
16275995973847, 0.000015, -0.000366, -0.000854 
16276015810273, 0.000015, 0.000854, -0.000854 
16276035616181, 0.000015, -0.000366, 0.000366 
16276055452607, 0.000015, -0.000366, 0.000366 
16276075258515, 0.000015, -0.000366, 0.000366 
16276095064423, -0.001221, -0.000366, 0.000366 
16276114900849, 0.000015, -0.000366, -0.000854 
16276134706757, 0.000015, 0.000854, -0.000854 
16276154512666, 0.000015, -0.000366, -0.000854 
16276174349091, 0.000015, -0.000366, 0.000366 
16276194155000, 0.001221, -0.002808, 0.000366 
16276213960908, 0.000015, -0.000366, 0.000366 
16276233797334, 0.000015, -0.000366, -0.000854 
16276253603242, 0.000015, -0.000366, -0.000854 
16276273409150, 0.000015, -0.001602, 0.000366 
16276293245576, 0.000015, 0.000854, 0.000366 
16276313082002, 0.001221, -0.002808, 0.002808 
16276332918427, 0.002457, -0.006485, 0.001587 
16276352724336, 0.000015, -0.000366, 0.001587 
16276372530244, 0.000015, 0.000854, -0.002075 
16276392366670, -0.001221, 0.000854, -0.000854 
16276412172578, -0.001221, 0.000854, -0.000854 
16276431978486, 0.000015, -0.000366, -0.000854 
16276451814912, 0.000015, -0.000366, 0.000366 
16276471620820, 0.001221, -0.000366, -0.000854 
16276491426728, 0.001221, -0.000366, -0.000854 
16276511263154, 0.000015, -0.000366, -0.002075 
16276531069062, 0.000015, -0.000366, -0.000854 
16276550874970, 0.009781, 0.003311, 0.000366 
16276570711396, 0.001221, 0.004517, 0.008926 
16276590547822, -0.006104, -0.005249, 0.005249 
16276610353730, -0.006104, -0.000366, -0.003311 
