# Created at Tue Jun 01 15:58:11 GMT+02:00 2021 in Burnaby Canada 
2093882711985 -0.007320 -0.000322 0.722211 0.691635 
2093902517893 -0.007325 -0.000344 0.722210 0.691635 
2093922354319 -0.007322 -0.000341 0.722210 0.691635 
2093942160227 -0.007307 -0.000349 0.722210 0.691635 
2093961966135 -0.007393 -0.000404 0.722210 0.691635 
2093981802561 -0.007389 -0.000395 0.722210 0.691635 
2094001608469 -0.007402 -0.000409 0.722210 0.691635 
2094021414378 -0.007423 -0.000411 0.722209 0.691634 
2094041250803 -0.007442 -0.000431 0.722209 0.691634 
2094061056712 -0.007458 -0.000430 0.722209 0.691634 
2094080862620 -0.007470 -0.000438 0.722209 0.691634 
2094100699045 -0.007473 -0.000470 0.722209 0.691635 
2094120535471 -0.007482 -0.000491 0.722209 0.691635 
2094140341379 -0.007477 -0.000490 0.722209 0.691635 
2094160177805 -0.007477 -0.000501 0.722209 0.691635 
2094179983713 -0.007495 -0.000490 0.722209 0.691635 
2094199789622 -0.007511 -0.000490 0.722208 0.691634 
2094219626047 -0.007536 -0.000481 0.722208 0.691634 
2094239431956 -0.007526 -0.000489 0.722208 0.691634 
2094259237864 -0.007528 -0.000497 0.722208 0.691634 
2094279074290 -0.007530 -0.000494 0.722208 0.691634 
2094298880198 -0.007536 -0.000489 0.722208 0.691634 
2094318686106 -0.007534 -0.000505 0.722208 0.691634 
2094338522532 -0.007540 -0.000493 0.722208 0.691634 
2094358328440 -0.007553 -0.000501 0.722208 0.691634 
2094378134348 -0.007540 -0.000495 0.722208 0.691634 
2094397970774 -0.007522 -0.000483 0.722209 0.691634 
2094417807200 -0.007527 -0.000483 0.722208 0.691634 
2094437613108 -0.007536 -0.000469 0.722209 0.691634 
2094457449534 -0.007535 -0.000464 0.722208 0.691634 
2094477255442 -0.007524 -0.000436 0.722209 0.691634 
2094497091868 -0.007524 -0.000432 0.722209 0.691634 
2094516897776 -0.007533 -0.000415 0.722209 0.691634 
2094536703684 -0.007521 -0.000417 0.722209 0.691634 
2094556540110 -0.007504 -0.000424 0.722209 0.691634 
2094576346018 -0.007497 -0.000417 0.722209 0.691634 
2094596151926 -0.007506 -0.000405 0.722209 0.691634 
2094615988352 -0.007488 -0.000393 0.722209 0.691634 
2094635794260 -0.007469 -0.000404 0.722209 0.691634 
2094655600169 -0.007454 -0.000405 0.722209 0.691634 
2094675436594 -0.007429 -0.000407 0.722209 0.691634 
2094695273020 -0.007421 -0.000404 0.722210 0.691634 
2094715078928 -0.007402 -0.000406 0.722210 0.691635 
2094734915354 -0.007379 -0.000402 0.722210 0.691635 
2094754721262 -0.007384 -0.000404 0.722210 0.691635 
2094774527170 -0.007392 -0.000399 0.722210 0.691635 
2094794363596 -0.007366 -0.000387 0.722210 0.691635 
2094814169504 -0.007361 -0.000384 0.722210 0.691635 
2094833975413 -0.007358 -0.000373 0.722210 0.691635 
2094853811838 -0.007356 -0.000356 0.722210 0.691635 
2094873617747 -0.007351 -0.000338 0.722210 0.691634 
2094893423655 -0.007358 -0.000314 0.722210 0.691634 
2094913260081 -0.007355 -0.000305 0.722210 0.691634 
2094933065989 -0.007395 -0.000312 0.722210 0.691634 
2094952871897 -0.007262 -0.000321 0.722211 0.691635 
2094972708323 -0.007307 -0.000306 0.722211 0.691634 
2094992544749 -0.007472 -0.000290 0.722210 0.691634 
2095012350657 -0.007339 -0.000314 0.722210 0.691634 
2095032187083 -0.007227 -0.000305 0.722211 0.691635 
2095051992991 -0.007353 -0.000242 0.722211 0.691634 
2095071798899 -0.007412 -0.000243 0.722210 0.691634 
2095091635325 -0.007209 -0.000295 0.722211 0.691635 
2095111441233 -0.007241 -0.000301 0.722211 0.691635 
2095131247141 -0.007409 -0.000279 0.722210 0.691634 
2095151083567 -0.007209 -0.000313 0.722211 0.691635 
2095170889475 -0.007154 -0.000300 0.722212 0.691635 
2095190695383 -0.007372 -0.000260 0.722211 0.691634 
2095210531809 -0.007252 -0.000266 0.722211 0.691635 
2095230337717 -0.007141 -0.000267 0.722212 0.691635 
2095250143626 -0.007356 -0.000236 0.722211 0.691634 
2095269980051 -0.007249 -0.000265 0.722211 0.691635 
2095289816477 -0.007142 -0.000289 0.722212 0.691635 
2095309622385 -0.007345 -0.000268 0.722211 0.691634 
2095329458811 -0.007249 -0.000296 0.722211 0.691635 
2095349264719 -0.007131 -0.000308 0.722212 0.691635 
2095369101145 -0.007314 -0.000291 0.722211 0.691634 
2095388907053 -0.007156 -0.000333 0.722211 0.691635 
2095408712962 -0.007057 -0.000352 0.722212 0.691636 
2095428518870 -0.007279 -0.000315 0.722211 0.691635 
2095448355295 -0.007092 -0.000357 0.722212 0.691636 
2095468161204 -0.007086 -0.000360 0.722211 0.691636 
2095487967112 -0.007282 -0.000331 0.722211 0.691635 
2095507803538 -0.007062 -0.000363 0.722212 0.691636 
2095527609446 -0.007128 -0.000362 0.722211 0.691636 
2095547445872 -0.007268 -0.000335 0.722211 0.691635 
2095567282297 -0.007024 -0.000348 0.722212 0.691636 
2095587088206 -0.007162 -0.000327 0.722211 0.691635 
2095606924631 -0.007237 -0.000329 0.722211 0.691635 
2095626730540 -0.007024 -0.000340 0.722212 0.691636 
2095646536448 -0.006810 -0.000343 0.722213 0.691637 
2095666372874 -0.006803 -0.000353 0.722213 0.691637 
2095686178782 -0.006637 -0.000373 0.722214 0.691638 
2095705984690 -0.006485 -0.000385 0.722215 0.691639 
2095725821116 -0.006420 -0.000389 0.722215 0.691639 
2095745627024 -0.006345 -0.000395 0.722215 0.691639 
2095765432932 -0.006582 -0.000354 0.722214 0.691638 
2095785269358 -0.006435 -0.000366 0.722215 0.691639 
2095805075266 -0.006446 -0.000375 0.722215 0.691639 
2095824881174 -0.006649 -0.000348 0.722214 0.691638 
2095844717600 -0.006452 -0.000366 0.722215 0.691639 
2095864554026 -0.006565 -0.000351 0.722214 0.691638 
2095884359934 -0.006723 -0.000319 0.722214 0.691637 
2095904196360 -0.006519 -0.000339 0.722215 0.691638 
2095924002268 -0.006706 -0.000304 0.722214 0.691637 
2095943808176 -0.006742 -0.000339 0.722214 0.691637 
2095963644602 -0.006578 -0.000359 0.722214 0.691638 
2095983450510 -0.006798 -0.000311 0.722213 0.691637 
2096003256419 -0.006715 -0.000321 0.722214 0.691637 
2096023092844 -0.006630 -0.000335 0.722214 0.691638 
2096042898753 -0.006874 -0.000296 0.722213 0.691636 
2096062735178 -0.006700 -0.000305 0.722214 0.691637 
2096082541087 -0.006712 -0.000302 0.722214 0.691637 
2096102346995 -0.006903 -0.000285 0.722213 0.691636 
2096122183420 -0.006682 -0.000324 0.722214 0.691637 
2096142019846 -0.006805 -0.000294 0.722213 0.691637 
2096161825754 -0.006912 -0.000299 0.722213 0.691636 
2096181662180 -0.006694 -0.000317 0.722214 0.691637 
2096201468088 -0.006885 -0.000292 0.722213 0.691636 
2096221273997 -0.006888 -0.000276 0.722213 0.691636 
2096241079905 -0.006731 -0.000324 0.722214 0.691637 
2096260916331 -0.006954 -0.000313 0.722212 0.691636 
2096280722239 -0.006857 -0.000309 0.722213 0.691637 
2096300528147 -0.006786 -0.000332 0.722213 0.691637 
2096320364573 -0.007015 -0.000304 0.722212 0.691636 
2096340170481 -0.006859 -0.000318 0.722213 0.691637 
2096360006907 -0.006876 -0.000315 0.722213 0.691637 
2096379812815 -0.007042 -0.000278 0.722212 0.691636 
2096399618723 -0.006815 -0.000303 0.722213 0.691637 
2096419455149 -0.006920 -0.000271 0.722213 0.691636 
2096439291575 -0.007037 -0.000263 0.722212 0.691636 
2096459097483 -0.006825 -0.000294 0.722213 0.691637 
2096478933909 -0.007029 -0.000269 0.722212 0.691636 
2096498739817 -0.007020 -0.000276 0.722212 0.691636 
2096518545725 -0.006863 -0.000299 0.722213 0.691637 
2096538382151 -0.007083 -0.000261 0.722212 0.691635 
2096558188059 -0.006960 -0.000289 0.722213 0.691636 
2096577993967 -0.006916 -0.000285 0.722213 0.691636 
2096597830393 -0.007126 -0.000262 0.722212 0.691635 
2096617636301 -0.006918 -0.000299 0.722213 0.691636 
2096637442210 -0.006995 -0.000294 0.722212 0.691636 
2096657278635 -0.007134 -0.000280 0.722212 0.691635 
2096677084544 -0.006898 -0.000307 0.722213 0.691636 
2096696920969 -0.007074 -0.000290 0.722212 0.691636 
2096716757395 -0.007087 -0.000308 0.722212 0.691636 
2096736563303 -0.006924 -0.000338 0.722213 0.691636 
2096756399729 -0.007150 -0.000296 0.722212 0.691635 
2096776205637 -0.007037 -0.000306 0.722212 0.691636 
2096796011545 -0.006987 -0.000315 0.722212 0.691636 
2096815847971 -0.007203 -0.000288 0.722211 0.691635 
2096835653879 -0.006996 -0.000304 0.722212 0.691636 
2096855459788 -0.007076 -0.000294 0.722212 0.691636 
2096875296213 -0.007200 -0.000286 0.722211 0.691635 
2096895102122 -0.006983 -0.000322 0.722212 0.691636 
2096914908030 -0.007150 -0.000287 0.722212 0.691635 
2096934744456 -0.007147 -0.000285 0.722212 0.691635 
2096954550364 -0.006988 -0.000311 0.722212 0.691636 
2096974386790 -0.007206 -0.000286 0.722211 0.691635 
2096994223215 -0.007054 -0.000303 0.722212 0.691636 
2097014029124 -0.007020 -0.000313 0.722212 0.691636 
2097033835032 -0.007225 -0.000275 0.722211 0.691635 
2097053671458 -0.006991 -0.000322 0.722212 0.691636 
2097073477366 -0.007087 -0.000287 0.722212 0.691635 
2097093283274 -0.007176 -0.000278 0.722212 0.691635 
2097113119700 -0.006982 -0.000314 0.722212 0.691636 
2097132925608 -0.007187 -0.000267 0.722212 0.691635 
2097152731516 -0.007148 -0.000295 0.722212 0.691635 
2097172567942 -0.007044 -0.000313 0.722212 0.691636 
2097192373850 -0.007287 -0.000259 0.722211 0.691634 
2097212179758 -0.007091 -0.000276 0.722212 0.691635 
2097232016184 -0.007118 -0.000280 0.722212 0.691635 
2097251822092 -0.007286 -0.000290 0.722211 0.691634 
2097271658518 -0.007044 -0.000319 0.722212 0.691636 
2097291494944 -0.007205 -0.000288 0.722211 0.691635 
2097311300852 -0.007258 -0.000292 0.722211 0.691635 
2097331137278 -0.007041 -0.000319 0.722212 0.691636 
2097350943186 -0.007271 -0.000304 0.722211 0.691635 
2097370749094 -0.007190 -0.000313 0.722211 0.691635 
2097390585520 -0.007096 -0.000331 0.722212 0.691636 
2097410391428 -0.007314 -0.000303 0.722211 0.691634 
2097430197337 -0.007117 -0.000331 0.722212 0.691636 
2097450033762 -0.007129 -0.000307 0.722212 0.691635 
2097469839670 -0.007312 -0.000296 0.722211 0.691634 
2097489645579 -0.007081 -0.000309 0.722212 0.691636 
2097509482004 -0.007216 -0.000300 0.722211 0.691635 
2097529287913 -0.007284 -0.000296 0.722211 0.691635 
2097549124338 -0.007075 -0.000309 0.722212 0.691636 
2097568960764 -0.007266 -0.000278 0.722211 0.691635 
2097588766672 -0.007220 -0.000285 0.722211 0.691635 
2097608572581 -0.007087 -0.000322 0.722212 0.691636 
2097628409006 -0.007319 -0.000281 0.722211 0.691634 
2097648214915 -0.007166 -0.000307 0.722211 0.691635 
2097668020823 -0.007141 -0.000312 0.722212 0.691635 
2097687857249 -0.007332 -0.000287 0.722211 0.691634 
2097707663157 -0.007101 -0.000295 0.722212 0.691635 
2097727499583 -0.007190 -0.000279 0.722211 0.691635 
2097747305491 -0.007289 -0.000285 0.722211 0.691634 
2097767111399 -0.007063 -0.000310 0.722212 0.691636 
2097786947825 -0.007274 -0.000282 0.722211 0.691635 
2097806753733 -0.007236 -0.000296 0.722211 0.691635 
2097826559641 -0.007109 -0.000310 0.722212 0.691635 
2097846396067 -0.007338 -0.000295 0.722211 0.691634 
2097866232493 -0.007180 -0.000307 0.722211 0.691635 
2097886038401 -0.007158 -0.000298 0.722211 0.691635 
2097905874827 -0.007345 -0.000282 0.722211 0.691634 
2097925680735 -0.007118 -0.000324 0.722212 0.691636 
2097945486643 -0.007204 -0.000299 0.722211 0.691635 
2097965323069 -0.007293 -0.000287 0.722211 0.691634 
2097985128977 -0.007064 -0.000292 0.722212 0.691636 
2098004934885 -0.007286 -0.000255 0.722211 0.691634 
2098024771311 -0.007242 -0.000265 0.722211 0.691635 
2098044577219 -0.007132 -0.000270 0.722212 0.691635 
2098064383128 -0.007359 -0.000235 0.722211 0.691634 
2098084219553 -0.007167 -0.000279 0.722212 0.691635 
2098104025462 -0.007200 -0.000287 0.722211 0.691635 
2098123861887 -0.007358 -0.000265 0.722211 0.691634 
2098143698313 -0.007130 -0.000268 0.722212 0.691635 
2098163504221 -0.007282 -0.000249 0.722211 0.691634 
2098183310129 -0.007323 -0.000258 0.722211 0.691634 
2098203146555 -0.007140 -0.000285 0.722212 0.691635 
2098222952463 -0.007373 -0.000265 0.722211 0.691634 
2098242758372 -0.007241 -0.000292 0.722211 0.691635 
2098262594797 -0.007175 -0.000293 0.722211 0.691635 
2098282400706 -0.007377 -0.000281 0.722210 0.691634 
2098302237131 -0.007138 -0.000317 0.722212 0.691635 
2098322043040 -0.007222 -0.000298 0.722211 0.691635 
2098341848948 -0.007316 -0.000286 0.722211 0.691634 
2098361685374 -0.007097 -0.000302 0.722212 0.691635 
2098381491282 -0.007312 -0.000258 0.722211 0.691634 
2098401297190 -0.007217 -0.000267 0.722211 0.691635 
2098421133616 -0.007114 -0.000288 0.722212 0.691635 
2098440970042 -0.007326 -0.000273 0.722211 0.691634 
2098460775950 -0.007129 -0.000299 0.722212 0.691635 
2098480612376 -0.007150 -0.000312 0.722211 0.691635 
2098500418284 -0.007236 -0.000316 0.722211 0.691635 
2098520224192 -0.006991 -0.000342 0.722212 0.691636 
2098540060927 -0.007232 -0.000303 0.722211 0.691635 
2098559866835 -0.007217 -0.000317 0.722211 0.691635 
2098579672743 -0.007108 -0.000337 0.722212 0.691636 
2098599509169 -0.007342 -0.000315 0.722210 0.691634 
2098619315077 -0.007186 -0.000340 0.722211 0.691635 
2098639120985 -0.007134 -0.000351 0.722211 0.691636 
2098658957411 -0.007373 -0.000346 0.722210 0.691634 
2098678763319 -0.007209 -0.000376 0.722211 0.691635 
2098698599745 -0.007205 -0.000402 0.722211 0.691636 
2098718436171 -0.007374 -0.000387 0.722210 0.691635 
2098738242079 -0.007131 -0.000411 0.722211 0.691636 
2098758078505 -0.007263 -0.000390 0.722211 0.691635 
2098777884413 -0.007342 -0.000364 0.722210 0.691635 
2098797690321 -0.007111 -0.000405 0.722211 0.691636 
2098817526747 -0.007325 -0.000371 0.722210 0.691635 
2098837332655 -0.007197 -0.000392 0.722211 0.691636 
2098857138563 -0.007170 -0.000400 0.722211 0.691636 
2098876974989 -0.007374 -0.000370 0.722210 0.691634 
2098896780897 -0.007175 -0.000392 0.722211 0.691636 
2098916586806 -0.007217 -0.000392 0.722211 0.691635 
2098936423231 -0.007335 -0.000372 0.722210 0.691635 
2098956229140 -0.007094 -0.000391 0.722211 0.691636 
2098976065565 -0.007201 -0.000378 0.722211 0.691635 
2098995901991 -0.007288 -0.000376 0.722210 0.691635 
2099015707899 -0.007076 -0.000383 0.722211 0.691636 
2099035513808 -0.007298 -0.000354 0.722211 0.691635 
2099055350233 -0.007227 -0.000369 0.722211 0.691635 
2099075156142 -0.007129 -0.000392 0.722211 0.691636 
2099094962050 -0.007385 -0.000381 0.722210 0.691634 
2099114798476 -0.007202 -0.000398 0.722211 0.691635 
2099134604384 -0.007270 -0.000384 0.722210 0.691635 
2099154440810 -0.007348 -0.000395 0.722210 0.691635 
2099174246718 -0.007153 -0.000400 0.722211 0.691636 
2099194052626 -0.007369 -0.000367 0.722210 0.691634 
2099213858534 -0.007284 -0.000409 0.722210 0.691635 
2099233694960 -0.007223 -0.000416 0.722211 0.691635 
2099253500868 -0.007442 -0.000385 0.722209 0.691634 
2099273337294 -0.007613 -0.000363 0.722209 0.691633 
2099293173720 -0.007642 -0.000359 0.722209 0.691633 
2099312979628 -0.007735 -0.000343 0.722208 0.691632 
2099332816054 -0.007514 -0.000346 0.722209 0.691634 
2099352621962 -0.007680 -0.000297 0.722209 0.691633 
2099372427870 -0.007557 -0.000318 0.722209 0.691633 
2099392264296 -0.007452 -0.000352 0.722210 0.691634 
2099412070204 -0.007661 -0.000321 0.722209 0.691633 
2099431876112 -0.007433 -0.000353 0.722210 0.691634 
2099451712538 -0.007430 -0.000350 0.722210 0.691634 
2099471518446 -0.007556 -0.000329 0.722209 0.691633 
2099491324354 -0.007276 -0.000363 0.722210 0.691635 
2099511160780 -0.007366 -0.000329 0.722210 0.691634 
2099530966688 -0.007440 -0.000330 0.722210 0.691634 
2099550803114 -0.007217 -0.000356 0.722211 0.691635 
2099570639540 -0.007432 -0.000341 0.722210 0.691634 
2099590445448 -0.007384 -0.000351 0.722210 0.691634 
2099610281874 -0.007308 -0.000371 0.722210 0.691635 
2099630087782 -0.007492 -0.000353 0.722209 0.691634 
2099649893690 -0.007266 -0.000364 0.722211 0.691635 
2099669730116 -0.007355 -0.000364 0.722210 0.691635 
2099689536024 -0.007446 -0.000376 0.722210 0.691634 
2099709341933 -0.007205 -0.000399 0.722211 0.691635 
2099729178358 -0.007492 -0.000357 0.722209 0.691634 
2099748984267 -0.007203 -0.000358 0.722211 0.691635 
2099768790175 -0.007278 -0.000350 0.722211 0.691635 
2099788626601 -0.007299 -0.000323 0.722211 0.691635 
2099808432509 -0.007217 -0.000319 0.722211 0.691635 
2099828238417 -0.007265 -0.000300 0.722211 0.691635 
2099848074843 -0.007275 -0.000286 0.722211 0.691635 
2099867911269 -0.007266 -0.000293 0.722211 0.691635 
2099887717177 -0.007284 -0.000275 0.722211 0.691634 
2099907553603 -0.007294 -0.000287 0.722211 0.691634 
2099927359511 -0.007292 -0.000279 0.722211 0.691634 
2099947165419 -0.007246 -0.000183 0.722212 0.691634 
2099967001845 -0.007159 0.000022 0.722203 0.691644 
2099986807753 -0.007162 -0.000045 0.722329 0.691513 
2100006644179 -0.007161 -0.000114 0.722329 0.691513 
2100026450087 -0.007205 -0.000181 0.722328 0.691513 
2100046255995 -0.007234 -0.000227 0.722328 0.691513 
2100066092421 -0.007221 -0.000246 0.722328 0.691513 
2100085898329 -0.007210 -0.000225 0.722328 0.691513 
2100105704237 -0.007202 -0.000225 0.722328 0.691513 
2100125540663 -0.007208 -0.000200 0.722328 0.691513 
2100145377089 -0.007205 -0.000200 0.722328 0.691513 
2100165182997 -0.007202 -0.000212 0.722328 0.691513 
2100185019423 -0.007199 -0.000223 0.722328 0.691513 
2100204825331 -0.007186 -0.000211 0.722328 0.691513 
