# Created at Tue Jun 01 16:06:39 GMT+02:00 2021 in Burnaby Canada 
2601321849490 0.000000 0.000000 0.000000 
2601341655398 0.000000 0.000000 0.000000 
2601361461307 0.000000 0.000000 0.000000 
2601381297732 0.000000 0.000000 0.000000 
2601401103641 0.000000 0.000000 0.000000 
2601420909549 0.000000 0.000000 0.000000 
2601440745975 0.000000 0.000000 0.000000 
2601460582400 0.000000 0.000000 0.000000 
2601480418826 0.000000 0.000000 0.000000 
2601500224734 0.000000 0.000000 0.000000 
2601520030643 0.000000 0.000000 0.000000 
2601539867068 0.000000 0.000000 0.000000 
2601559672976 0.000000 0.000000 0.000000 
2601579478885 0.000000 0.000000 0.000000 
2601599315310 0.000000 0.000000 0.000000 
2601619121219 0.000000 0.000000 0.000000 
2601638957644 0.000000 0.000000 0.000000 
2601658763553 0.000000 0.000000 0.000000 
2601678569461 0.000000 0.000000 0.000000 
2601698405887 0.000000 0.000000 0.000000 
2601718242312 0.000000 0.000000 0.000000 
2601738048221 0.000000 0.000000 0.000000 
2601757884646 0.000000 0.000000 0.000000 
2601777690555 0.000000 0.000000 0.000000 
2601797526980 0.000000 0.000000 0.000000 
2601817332889 0.000000 0.000000 0.000000 
2601837138797 0.000000 0.000000 0.000000 
2601856975223 0.000000 0.000000 0.000000 
2601876781131 0.000000 0.000000 0.000000 
2601896587039 0.000000 0.000000 0.000000 
2601916423465 0.000000 0.000000 0.000000 
2601936229373 0.000000 0.000000 0.000000 
2601956065799 0.000000 0.000000 0.000000 
2601975871707 0.000000 0.000000 0.000000 
2601995677615 0.000000 0.000000 0.000000 
2602015514041 0.000000 0.000000 0.000000 
2602035350467 0.000000 0.000000 0.000000 
2602055156375 0.000000 0.000000 0.000000 
2602074992801 0.000000 0.000000 0.000000 
2602094798709 0.000000 0.000000 0.000000 
2602114604617 0.000000 0.000000 0.000000 
2602134441043 0.000000 0.000000 0.000000 
2602154246951 0.000000 0.000000 0.000000 
2602174083377 0.000000 0.000000 0.000000 
2602193889285 0.000000 0.000000 0.000000 
2602213695193 0.000000 0.000000 0.000000 
2602233531619 0.000000 0.000000 0.000000 
2602253337527 0.000000 0.000000 0.000000 
2602273173953 0.000000 0.000000 0.000000 
2602293010379 0.000000 0.000000 0.000000 
2602312816287 0.000000 0.000000 0.000000 
2602332652713 0.000000 0.000000 0.000000 
2602352458621 0.000000 0.000000 0.000000 
2602372264529 0.000000 0.000000 0.000000 
2602392100955 0.000000 0.000000 0.000000 
2602411906863 0.000000 0.000000 0.000000 
2602431743289 0.000000 0.000000 0.000000 
2602451549197 0.000000 0.000000 0.000000 
2602471355105 0.000000 0.000000 0.000000 
2602491191531 0.000000 0.000000 0.000000 
2602510997439 0.000000 0.000000 0.000000 
2602530803348 0.000000 0.000000 0.000000 
2602550639773 0.000000 0.000000 0.000000 
2602570476199 0.000000 0.000000 0.000000 
2602590312625 0.000000 0.000000 0.000000 
2602610118533 0.000000 0.000000 0.000000 
2602629924441 0.000000 0.000000 0.000000 
2602649760867 0.000000 0.000000 0.000000 
2602669566775 0.000000 0.000000 0.000000 
2602689372684 0.000000 0.000000 0.000000 
2602709209109 0.000000 0.000000 0.000000 
2602729015018 0.000000 0.000000 0.000000 
2602748851443 0.000000 0.000000 0.000000 
2602768657351 0.000000 0.000000 0.000000 
2602788463260 0.000000 0.000000 0.000000 
2602808299685 0.000000 0.000000 0.000000 
2602828105594 0.000000 0.000000 0.000000 
2602847911502 0.000000 0.000000 0.000000 
2602867747928 0.000000 0.000000 0.000000 
2602887584353 0.000000 0.000000 0.000000 
2602907420779 0.000000 0.000000 0.000000 
2602927226687 0.000000 0.000000 0.000000 
2602947032596 0.000000 0.000000 0.000000 
2602966869021 0.000000 0.000000 0.000000 
2602986674930 0.000000 0.000000 0.000000 
2603006480838 0.000000 0.000000 0.000000 
2603026317264 0.000000 0.000000 0.000000 
2603046123172 0.000000 0.000000 0.000000 
2603065929080 0.000000 0.000000 0.000000 
2603085765506 0.000000 0.000000 0.000000 
2603105571414 0.000000 0.000000 0.000000 
2603125407840 0.000000 0.000000 0.000000 
2603145244266 0.000000 0.000000 0.000000 
2603165050174 0.000000 0.000000 0.000000 
2603184886600 0.000000 0.000000 0.000000 
2603204692508 0.000000 0.000000 0.000000 
2603224498416 0.000000 0.000000 0.000000 
2603244334842 0.000000 0.000000 0.000000 
2603264140750 0.000000 0.000000 0.000000 
2603283977176 0.000000 0.000000 0.000000 
2603303783084 0.000000 0.000000 0.000000 
2603323588992 0.000000 0.000000 0.000000 
2603343425418 0.000000 0.000000 0.000000 
2603363231326 0.000000 0.000000 0.000000 
2603383037234 0.000000 0.000000 0.000000 
2603402873660 0.000000 0.000000 0.000000 
2603422679568 0.000000 0.000000 0.000000 
2603442515994 0.000000 0.000000 0.000000 
2603462352420 0.000000 0.000000 0.000000 
2603482158328 0.000000 0.000000 0.000000 
2603501994754 0.000000 0.000000 0.000000 
2603521800662 0.000000 0.000000 0.000000 
2603541606570 0.000000 0.000000 0.000000 
2603561442996 0.000000 0.000000 0.000000 
2603581248904 0.000000 0.000000 0.000000 
2603601054812 0.000000 0.000000 0.000000 
2603620891238 0.000000 0.000000 0.000000 
2603640697146 0.000000 0.000000 0.000000 
2603660533572 0.000000 0.000000 0.000000 
2603680339480 0.000000 0.000000 0.000000 
2603700145389 0.000000 0.000000 0.000000 
2603719981814 0.000000 0.000000 0.000000 
2603739818240 0.000000 0.000000 0.000000 
2603759654666 0.000000 0.000000 0.000000 
2603779460574 0.000000 0.000000 0.000000 
2603799266482 0.000000 0.000000 0.000000 
2603819102908 0.000000 0.000000 0.000000 
2603838908816 0.000000 0.000000 0.000000 
2603858714725 0.000000 0.000000 0.000000 
2603878551150 0.000000 0.000000 0.000000 
2603898357059 0.000000 0.000000 0.000000 
2603918193484 0.000000 0.000000 0.000000 
2603937999393 0.000000 0.000000 0.000000 
2603957805301 0.000000 0.000000 0.000000 
2603977641726 0.000000 0.000000 0.000000 
2603997447635 0.000000 0.000000 0.000000 
2604017284060 0.000000 0.000000 0.000000 
2604037120486 0.000000 0.000000 0.000000 
2604056926394 0.000000 0.000000 0.000000 
2604076762820 0.000000 0.000000 0.000000 
2604096568728 0.000000 0.000000 0.000000 
2604116374637 0.000000 0.000000 0.000000 
2604136211062 0.000000 0.000000 0.000000 
2604156016971 0.000000 0.000000 0.000000 
2604175822879 0.000000 0.000000 0.000000 
2604195659305 0.000000 0.000000 0.000000 
2604215465213 0.000000 0.000000 0.000000 
2604235301639 0.000000 0.000000 0.000000 
2604255107547 0.000000 0.000000 0.000000 
2604274913455 0.000000 0.000000 0.000000 
2604294749881 0.000000 0.000000 0.000000 
2604314586307 0.000000 0.000000 0.000000 
2604334392215 0.000000 0.000000 0.000000 
2604354228641 0.000000 0.000000 0.000000 
2604374034549 0.000000 0.000000 0.000000 
2604393870975 0.000000 0.000000 0.000000 
2604413676883 0.000000 0.000000 0.000000 
2604433482791 0.000000 0.000000 0.000000 
2604453319217 0.000000 0.000000 0.000000 
2604473125125 0.000000 0.000000 0.000000 
2604492931033 0.000000 0.000000 0.000000 
2604512767459 0.000000 0.000000 0.000000 
2604532573367 0.000000 0.000000 0.000000 
2604552409793 0.000000 0.000000 0.000000 
2604572246219 0.000000 0.000000 0.000000 
2604592052127 0.000000 0.000000 0.000000 
2604611888553 0.000000 0.000000 0.000000 
2604631694461 0.000000 0.000000 0.000000 
2604651500369 0.000000 0.000000 0.000000 
2604671336795 0.000000 0.000000 0.000000 
2604691142703 0.000000 0.000000 0.000000 
2604710979129 0.000000 0.000000 0.000000 
2604730785037 0.000000 0.000000 0.000000 
2604750590945 0.000000 0.000000 0.000000 
2604770427371 0.000000 0.000000 0.000000 
2604790233279 0.000000 0.000000 0.000000 
2604810039187 0.000000 0.000000 0.000000 
2604829875613 0.000000 0.000000 0.000000 
2604849681521 0.000000 0.000000 0.000000 
2604869517947 0.000000 0.000000 0.000000 
2604889354373 0.000000 0.000000 0.000000 
2604909160281 0.000000 0.000000 0.000000 
2604928996707 0.000000 0.000000 0.000000 
2604948802615 0.000000 0.000000 0.000000 
2604968608523 0.000000 0.000000 0.000000 
2604988444949 0.000000 0.000000 0.000000 
2605008250857 0.000000 0.000000 0.000000 
2605028087283 0.000000 0.000000 0.000000 
2605047893191 0.000000 0.000000 0.000000 
2605067699100 0.000000 0.000000 0.000000 
2605087535525 0.000000 0.000000 0.000000 
2605107341434 0.000000 0.000000 0.000000 
2605127147342 0.000000 0.000000 0.000000 
2605146983768 0.000000 0.000000 0.000000 
2605166820193 0.000000 0.000000 0.000000 
2605186656619 0.000000 0.000000 0.000000 
2605206462527 0.000000 0.000000 0.000000 
2605226268435 0.000000 0.000000 0.000000 
2605246104861 0.000000 0.000000 0.000000 
2605265910769 0.000000 0.000000 0.000000 
2605285716678 0.000000 0.000000 0.000000 
2605305553103 0.000000 0.000000 0.000000 
2605325359012 0.000000 0.000000 0.000000 
2605345195437 0.000000 0.000000 0.000000 
2605365001346 0.000000 0.000000 0.000000 
2605384807254 0.000000 0.000000 0.000000 
2605404643680 0.000000 0.000000 0.000000 
2605424449588 0.000000 0.000000 0.000000 
2605444286014 0.000000 0.000000 0.000000 
2605464122439 0.000000 0.000000 0.000000 
2605483928348 0.000000 0.000000 0.000000 
2605503764773 0.000000 0.000000 0.000000 
2605523570682 0.000000 0.000000 0.000000 
2605543376590 0.000000 0.000000 0.000000 
2605563213016 0.000000 0.000000 0.000000 
2605583018924 0.000000 0.000000 0.000000 
2605602824832 0.000000 0.000000 0.000000 
2605622661258 0.000000 0.000000 0.000000 
2605642467166 0.000000 0.000000 0.000000 
2605662303592 0.000000 0.000000 0.000000 
2605682109500 0.000000 0.000000 0.000000 
2605701915408 0.000000 0.000000 0.000000 
2605721751834 0.000000 0.000000 0.000000 
2605741588260 0.000000 0.000000 0.000000 
2605761394168 0.000000 0.000000 0.000000 
2605781230594 0.000000 0.000000 0.000000 
2605801036502 0.000000 0.000000 0.000000 
2605820872928 0.000000 0.000000 0.000000 
2605840678836 0.000000 0.000000 0.000000 
2605860484744 0.000000 0.000000 0.000000 
2605880321170 0.000000 0.000000 0.000000 
2605900127078 0.000000 0.000000 0.000000 
2605919932986 0.000000 0.000000 0.000000 
2605939769412 0.000000 0.000000 0.000000 
2605959575320 0.000000 0.000000 0.000000 
2605979411746 0.000000 0.000000 0.000000 
2605999217654 0.000000 0.000000 0.000000 
2606019054080 0.000000 0.000000 0.000000 
2606038890506 0.000000 0.000000 0.000000 
2606058696414 0.000000 0.000000 0.000000 
2606078502322 0.000000 0.000000 0.000000 
2606098338748 0.000000 0.000000 0.000000 
2606118144656 0.000000 0.000000 0.000000 
2606137950564 0.000000 0.000000 0.000000 
2606157786990 0.000000 0.000000 0.000000 
2606177592898 0.000000 0.000000 0.000000 
2606197429324 0.000000 0.000000 0.000000 
2606217235232 0.000000 0.000000 0.000000 
2606237041141 0.000000 0.000000 0.000000 
2606256877566 0.000000 0.000000 0.000000 
2606276683475 0.000000 0.000000 0.000000 
2606296519900 0.000000 0.000000 0.000000 
2606316356326 0.000000 0.000000 0.000000 
2606336162234 0.000000 0.000000 0.000000 
2606355998660 0.000000 0.000000 0.000000 
2606375804568 0.000000 0.000000 0.000000 
2606395610476 0.000000 0.000000 0.000000 
2606415446902 0.000000 0.000000 0.000000 
2606435252810 0.000000 0.000000 0.000000 
2606455089236 0.000000 0.000000 0.000000 
2606474895144 0.000000 0.000000 0.000000 
2606494701053 0.000000 0.000000 0.000000 
2606514537478 0.000000 0.000000 0.000000 
2606534343387 0.000000 0.000000 0.000000 
2606554149295 0.000000 0.000000 0.000000 
2606573985721 0.000000 0.000000 0.000000 
2606593822146 0.000000 0.000000 0.000000 
2606613658572 0.000000 0.000000 0.000000 
2606633464480 0.000000 0.000000 0.000000 
2606653270389 0.000000 0.000000 0.000000 
2606673106814 0.000000 0.000000 0.000000 
2606692912723 0.000000 0.000000 0.000000 
2606712718631 0.000000 0.000000 0.000000 
2606732555057 0.000000 0.000000 0.000000 
2606752360965 0.000000 0.000000 0.000000 
2606772197391 0.000000 0.000000 0.000000 
2606792003299 0.000000 0.000000 0.000000 
2606811809207 0.000000 0.000000 0.000000 
2606831645633 0.000000 0.000000 0.000000 
2606851451541 0.000000 0.000000 0.000000 
2606871287967 0.000000 0.000000 0.000000 
2606891124393 0.000000 0.000000 0.000000 
2606910930301 0.000000 0.000000 0.000000 
2606930766726 0.000000 0.000000 0.000000 
2606950572635 0.000000 0.000000 0.000000 
2606970378543 0.000000 0.000000 0.000000 
2606990214969 0.000000 0.000000 0.000000 
2607010020877 0.000000 0.000000 0.000000 
2607029857303 0.000000 0.000000 0.000000 
2607049663211 0.000000 0.000000 0.000000 
2607069469119 0.000000 0.000000 0.000000 
2607089305545 0.000000 0.000000 0.000000 
2607109111453 0.000000 0.000000 0.000000 
2607128917361 0.000000 0.000000 0.000000 
2607148753787 0.000000 0.000000 0.000000 
2607168590213 0.000000 0.000000 0.000000 
2607188426639 0.000000 0.000000 0.000000 
2607208232547 0.000000 0.000000 0.000000 
2607228038455 0.000000 0.000000 0.000000 
2607247874881 0.000000 0.000000 0.000000 
2607267680789 0.000000 0.000000 0.000000 
2607287486697 0.000000 0.000000 0.000000 
2607307323123 0.000000 0.000000 0.000000 
2607327129031 0.000000 0.000000 0.000000 
2607346965457 0.000000 0.000000 0.000000 
2607366771365 0.000000 0.000000 0.000000 
2607386577273 0.000000 0.000000 0.000000 
2607406413699 0.000000 0.000000 0.000000 
2607426219607 0.000000 0.000000 0.000000 
2607446056033 0.000000 0.000000 0.000000 
2607465892459 0.000000 0.000000 0.000000 
2607485698367 0.000000 0.000000 0.000000 
2607505534793 0.000000 0.000000 0.000000 
2607525340701 0.000000 0.000000 0.000000 
2607545146609 0.000000 0.000000 0.000000 
2607564983035 0.000000 0.000000 0.000000 
2607584788943 0.000000 0.000000 0.000000 
2607604594851 0.000000 0.000000 0.000000 
2607624431277 0.000000 0.000000 0.000000 
2607644237185 0.000000 0.000000 0.000000 
2607664073611 0.000000 0.000000 0.000000 
2607683879519 0.000000 0.000000 0.000000 
2607703685428 0.000000 0.000000 0.000000 
2607723521853 0.000000 0.000000 0.000000 
2607743358279 0.000000 0.000000 0.000000 
2607763164187 0.000000 0.000000 0.000000 
2607783000613 0.000000 0.000000 0.000000 
2607802806521 0.000000 0.000000 0.000000 
2607822642947 0.000000 0.000000 0.000000 
2607842448855 0.000000 0.000000 0.000000 
2607862254764 0.000000 0.000000 0.000000 
2607882091189 0.000000 0.000000 0.000000 
2607901897098 0.000000 0.000000 0.000000 
