3082156165829 0.031698 -0.003592 0.059155  
3082176002254 -0.033953 0.012703 -0.007568  
3082195808163 -0.009976 -0.012952 -0.062837  
3082215644588 0.038886 -0.000741 0.054915  
3082235450496 -0.031639 0.010831 -0.013997  
3082255256405 -0.014446 -0.014760 -0.062101  
3082275092830 0.038953 0.002143 0.055624  
3082294898739 -0.029487 0.022867 -0.008683  
3082314704647 -0.007520 -0.019551 -0.063911  
3082334541073 0.043561 -0.004805 0.067757  
3082354346981 -0.031734 0.016163 -0.001584  
3082374152889 -0.007605 -0.009836 -0.068616  
3082393989315 0.036546 -0.004908 0.072454  
3082413825741 -0.026953 0.018141 0.002970  
3082433662166 -0.009931 -0.012542 -0.066529  
3082453468075 0.034298 -0.007523 0.067539  
3082473273983 -0.027040 0.022786 -0.001797  
3082493110409 -0.019263 -0.012682 -0.068822  
3082512916317 0.044002 -0.007885 0.060692  
3082532722225 -0.017659 0.024752 -0.008401  
3082552558651 -0.012267 -0.006391 -0.063642  
3082572364559 0.045905 -0.015443 0.058766  
3082592200985 -0.022538 0.024153 -0.007961  
3082612006893 -0.019528 -0.015993 -0.060901  
3082631812801 0.040973 -0.008313 0.054469  
3082651649227 -0.027519 0.019708 -0.000551  
3082671455135 -0.012779 -0.015659 -0.065302  
3082691261043 0.040778 -0.012837 0.054846  
3082711097469 -0.027479 0.026672 0.002129  
3082730933895 -0.024078 -0.020960 -0.069646  
3082750770321 0.043736 -0.008483 0.064514  
3082770576229 -0.024389 0.017002 0.002230  
3082790382137 -0.019016 -0.013868 -0.060301  
3082810218563 0.030132 -0.006490 0.057364  
3082830024471 -0.021818 0.014537 0.006879  
3082849830379 -0.011882 -0.011637 -0.072002  
3082869666805 0.039344 -0.006417 0.055304  
3082889472713 -0.021945 0.023853 -0.004358  
3082909309139 -0.018955 -0.009576 -0.062052  
3082929115047 0.037141 -0.004645 0.067236  
3082948920955 -0.021761 0.018621 0.002544  
3082968757381 -0.014146 -0.016709 -0.062309  
3082988593807 0.039474 -0.011540 0.064672  
3083008399715 -0.026667 0.007325 0.011627  
3083028236141 -0.007110 -0.011433 -0.062775  
3083048042049 0.037025 -0.010837 0.068855  
3083067847957 -0.026719 0.012636 0.024920  
3083087684383 -0.012006 -0.020194 -0.047612  
3083107490291 0.041297 -0.012590 0.076560  
3083127326717 -0.017958 0.015573 0.020803  
3083147132625 -0.010484 -0.015039 -0.049275  
3083166938534 0.033766 -0.007624 0.088835  
3083186774959 -0.029867 0.017828 0.018786  
3083206580868 -0.005572 -0.026723 -0.037343  
3083226386776 0.036198 -0.016604 0.093422  
3083246223202 -0.027518 0.020941 0.025554  
3083266029110 -0.017181 -0.026030 -0.030816  
3083285865536 0.036309 -0.006683 0.092796  
3083305701961 -0.027412 0.014351 0.018002  
3083325507870 -0.005743 -0.016446 -0.031175  
3083345344295 0.031399 -0.004350 0.097084  
3083365150204 -0.024981 0.009432 0.024447  
3083384956112 -0.012413 -0.020960 -0.024938  
3083404792538 0.031884 -0.008714 0.098481  
3083424598446 -0.024513 0.009830 0.021181  
3083444404354 -0.005028 -0.018500 -0.023466  
3083464240780 0.036495 -0.001475 0.099904  
3083484046688 -0.038795 0.012211 0.020238  
3083503852596 -0.002867 -0.016199 -0.022080  
3083523689022 0.039040 -0.013360 0.105878  
3083543494930 -0.031716 0.009968 0.009832  
3083563331356 0.001677 -0.022987 -0.020575  
3083583167782 0.029309 -0.001425 0.091135  
3083602973690 -0.024915 0.003011 0.002513  
3083622810116 -0.001244 -0.020234 -0.034583  
3083642616024 0.035748 0.003784 0.079912  
3083662452450 -0.034671 0.017521 0.012483  
3083682258358 -0.005584 -0.015472 -0.050384  
3083702064266 0.036184 0.001455 0.085450  
3083721900692 -0.029848 0.010638 -0.002979  
3083741706600 -0.001151 -0.015404 -0.049140  
3083761512508 0.035609 -0.005659 0.065835  
3083781348934 -0.032946 0.010939 -0.005760  
3083801154842 -0.004146 -0.014887 -0.056458  
3083820991268 0.039875 -0.009543 0.072646  
3083840797176 -0.026036 0.018750 0.000844  
3083860633602 -0.013432 -0.010111 -0.057022  
3083880470028 0.031128 -0.005174 0.058221  
3083900275936 -0.029874 0.015809 -0.010787  
3083920081844 -0.003263 -0.010179 -0.061314  
3083939918270 0.027078 -0.005239 0.056388  
3083959724178 -0.033557 0.010888 -0.019520  
3083979560604 -0.008901 -0.017258 -0.069753  
3083999366512 0.037148 -0.000503 0.052854  
3084019172420 -0.013410 0.020086 0.009440  
3084039008846 -0.026439 0.000903 -0.085698  
3084058814754 0.036837 -0.015340 0.016618  
3084078620663 -0.013018 0.015227 0.018378  
3084098457088 -0.030924 -0.001493 -0.081693  
3084118262996 0.039449 -0.010708 0.020490  
3084138099422 -0.015128 0.019466 0.019803  
