# Created at Tue Jun 01 16:21:15 GMT+02:00 2021 in Burnaby Canada 
3477663601551 0.005019 0.005433 -0.999964 0.004244 
3477683499012 0.004992 0.005430 -0.999964 0.004235 
3477703365955 0.004983 0.005443 -0.999964 0.004209 
3477723232899 0.005007 0.005423 -0.999964 0.004157 
3477743099842 0.005014 0.005437 -0.999964 0.004092 
3477762966785 0.005003 0.005433 -0.999965 0.004037 
3477782833729 0.005002 0.005422 -0.999965 0.003973 
3477802731190 0.005025 0.005427 -0.999965 0.003887 
3477822598133 0.005031 0.005448 -0.999965 0.003811 
3477842465076 0.005061 0.005453 -0.999965 0.003713 
3477862362537 0.005064 0.005431 -0.999966 0.003632 
3477882229481 0.005034 0.005436 -0.999966 0.003572 
3477902126942 0.005015 0.005432 -0.999967 0.003501 
3477921993885 0.005038 0.005445 -0.999967 0.003393 
3477941860828 0.005051 0.005466 -0.999967 0.003334 
3477961727772 0.005046 0.005476 -0.999967 0.003286 
3477981594715 0.005067 0.005454 -0.999967 0.003217 
3478001461658 0.005054 0.005433 -0.999967 0.003172 
3478021359119 0.005025 0.005413 -0.999968 0.003136 
3478041226063 0.005006 0.005402 -0.999968 0.003034 
3478061093006 0.005047 0.005376 -0.999969 0.002882 
3478080929432 0.005051 0.005369 -0.999969 0.002879 
3478100796375 0.005055 0.005370 -0.999969 0.002876 
3478120693836 0.005059 0.005387 -0.999969 0.002873 
3478140591297 0.005062 0.005379 -0.999969 0.002871 
3478160458240 0.005041 0.005388 -0.999969 0.002887 
3478180325184 0.005037 0.005355 -0.999969 0.002890 
3478200192127 0.005043 0.005374 -0.999969 0.002886 
3478220059071 0.005055 0.005383 -0.999969 0.002876 
3478239956531 0.005059 0.005350 -0.999969 0.002873 
3478259823475 0.005063 0.005328 -0.999969 0.002871 
3478279720936 0.005058 0.005340 -0.999969 0.002874 
3478299587879 0.005037 0.005328 -0.999969 0.002890 
3478319454822 0.005034 0.005340 -0.999969 0.002892 
3478339321766 0.005031 0.005343 -0.999969 0.002895 
3478359188709 0.005003 0.005346 -0.999969 0.002916 
3478379055653 0.005035 0.005332 -0.999969 0.002891 
3478398953114 0.005016 0.005336 -0.999969 0.002906 
3478418850574 0.005006 0.005332 -0.999969 0.002913 
3478438717518 0.005030 0.005327 -0.999969 0.002896 
3478458584461 0.005019 0.005323 -0.999969 0.002904 
3478478451405 0.005025 0.005328 -0.999969 0.002899 
3478498348865 0.005048 0.005332 -0.999969 0.002882 
3478518215809 0.005069 0.005303 -0.999969 0.002866 
3478538082752 0.005088 0.005301 -0.999969 0.002851 
3478557949696 0.005082 0.005298 -0.999969 0.002856 
3478577816639 0.005075 0.005312 -0.999969 0.002861 
3478597683582 0.005078 0.005342 -0.999969 0.002859 
3478617581043 0.005072 0.005329 -0.999969 0.002863 
3478637429910 0.005042 0.005366 -0.999969 0.002886 
3478657296853 0.005030 0.005376 -0.999969 0.002895 
3478677163796 0.005045 0.005369 -0.999969 0.002884 
3478697030740 0.005049 0.005354 -0.999969 0.002881 
3478716928201 0.005047 0.005366 -0.999969 0.002882 
3478736825662 0.005075 0.005375 -0.999969 0.002861 
3478756692605 0.004986 0.005292 -0.999969 0.002929 
3478776559548 0.005103 0.005317 -0.999969 0.002840 
3478796426492 0.005186 0.005453 -0.999968 0.002777 
3478816293435 0.005052 0.005361 -0.999969 0.002879 
3478836160378 0.004939 0.005221 -0.999970 0.002965 
3478856027322 0.005026 0.005324 -0.999969 0.002898 
3478875924783 0.005171 0.005484 -0.999968 0.002788 
3478895791726 0.005079 0.005390 -0.999968 0.002858 
3478915658669 0.004940 0.005257 -0.999970 0.002964 
3478935556130 0.005109 0.005390 -0.999968 0.002835 
3478955423074 0.005175 0.005521 -0.999968 0.002785 
3478975290017 0.005042 0.005359 -0.999969 0.002886 
3478995187478 0.004972 0.005311 -0.999969 0.002939 
3479015054421 0.005204 0.005496 -0.999968 0.002635 
3479034921365 0.005117 0.005480 -0.999969 0.002570 
3479054818826 0.004995 0.005302 -0.999970 0.002528 
3479074685769 0.005069 0.005397 -0.999970 0.002334 
3479094552712 0.005170 0.005520 -0.999969 0.002342 
3479114419656 0.005045 0.005367 -0.999969 0.002684 
3479134286599 0.004990 0.005280 -0.999969 0.003141 
3479154153542 0.005201 0.005493 -0.999966 0.003142 
3479174051003 0.005104 0.005431 -0.999966 0.003472 
3479193917947 0.005012 0.005280 -0.999967 0.003709 
3479213784890 0.005200 0.005446 -0.999965 0.003731 
3479233651833 0.005217 0.005508 -0.999964 0.003886 
3479253518777 0.005079 0.005339 -0.999964 0.004162 
3479273385720 0.005137 0.005384 -0.999963 0.004287 
3479293283181 0.005224 0.005517 -0.999961 0.004387 
3479313180642 0.005053 0.005381 -0.999962 0.004686 
3479333047585 0.004999 0.005326 -0.999961 0.004887 
3479352914529 0.005208 0.005494 -0.999959 0.004892 
3479372781472 0.005120 0.005433 -0.999959 0.005126 
3479392648415 0.004985 0.005291 -0.999959 0.005387 
3479412545876 0.005206 0.005456 -0.999957 0.005372 
3479432412820 0.005117 0.005436 -0.999957 0.005457 
3479452279763 0.004992 0.005269 -0.999958 0.005569 
3479472146706 0.005124 0.005403 -0.999957 0.005482 
3479492013650 0.005113 0.005468 -0.999957 0.005505 
3479511880593 0.004958 0.005293 -0.999958 0.005640 
3479531778054 0.005007 0.005365 -0.999957 0.005615 
3479551644997 0.005120 0.005483 -0.999956 0.005542 
3479571542458 0.004949 0.005333 -0.999957 0.005689 
3479591409402 0.004937 0.005288 -0.999959 0.005395 
3479611276345 0.005120 0.005463 -0.999960 0.004793 
3479631143288 0.004991 0.005360 -0.999963 0.004622 
3479651040749 0.004918 0.005230 -0.999964 0.004417 
3479670907693 0.005145 0.005428 -0.999964 0.003987 
3479690774636 0.005029 0.005368 -0.999966 0.003835 
3479710641579 0.004895 0.005220 -0.999968 0.003707 
3479730508523 0.005101 0.005355 -0.999967 0.003323 
3479750375466 0.005053 0.005389 -0.999968 0.003146 
3479770272927 0.004902 0.005215 -0.999970 0.003059 
3479790139870 0.005049 0.005325 -0.999969 0.002734 
3479810006814 0.005103 0.005426 -0.999969 0.002520 
3479829873757 0.005000 0.005228 -0.999971 0.002434 
3479849771218 0.005040 0.005310 -0.999971 0.002241 
3479869638162 0.005153 0.005437 -0.999970 0.002000 
3479889535622 0.005047 0.005288 -0.999971 0.001937 
3479909402566 0.005062 0.005270 -0.999972 0.001788 
3479929269509 0.005187 0.005430 -0.999971 0.001562 
3479949136453 0.005054 0.005330 -0.999972 0.001542 
3479969003396 0.004960 0.005260 -0.999973 0.001499 
3479988900857 0.005159 0.005430 -0.999971 0.001238 
3480008767800 0.005044 0.005378 -0.999972 0.001224 
3480028634744 0.004925 0.005221 -0.999973 0.001218 
3480048501687 0.005128 0.005436 -0.999972 0.000968 
3480068368630 0.005061 0.005443 -0.999972 0.001333 
3480088235574 0.004909 0.005279 -0.999971 0.002554 
3480108133035 0.005107 0.005417 -0.999966 0.003649 
3480127999978 0.005101 0.005469 -0.999961 0.004617 
3480147897439 0.004941 0.005297 -0.999958 0.005644 
3480167764382 0.005045 0.005407 -0.999952 0.006415 
3480187631326 0.005101 0.005509 -0.999946 0.007187 
3480207498269 0.004943 0.005352 -0.999941 0.008068 
3480227395730 0.004998 0.005398 -0.999938 0.008328 
3480247262673 0.005118 0.005537 -0.999939 0.008101 
3480267129617 0.005001 0.005364 -0.999945 0.007440 
3480286996560 0.005009 0.005365 -0.999949 0.006939 
3480306863503 0.005137 0.005510 -0.999951 0.006377 
3480326730447 0.005008 0.005405 -0.999955 0.006040 
3480346597390 0.004950 0.005304 -0.999958 0.005675 
3480366494851 0.005157 0.005471 -0.999959 0.005128 
3480386361794 0.005050 0.005392 -0.999961 0.004847 
3480406228738 0.004923 0.005250 -0.999964 0.004595 
3480426126199 0.005134 0.005439 -0.999964 0.004113 
3480445993142 0.005052 0.005443 -0.999965 0.003878 
3480465860085 0.004933 0.005281 -0.999967 0.003690 
3480485757546 0.005111 0.005412 -0.999967 0.003290 
3480505624490 0.005137 0.005482 -0.999967 0.003024 
3480525491433 0.004998 0.005287 -0.999969 0.002902 
3480545358376 0.005096 0.005366 -0.999969 0.002613 
3480565225320 0.005131 0.005464 -0.999969 0.002386 
3480585092263 0.004977 0.005329 -0.999971 0.002319 
3480604989724 0.004978 0.005347 -0.999971 0.002145 
3480624826150 0.005094 0.005479 -0.999970 0.001893 
3480644693093 0.004968 0.005320 -0.999972 0.001840 
3480664560037 0.004995 0.005315 -0.999972 0.001678 
3480684426980 0.005159 0.005456 -0.999971 0.001420 
3480704293923 0.005044 0.005338 -0.999972 0.001384 
3480724191384 0.004993 0.005259 -0.999973 0.001305 
3480744088845 0.005156 0.005436 -0.999971 0.001065 
3480763955788 0.005049 0.005360 -0.999972 0.001043 
3480783853249 0.004964 0.005238 -0.999973 0.001010 
3480803720193 0.005197 0.005394 -0.999972 0.000737 
3480823587136 0.005094 0.005352 -0.999972 0.000728 
3480843454079 0.004955 0.005188 -0.999974 0.000754 
3480863351540 0.005158 0.005349 -0.999972 0.000521 
3480883218484 0.005108 0.005391 -0.999972 0.000268 
3480903085427 0.004995 0.005208 -0.999974 0.000084 
3480922952370 -0.005147 -0.005309 0.999973 0.000283 
3480942788796 -0.005155 -0.005377 0.999972 0.000522 
3480962686257 -0.005015 -0.005197 0.999974 0.000630 
3480982553201 -0.005115 -0.005256 0.999973 0.000909 
3481002450662 -0.005190 -0.005386 0.999972 0.000941 
3481022317605 -0.005015 -0.005192 0.999974 0.000781 
3481042184548 -0.005031 -0.005220 0.999973 0.000767 
3481062051492 -0.005169 -0.005376 0.999972 0.000848 
3481081918435 -0.005078 -0.005231 0.999973 0.000753 
3481101846413 -0.005013 -0.005161 0.999974 0.000247 
3481121713357 0.005191 0.005364 -0.999972 0.000041 
3481141580300 0.005070 0.005320 -0.999973 0.000530 
3481161447244 0.004948 0.005153 -0.999974 0.000999 
3481181314187 0.005140 0.005358 -0.999972 0.001191 
3481201181130 0.005039 0.005354 -0.999972 0.001584 
3481221078591 0.004918 0.005192 -0.999972 0.001971 
3481240945535 0.005071 0.005331 -0.999971 0.002130 
3481260812478 0.005057 0.005402 -0.999970 0.002397 
3481280709939 0.004920 0.005214 -0.999971 0.002741 
3481300576882 0.005072 0.005325 -0.999969 0.002849 
3481320443826 0.005082 0.005445 -0.999968 0.003044 
3481340310769 0.004952 0.005313 -0.999968 0.003336 
3481360208230 0.005060 0.005335 -0.999967 0.003435 
3481380075173 0.005120 0.005438 -0.999966 0.003560 
3481399942117 0.004940 0.005241 -0.999967 0.003857 
3481419809060 0.004977 0.005262 -0.999966 0.003979 
3481439676003 0.005122 0.005433 -0.999964 0.004007 
3481459542947 0.005024 0.005327 -0.999964 0.004213 
3481479440408 0.004898 0.005201 -0.999965 0.004433 
3481499307351 0.005124 0.005403 -0.999963 0.004372 
3481519174294 0.005025 0.005364 -0.999963 0.004562 
3481539041238 0.004921 0.005202 -0.999962 0.004961 
3481558908181 0.005138 0.005399 -0.999959 0.005093 
3481578805642 0.005052 0.005393 -0.999958 0.005434 
3481598672585 0.004914 0.005221 -0.999958 0.005800 
3481618539529 0.005115 0.005376 -0.999955 0.005889 
3481638406472 0.005081 0.005411 -0.999955 0.005933 
3481658273415 0.004918 0.005238 -0.999956 0.006073 
3481678170876 0.005036 0.005333 -0.999954 0.006215 
3481698037820 0.005073 0.005412 -0.999953 0.006187 
3481717904763 0.004928 0.005256 -0.999954 0.006293 
3481737802224 0.005021 0.005307 -0.999954 0.006218 
3481757669167 0.005107 0.005445 -0.999953 0.006148 
3481777536111 0.004945 0.005315 -0.999953 0.006486 
3481797433572 0.004947 0.005258 -0.999952 0.006675 
3481817300515 0.005150 0.005456 -0.999950 0.006688 
3481837167458 0.005024 0.005365 -0.999949 0.006948 
3481857064919 0.004988 0.005262 -0.999948 0.007128 
3481876931863 0.005155 0.005460 -0.999946 0.007143 
3481896829324 0.005062 0.005385 -0.999946 0.007347 
3481916696267 0.004956 0.005263 -0.999945 0.007550 
3481936563210 0.005143 0.005462 -0.999944 0.007524 
3481956430154 0.005067 0.005434 -0.999945 0.007472 
3481976297097 0.004938 0.005271 -0.999949 0.007025 
3481996194558 0.005140 0.005443 -0.999952 0.006358 
3482016061501 0.005074 0.005471 -0.999955 0.005925 
3482035928445 0.004937 0.005314 -0.999958 0.005572 
3482055795388 0.005098 0.005442 -0.999960 0.005023 
3482075662331 0.005100 0.005494 -0.999961 0.004634 
3482095529275 0.004995 0.005338 -0.999964 0.004363 
3482115426736 0.005135 0.005406 -0.999964 0.003926 
3482135293679 0.005150 0.005508 -0.999965 0.003608 
3482155191140 0.005026 0.005352 -0.999967 0.003419 
3482175058083 0.005122 0.005442 -0.999967 0.003097 
3482194925027 0.005035 0.005353 -0.999969 0.002941 
3482214791970 0.005123 0.005425 -0.999969 0.002437 
3482234658913 0.005215 0.005524 -0.999970 0.001741 
3482254525857 0.005089 0.005374 -0.999972 0.001254 
3482274423318 0.005126 0.005384 -0.999972 0.000466 
3482294290261 0.005240 0.005535 -0.999971 0.000099 
3482314157204 -0.005104 -0.005402 0.999972 0.000051 
3482334024148 -0.005098 -0.005398 0.999972 0.000288 
3482353921609 -0.005237 -0.005570 0.999971 0.000624 
3482373788552 -0.005141 -0.005475 0.999972 0.000760 
3482393655495 -0.005092 -0.005458 0.999972 0.000921 
3482413522439 -0.005248 -0.005651 0.999969 0.001236 
3482433419900 -0.005126 -0.005550 0.999971 0.001318 
3482453286843 -0.005068 -0.005445 0.999971 0.001441 
3482473184304 -0.005268 -0.005640 0.999969 0.001762 
3482493051247 -0.005153 -0.005579 0.999969 0.001827 
3482512918191 -0.005059 -0.005415 0.999971 0.001902 
3482532785134 -0.005278 -0.005579 0.999968 0.002213 
3482552652078 -0.005194 -0.005579 0.999968 0.002277 
3482572519021 -0.005072 -0.005455 0.999970 0.002314 
3482592385964 -0.005249 -0.005593 0.999967 0.002580 
3482612283425 -0.005192 -0.005649 0.999967 0.002648 
3482632150369 -0.005076 -0.005459 0.999970 0.002005 
3482652017312 -0.005223 -0.005575 0.999970 0.001609 
3482671884255 -0.005245 -0.005642 0.999970 0.001147 
3482691751199 -0.005135 -0.005495 0.999972 0.000609 
3482711648660 -0.005237 -0.005575 0.999971 0.000273 
3482731515603 0.005257 0.005708 -0.999970 0.000109 
3482751382546 0.005123 0.005573 -0.999971 0.000605 
3482771249490 0.005175 0.005615 -0.999970 0.000904 
3482791116433 0.005265 0.005712 -0.999969 0.001148 
3482811013894 0.005131 0.005585 -0.999970 0.001561 
3482830880837 0.005181 0.005609 -0.999969 0.001807 
3482850778298 0.005281 0.005720 -0.999968 0.001564 
3482870645242 0.005107 0.005575 -0.999970 0.001554 
3482890512185 0.005154 0.005622 -0.999970 0.001379 
3482910379128 0.005223 0.005773 -0.999969 0.001186 
3482930276589 0.005102 0.005624 -0.999970 0.001156 
3482950143533 0.005157 0.005635 -0.999970 0.000999 
3482970010476 0.005259 0.005752 -0.999969 0.000815 
3482989877419 0.005119 0.005629 -0.999971 0.000829 
3483009774880 0.005182 0.005674 -0.999970 0.000690 
3483029641824 0.005290 0.005804 -0.999969 0.000521 
3483049539285 0.005189 0.005629 -0.999971 0.000524 
3483069406228 0.005156 0.005607 -0.999971 0.000476 
3483089273171 0.005276 0.005704 -0.999970 0.000314 
3483109140115 0.005271 0.005759 -0.999969 0.000255 
3483129007058 0.005172 0.005621 -0.999971 0.000273 
3483148874001 0.005151 0.005561 -0.999971 0.000235 
3483168771462 0.005326 0.005723 -0.999969 0.000047 
3483188638406 0.005231 0.005626 -0.999970 0.000073 
3483208505349 0.005132 0.005533 -0.999972 0.000106 
3483228372292 -0.005334 -0.005707 0.999969 0.000094 
3483248239236 -0.005270 -0.005716 0.999970 0.000083 
3483268106179 -0.005127 -0.005584 0.999971 0.000012 
3483288034158 -0.005290 -0.005724 0.999970 0.000177 
3483307901101 -0.005238 -0.005748 0.999970 0.000172 
3483327768044 -0.005138 -0.005606 0.999971 0.000127 
3483347634988 -0.005342 -0.005729 0.999969 0.000317 
3483367501931 -0.005278 -0.005777 0.999969 0.000296 
3483387368874 0.005132 0.005603 -0.999971 0.000218 
3483407266335 0.005236 0.005704 -0.999970 0.000515 
3483427133279 0.005225 0.005683 -0.999970 0.000876 
3483447000222 0.005214 0.005664 -0.999969 0.001429 
3483466867165 0.005203 0.005662 -0.999969 0.001946 
3483486703591 0.005177 0.005669 -0.999968 0.002440 
3483506570535 0.005194 0.005668 -0.999966 0.002872 
3483526467995 0.005192 0.005666 -0.999965 0.003289 
3483546334939 0.005183 0.005672 -0.999964 0.003686 
3483566201882 0.005199 0.005687 -0.999962 0.004038 
3483586099343 0.005189 0.005700 -0.999961 0.004383 
3483605966287 0.005189 0.005688 -0.999959 0.004699 
