2178309586104 -0.000824 -0.001617 0.000168  
2178329392012 0.000412 -0.000381 0.001389  
2178349197921 -0.000824 0.000839 0.000168  
2178369034346 0.001617 -0.001617 0.000168  
2178388840255 -0.000824 0.002060 -0.001053  
2178408646163 0.000412 -0.001617 0.000168  
2178428482589 0.000412 0.002060 -0.001053  
2178448288497 0.000412 -0.000381 0.001389  
2178468094405 -0.000824 0.002060 -0.001053  
2178487930831 0.001617 -0.002823 0.001389  
2178507736739 0.000412 0.002060 0.001389  
2178527573165 0.000412 -0.000381 -0.001053  
2178547393467 0.000412 -0.000381 0.001389  
2178567199375 -0.000824 -0.000381 -0.001053  
2178587005283 0.000412 0.000839 0.000168  
2178606841709 -0.000824 -0.000381 0.000168  
2178626647617 0.000412 -0.000381 0.000168  
2178646453525 0.001617 0.000839 0.000168  
2178666289951 0.000412 -0.000381 0.000168  
2178686095859 0.000412 -0.000381 -0.001053  
2178705901767 -0.000824 -0.000381 0.000168  
2178725738193 -0.000824 -0.000381 0.000168  
2178745544101 0.001617 -0.000381 0.000168  
2178765350009 0.000412 0.000839 -0.001053  
2178785186435 0.000412 0.003296 -0.001053  
2178804992343 0.001617 -0.001617 0.000168  
2178824828769 0.000412 0.000839 -0.001053  
2178844665195 0.000412 0.000839 0.000168  
2178864471103 -0.000824 -0.000381 0.001389  
2178884307529 0.000412 -0.000381 0.000168  
2178904113437 0.000412 -0.000381 0.000168  
2178923919345 -0.000824 0.000839 0.000168  
2178943755771 -0.000824 -0.000381 0.000168  
2178963561679 -0.000824 -0.000381 0.000168  
2178983367588 0.001617 0.000839 0.000168  
2179003204013 0.001617 0.000839 0.000168  
2179023009922 0.000412 -0.000381 0.000168  
2179042815830 0.000412 0.000839 0.000168  
2179062652256 -0.000824 -0.000381 0.000168  
2179082458164 0.000412 0.000839 -0.001053  
2179102294590 0.001617 -0.000381 0.000168  
2179122131015 -0.000824 -0.000381 0.000168  
2179141936924 0.000412 0.000839 0.000168  
2179161742832 -0.000824 -0.000381 0.001389  
2179181579258 0.000412 0.002060 -0.001053  
2179201385166 0.000412 0.002060 -0.001053  
2179221191074 0.000412 0.002060 -0.001053  
2179241027500 0.000412 0.002060 0.000168  
2179260833408 0.000412 0.000839 0.000168  
2179280639316 0.000412 -0.000381 0.000168  
2179300475742 0.001617 0.000839 0.000168  
2179320281650 0.000412 -0.000381 0.000168  
2179340118076 -0.000824 0.000839 0.000168  
2179359923984 0.001617 0.000839 0.000168  
2179379760410 0.001617 -0.000381 0.000168  
2179399596836 -0.000824 0.000839 0.000168  
2179419402744 -0.000824 -0.000381 0.000168  
2179439208652 0.001617 0.000839 0.000168  
2179459045078 0.000412 0.002060 0.000168  
2179478850986 -0.000824 -0.000381 0.000168  
2179498656894 0.000412 -0.000381 0.000168  
2179518493320 0.000412 0.000839 0.000168  
2179538299228 0.000412 0.000839 0.000168  
2179558105136 -0.000824 0.000839 -0.001053  
2179577941562 -0.000824 -0.000381 0.000168  
2179597747470 0.000412 0.000839 0.000168  
2179617553379 0.000412 -0.000381 0.000168  
2179637389804 0.000412 -0.000381 0.000168  
2179657195713 -0.000824 0.000839 0.000168  
2179677032138 0.000412 -0.000381 0.000168  
2179696868564 0.000412 -0.000381 0.000168  
2179716674472 0.000412 0.000839 0.000168  
2179736480381 -0.000824 0.000839 0.000168  
2179756316806 0.000412 0.000839 0.000168  
2179776122715 -0.000824 -0.000381 0.000168  
2179795928623 0.001617 -0.000381 0.000168  
2179815765049 0.000412 0.000839 0.000168  
2179835570957 -0.000824 -0.000381 0.000168  
2179855376865 0.000412 -0.000381 0.000168  
2179875213291 -0.000824 0.000839 0.000168  
2179895019199 0.000412 0.000839 0.000168  
2179914825107 0.000412 0.000839 0.000168  
2179934661533 -0.000824 -0.000381 0.000168  
2179954497959 0.000412 -0.000381 -0.001053  
2179974334384 0.000412 0.000839 0.000168  
2179994140293 0.000412 -0.000381 -0.001053  
2180013946201 0.000412 -0.000381 0.000168  
2180033782627 0.000412 -0.000381 0.000168  
2180053588535 0.000412 -0.000381 0.000168  
2180073394443 0.000412 0.000839 0.000168  
2180093230869 0.000412 0.000839 0.000168  
2180113036777 0.001617 -0.000381 0.000168  
2180132842685 0.000412 -0.000381 0.000168  
2180152679111 0.000412 -0.000381 0.000168  
2180172485019 0.000412 -0.000381 0.000168  
2180192290927 0.000412 -0.000381 0.000168  
2180212127353 0.001617 0.000839 0.000168  
2180231933261 0.000412 -0.000381 0.000168  
2180251769687 0.000412 0.000839 0.000168  
2180271606113 0.000412 0.000839 0.000168  
2180291412021 0.000412 -0.000381 0.000168  
