# Created at Tue Jun 01 15:59:34 GMT+02:00 2021 in Burnaby Canada 
2176367355880 0.005051 0.005331 -0.999972 0.001418 
2176387161788 0.005037 0.005351 -0.999972 0.001362 
2176406967696 0.005031 0.005359 -0.999972 0.001300 
2176426804122 0.005033 0.005374 -0.999972 0.001233 
2176446610030 0.005051 0.005382 -0.999972 0.001197 
2176466446456 0.005045 0.005372 -0.999972 0.001180 
2176486252364 0.005055 0.005371 -0.999972 0.001152 
2176506058272 0.005072 0.005354 -0.999972 0.001117 
2176525894698 0.005093 0.005350 -0.999972 0.001081 
2176545731124 0.005121 0.005354 -0.999972 0.001039 
2176565537032 0.005127 0.005354 -0.999972 0.001013 
2176585373458 0.005126 0.005369 -0.999972 0.000994 
2176605179366 0.005120 0.005377 -0.999972 0.000979 
2176624985274 0.005115 0.005400 -0.999972 0.001051 
2176644821700 0.005129 0.005407 -0.999972 0.001106 
2176664627608 0.005163 0.005406 -0.999971 0.001189 
2176684433516 0.005168 0.005425 -0.999971 0.001293 
2176704269942 0.005168 0.005431 -0.999971 0.001399 
2176724075850 0.005169 0.005428 -0.999971 0.001504 
2176743881758 0.005169 0.005451 -0.999970 0.001607 
2176763718184 0.005178 0.005456 -0.999970 0.001703 
2176783524092 0.005175 0.005477 -0.999970 0.001806 
2176803360518 0.005171 0.005494 -0.999970 0.001908 
2176823196944 0.005159 0.005502 -0.999970 0.002014 
2176843002852 0.005157 0.005510 -0.999969 0.002111 
2176862808760 0.005162 0.005513 -0.999969 0.002202 
2176882645186 0.005159 0.005524 -0.999969 0.002295 
2176902451094 0.005176 0.005515 -0.999969 0.002373 
2176922257003 0.005160 0.005530 -0.999968 0.002472 
2176942093428 0.005157 0.005521 -0.999968 0.002518 
2176961899337 0.005155 0.005548 -0.999968 0.002520 
2176981705245 0.005137 0.005562 -0.999968 0.002534 
2177001541671 0.005131 0.005551 -0.999968 0.002538 
2177021347579 0.005113 0.005552 -0.999968 0.002551 
2177041153487 0.005120 0.005526 -0.999968 0.002546 
2177060989913 0.005123 0.005540 -0.999968 0.002544 
2177080795821 0.005118 0.005567 -0.999968 0.002548 
2177100632247 0.005117 0.005544 -0.999968 0.002549 
2177120468673 0.005108 0.005526 -0.999968 0.002555 
2177140274581 0.005104 0.005508 -0.999969 0.002558 
2177160080489 0.005075 0.005516 -0.999969 0.002580 
2177179916915 0.005080 0.005515 -0.999969 0.002576 
2177199722823 0.005084 0.005498 -0.999969 0.002573 
2177219528731 0.005097 0.005477 -0.999969 0.002564 
2177239365157 0.005089 0.005481 -0.999969 0.002570 
2177259171065 0.005088 0.005457 -0.999969 0.002570 
2177279007491 0.005089 0.005446 -0.999969 0.002570 
2177298813399 0.005101 0.005428 -0.999969 0.002561 
2177318619307 0.005101 0.005426 -0.999969 0.002561 
2177338455733 0.005097 0.005444 -0.999969 0.002564 
2177358261641 0.005113 0.005453 -0.999969 0.002551 
2177378098067 0.005117 0.005462 -0.999969 0.002548 
2177397934493 0.005108 0.005463 -0.999969 0.002555 
2177417740401 0.005076 0.005444 -0.999969 0.002580 
2177437546309 0.005197 0.005526 -0.999968 0.002489 
2177457382735 0.005127 0.005443 -0.999969 0.002541 
2177477188643 0.005100 0.005411 -0.999969 0.002562 
2177496994551 0.005231 0.005525 -0.999968 0.002463 
2177516830977 0.005173 0.005467 -0.999969 0.002507 
2177536636885 0.005064 0.005373 -0.999969 0.002589 
2177556442794 0.005239 0.005522 -0.999968 0.002458 
2177576279219 0.005231 0.005529 -0.999968 0.002464 
2177596085128 0.005087 0.005397 -0.999969 0.002571 
2177615891036 0.005218 0.005530 -0.999968 0.002473 
2177635727462 0.005218 0.005533 -0.999968 0.002473 
2177655533370 0.005050 0.005389 -0.999969 0.002599 
2177675369796 0.005195 0.005514 -0.999968 0.002490 
2177695206221 0.005176 0.005494 -0.999968 0.002505 
2177715012130 0.005066 0.005395 -0.999969 0.002587 
2177734848555 0.005207 0.005545 -0.999968 0.002481 
2177754654464 0.005129 0.005469 -0.999969 0.002539 
2177774460372 0.005063 0.005432 -0.999969 0.002589 
2177794296798 0.005228 0.005589 -0.999968 0.002465 
2177814102706 0.005064 0.005447 -0.999969 0.002588 
2177833908614 0.005114 0.005477 -0.999969 0.002551 
2177853745040 0.005204 0.005564 -0.999968 0.002484 
2177873550948 0.005037 0.005410 -0.999969 0.002609 
2177893356856 0.005177 0.005531 -0.999968 0.002503 
2177913193282 0.005159 0.005526 -0.999968 0.002517 
2177932999190 0.005050 0.005422 -0.999969 0.002599 
2177952835616 0.005191 0.005556 -0.999968 0.002493 
2177972672042 0.005118 0.005427 -0.999969 0.002548 
2177992477950 0.005101 0.005405 -0.999969 0.002561 
2178012283858 0.005224 0.005539 -0.999968 0.002469 
2178032120284 0.005020 0.005362 -0.999970 0.002622 
2178051926192 0.005172 0.005476 -0.999968 0.002508 
2178071732100 0.005186 0.005477 -0.999968 0.002497 
2178091568526 0.005021 0.005343 -0.999970 0.002621 
2178111374434 0.005136 0.005472 -0.999969 0.002535 
2178131180342 0.005008 0.005351 -0.999970 0.002630 
2178151016768 0.004971 0.005324 -0.999970 0.002658 
2178170822676 0.005048 0.005409 -0.999969 0.002601 
2178190628585 0.004846 0.005241 -0.999971 0.002752 
2178210465010 0.004973 0.005351 -0.999970 0.002657 
2178230270919 0.005013 0.005356 -0.999970 0.002627 
2178250107344 0.004905 0.005258 -0.999970 0.002708 
2178269943770 0.005076 0.005421 -0.999969 0.002580 
2178289749678 0.004926 0.005257 -0.999970 0.002692 
2178309586104 0.004964 0.005300 -0.999970 0.002663 
2178329392012 0.005035 0.005365 -0.999970 0.002610 
2178349197921 0.004894 0.005254 -0.999971 0.002716 
2178369034346 0.005032 0.005381 -0.999969 0.002612 
2178388840255 0.004973 0.005311 -0.999970 0.002657 
2178408646163 0.004911 0.005288 -0.999970 0.002703 
2178428482589 0.005064 0.005409 -0.999969 0.002588 
2178448288497 0.004894 0.005249 -0.999971 0.002716 
2178468094405 0.005022 0.005362 -0.999970 0.002620 
2178487930831 0.005010 0.005371 -0.999970 0.002629 
2178507736739 0.004909 0.005264 -0.999970 0.002705 
2178527573165 0.005071 0.005423 -0.999969 0.002583 
2178547393467 0.004938 0.005299 -0.999970 0.002683 
2178567199375 0.004942 0.005332 -0.999970 0.002680 
2178587005283 0.005045 0.005432 -0.999969 0.002602 
2178606841709 0.004879 0.005298 -0.999970 0.002727 
2178626647617 0.005021 0.005451 -0.999969 0.002620 
2178646453525 0.004966 0.005383 -0.999970 0.002662 
2178666289951 0.004905 0.005341 -0.999970 0.002708 
2178686095859 0.005042 0.005485 -0.999969 0.002605 
2178705901767 0.004876 0.005334 -0.999970 0.002729 
2178725738193 0.004985 0.005444 -0.999969 0.002647 
2178745544101 0.004994 0.005450 -0.999969 0.002641 
2178765350009 0.004885 0.005349 -0.999970 0.002722 
2178785186435 0.005091 0.005508 -0.999969 0.002568 
2178804992343 0.004937 0.005361 -0.999970 0.002684 
2178824828769 0.004994 0.005377 -0.999970 0.002641 
2178844665195 0.005087 0.005458 -0.999969 0.002571 
2178864471103 0.004936 0.005327 -0.999970 0.002685 
2178884307529 0.005084 0.005471 -0.999969 0.002573 
2178904113437 0.005011 0.005406 -0.999969 0.002628 
2178923919345 0.004980 0.005387 -0.999970 0.002651 
2178943755771 0.005099 0.005525 -0.999968 0.002562 
2178963561679 0.004922 0.005372 -0.999970 0.002694 
2178983367588 0.005054 0.005477 -0.999969 0.002596 
2179003204013 0.005031 0.005454 -0.999969 0.002613 
2179023009922 0.004951 0.005377 -0.999970 0.002673 
2179042815830 0.005106 0.005523 -0.999968 0.002556 
2179062652256 0.004946 0.005370 -0.999970 0.002677 
2179082458164 0.005057 0.005463 -0.999969 0.002594 
2179102294590 0.005083 0.005485 -0.999969 0.002574 
2179122131015 0.004968 0.005394 -0.999970 0.002660 
2179141936924 0.005131 0.005544 -0.999968 0.002538 
2179161742832 0.004983 0.005407 -0.999969 0.002649 
2179181579258 0.005067 0.005437 -0.999969 0.002586 
2179201385166 0.005157 0.005512 -0.999968 0.002519 
2179221191074 0.005035 0.005368 -0.999969 0.002611 
2179241027500 0.005224 0.005519 -0.999968 0.002469 
2179260833408 0.005121 0.005424 -0.999969 0.002546 
2179280639316 0.005127 0.005421 -0.999969 0.002541 
2179300475742 0.005237 0.005517 -0.999968 0.002459 
2179320281650 0.005084 0.005361 -0.999969 0.002574 
2179340118076 0.005227 0.005515 -0.999968 0.002466 
2179359923984 0.005153 0.005449 -0.999969 0.002522 
2179379760410 0.005117 0.005405 -0.999969 0.002549 
2179399596836 0.005243 0.005530 -0.999968 0.002454 
2179419402744 0.005062 0.005364 -0.999969 0.002590 
2179439208652 0.005197 0.005466 -0.999968 0.002489 
2179459045078 0.005177 0.005438 -0.999969 0.002504 
2179478850986 0.005087 0.005386 -0.999969 0.002571 
2179498656894 0.005227 0.005528 -0.999968 0.002466 
2179518493320 0.005066 0.005383 -0.999969 0.002587 
2179538299228 0.005173 0.005479 -0.999968 0.002507 
2179558105136 0.005186 0.005500 -0.999968 0.002497 
2179577941562 0.005068 0.005429 -0.999969 0.002585 
2179597747470 0.005228 0.005585 -0.999968 0.002466 
2179617553379 0.005080 0.005435 -0.999969 0.002576 
2179637389804 0.005133 0.005484 -0.999969 0.002537 
2179657195713 0.005193 0.005554 -0.999968 0.002492 
2179677032138 0.005038 0.005420 -0.999969 0.002608 
2179696868564 0.005182 0.005564 -0.999968 0.002500 
2179716674472 0.005085 0.005468 -0.999969 0.002573 
2179736480381 0.005108 0.005483 -0.999969 0.002555 
2179756316806 0.005218 0.005577 -0.999968 0.002473 
2179776122715 0.005054 0.005434 -0.999969 0.002596 
2179795928623 0.005194 0.005554 -0.999968 0.002491 
2179815765049 0.005162 0.005523 -0.999968 0.002515 
2179835570957 0.005089 0.005475 -0.999969 0.002570 
2179855376865 0.005216 0.005614 -0.999968 0.002474 
2179875213291 0.005064 0.005470 -0.999969 0.002589 
2179895019199 0.005186 0.005567 -0.999968 0.002497 
2179914825107 0.005199 0.005568 -0.999968 0.002487 
2179934661533 0.005076 0.005483 -0.999969 0.002579 
2179954497959 0.005228 0.005637 -0.999967 0.002466 
2179974334384 0.005079 0.005485 -0.999969 0.002577 
2179994140293 0.005140 0.005545 -0.999968 0.002531 
2180013946201 0.005168 0.005592 -0.999968 0.002511 
2180033782627 0.005038 0.005474 -0.999969 0.002608 
2180053588535 0.005187 0.005637 -0.999968 0.002496 
2180073394443 0.005065 0.005501 -0.999969 0.002587 
2180093230869 0.005089 0.005528 -0.999968 0.002569 
2180113036777 0.005159 0.005601 -0.999968 0.002517 
2180132842685 0.004989 0.005462 -0.999969 0.002644 
2180152679111 0.005136 0.005609 -0.999968 0.002534 
2180172485019 0.005037 0.005508 -0.999969 0.002608 
2180192290927 0.004942 0.005410 -0.999970 0.002680 
2180212127353 0.005033 0.005491 -0.999969 0.002612 
2180231933261 0.004879 0.005343 -0.999970 0.002727 
2180251769687 0.005045 0.005486 -0.999969 0.002603 
2180271606113 0.004961 0.005389 -0.999970 0.002666 
2180291412021 0.004928 0.005367 -0.999970 0.002690 
2180311217929 0.005033 0.005490 -0.999969 0.002612 
2180331054355 0.004851 0.005342 -0.999970 0.002748 
2180350860263 0.005006 0.005489 -0.999969 0.002632 
2180370666172 0.004944 0.005424 -0.999969 0.002678 
2180390502597 0.004912 0.005385 -0.999970 0.002702 
2180410308506 0.005021 0.005487 -0.999969 0.002621 
2180430114414 0.004848 0.005332 -0.999970 0.002751 
2180449950840 0.005003 0.005459 -0.999969 0.002634 
2180469756748 0.004954 0.005404 -0.999970 0.002671 
2180489562656 0.004897 0.005357 -0.999970 0.002714 
2180509399082 0.005055 0.005485 -0.999969 0.002595 
2180529235508 0.004904 0.005326 -0.999970 0.002708 
2180549041416 0.005041 0.005432 -0.999969 0.002606 
2180568877842 0.005027 0.005418 -0.999969 0.002617 
2180588683750 0.004941 0.005367 -0.999970 0.002680 
2180608489658 0.005114 0.005522 -0.999968 0.002551 
2180628326084 0.004931 0.005366 -0.999970 0.002688 
2180648131992 0.005004 0.005417 -0.999969 0.002634 
2180667937900 0.005073 0.005482 -0.999969 0.002582 
2180687774326 0.004925 0.005355 -0.999970 0.002692 
2180707580234 0.005074 0.005491 -0.999969 0.002581 
2180727386142 0.004956 0.005380 -0.999970 0.002669 
2180747222568 0.004968 0.005403 -0.999970 0.002660 
2180767028476 0.005067 0.005481 -0.999969 0.002586 
2180786834384 0.004904 0.005325 -0.999970 0.002708 
2180806670810 0.005053 0.005465 -0.999969 0.002596 
2180826507236 0.005002 0.005425 -0.999969 0.002635 
2180846343662 0.004931 0.005369 -0.999970 0.002688 
2180866149570 0.005104 0.005523 -0.999968 0.002558 
2180885955478 0.004976 0.005415 -0.999969 0.002654 
2180905791904 0.004987 0.005441 -0.999969 0.002646 
2180925597812 0.005073 0.005544 -0.999968 0.002582 
2180945403720 0.004926 0.005414 -0.999970 0.002692 
2180965240146 0.005073 0.005555 -0.999968 0.002581 
2180985046054 0.005021 0.005483 -0.999969 0.002620 
2181004851963 0.004974 0.005461 -0.999969 0.002656 
2181024688388 0.005093 0.005605 -0.999968 0.002567 
2181044494297 0.004917 0.005433 -0.999969 0.002699 
2181064330722 0.005073 0.005557 -0.999968 0.002581 
2181084136631 0.005037 0.005530 -0.999969 0.002608 
2181103973056 0.004944 0.005474 -0.999969 0.002678 
2181123778965 0.005092 0.005609 -0.999968 0.002567 
2181143615390 0.004925 0.005450 -0.999969 0.002692 
2181163421299 0.005040 0.005547 -0.999969 0.002606 
2181183227207 0.005054 0.005566 -0.999968 0.002595 
2181203063633 0.004921 0.005457 -0.999969 0.002696 
2181222869541 0.005069 0.005604 -0.999968 0.002584 
2181242705967 0.004936 0.005470 -0.999969 0.002684 
2181262511875 0.004953 0.005498 -0.999969 0.002671 
2181282317783 0.005052 0.005600 -0.999968 0.002597 
2181302154209 0.004875 0.005441 -0.999970 0.002730 
2181321960117 0.005000 0.005560 -0.999969 0.002636 
2181341766025 0.004984 0.005550 -0.999969 0.002648 
2181361602451 0.004901 0.005486 -0.999969 0.002710 
2181381438877 0.005047 0.005625 -0.999968 0.002601 
2181401244785 0.004889 0.005469 -0.999969 0.002719 
2181421081211 0.004997 0.005551 -0.999969 0.002638 
2181440887119 0.005004 0.005553 -0.999969 0.002633 
2181460693027 0.004913 0.005464 -0.999969 0.002701 
2181480529453 0.005070 0.005620 -0.999968 0.002583 
2181500335361 0.004904 0.005461 -0.999969 0.002708 
2181520141269 0.005007 0.005547 -0.999969 0.002631 
2181539977695 0.004995 0.005537 -0.999969 0.002640 
2181559783603 0.004905 0.005478 -0.999969 0.002707 
2181579589511 0.005040 0.005631 -0.999968 0.002606 
2181599425937 0.004868 0.005488 -0.999969 0.002735 
2181619231845 0.004999 0.005598 -0.999968 0.002637 
2181639037754 0.004995 0.005576 -0.999968 0.002639 
2181658874179 0.004902 0.005521 -0.999969 0.002710 
2181678710605 0.005040 0.005660 -0.999968 0.002605 
2181698547031 0.004884 0.005476 -0.999969 0.002723 
2181718352939 0.005022 0.005562 -0.999968 0.002619 
2181738158847 0.005067 0.005590 -0.999968 0.002586 
2181757995273 0.004918 0.005469 -0.999969 0.002698 
2181777801181 0.005072 0.005622 -0.999968 0.002582 
2181797607090 0.004953 0.005497 -0.999969 0.002672 
2181817443515 0.004954 0.005485 -0.999969 0.002671 
2181837249424 0.005046 0.005581 -0.999968 0.002601 
2181857055332 0.004894 0.005420 -0.999970 0.002716 
2181876891758 0.005041 0.005570 -0.999968 0.002605 
2181896697666 0.004963 0.005455 -0.999969 0.002664 
2181916503574 0.004956 0.005445 -0.999969 0.002669 
2181936340000 0.005061 0.005538 -0.999969 0.002591 
2181956176425 0.004891 0.005382 -0.999970 0.002718 
2181975982334 0.005039 0.005526 -0.999969 0.002607 
2181995818759 0.004933 0.005428 -0.999969 0.002687 
2182015624668 0.004939 0.005426 -0.999969 0.002682 
2182035430576 0.005025 0.005504 -0.999969 0.002618 
2182055267002 0.004869 0.005362 -0.999970 0.002734 
2182075072910 0.005037 0.005506 -0.999969 0.002608 
2182094878818 0.004927 0.005393 -0.999970 0.002691 
2182114715244 0.004950 0.005421 -0.999969 0.002673 
2182134521152 0.005051 0.005494 -0.999969 0.002598 
2182154327060 0.004907 0.005344 -0.999970 0.002706 
2182174163486 0.005053 0.005296 -0.999970 0.002597 
2182193969394 0.005039 0.005223 -0.999970 0.002608 
2182213775302 0.004921 0.005209 -0.999971 0.002696 
2182233611728 0.005085 0.005394 -0.999969 0.002573 
2182253448154 0.004998 0.005380 -0.999970 0.002638 
2182273284580 0.004872 0.005311 -0.999970 0.002732 
2182293090488 0.004969 0.005458 -0.999969 0.002659 
2182312896396 0.004828 0.005309 -0.999970 0.002765 
2182332732822 0.004895 0.005369 -0.999970 0.002715 
2182352538730 0.004962 0.005437 -0.999969 0.002665 
2182372344638 0.004857 0.005333 -0.999970 0.002743 
2182392181064 0.004924 0.005364 -0.999970 0.002693 
2182411986972 0.004920 0.005358 -0.999970 0.002696 
2182431792881 0.004915 0.005352 -0.999970 0.002700 
2182451629306 0.004911 0.005349 -0.999970 0.002703 
2182471435215 0.004911 0.005339 -0.999970 0.002703 
2182491241123 0.004907 0.005321 -0.999970 0.002706 
2182511077549 0.004919 0.005340 -0.999970 0.002697 
2182530913974 0.004926 0.005330 -0.999970 0.002692 
2182550719883 0.004929 0.005341 -0.999970 0.002689 
2182570556308 0.004900 0.005335 -0.999970 0.002711 
2182590362217 0.004888 0.005346 -0.999970 0.002720 
2182610168125 0.004905 0.005336 -0.999970 0.002708 
2182630004550 0.004916 0.005334 -0.999970 0.002699 
2182649810459 0.004904 0.005332 -0.999970 0.002709 
2182669616367 0.004891 0.005334 -0.999970 0.002718 
2182689452793 0.004875 0.005325 -0.999970 0.002730 
2182709258701 0.004881 0.005311 -0.999970 0.002726 
2182729064609 0.004869 0.005318 -0.999970 0.002734 
