3689901313778 -0.111954 -0.121536 9.772186  
3689921119686 -0.143066 -0.092819 9.817642  
3689940956112 -0.111954 -0.119141 9.779358  
3689960762020 -0.114349 -0.111969 9.784149  
3689980598446 -0.147842 -0.090424 9.803284  
3690000404354 -0.102386 -0.131104 9.767395  
3690020210262 -0.114349 -0.107178 9.796112  
3690040046688 -0.150238 -0.095215 9.808075  
3690059852596 -0.107178 -0.126328 9.760208  
3690079689022 -0.128708 -0.102402 9.796112  
3690099494930 -0.135880 -0.100006 9.805679  
3690119300839 -0.097595 -0.133499 9.769791  
3690139137264 -0.145462 -0.092819 9.793716  
3690158943173 -0.133499 -0.111969 9.791321  
3690178779598 -0.107178 -0.131104 9.764999  
3690198616024 -0.138275 -0.085648 9.793716  
3690218421932 -0.131104 -0.116745 9.781754  
3690238258358 -0.102386 -0.116745 9.762604  
3690258064266 -0.135880 -0.085648 9.800888  
3690277870175 -0.121521 -0.119141 9.769791  
3690297706600 -0.119141 -0.111969 9.757828  
3690317512508 -0.152634 -0.097610 9.791321  
3690337318417 -0.109558 -0.121536 9.757828  
3690357154842 -0.123917 -0.102402 9.772186  
3690376960751 -0.138275 -0.092819 9.803284  
3690396797176 -0.097595 -0.121536 9.757828  
3690416603085 -0.128708 -0.097610 9.772186  
3690436408993 -0.145462 -0.104782 9.791321  
3690456245419 -0.095215 -0.123932 9.748245  
3690476081844 -0.123917 -0.097610 9.784149  
3690495887753 -0.140671 -0.104782 9.788925  
3690515724178 -0.095215 -0.123932 9.748245  
3690535530087 -0.145462 -0.092819 9.781754  
3690555366512 -0.138275 -0.114365 9.772186  
3690575172421 -0.095215 -0.121536 9.755432  
3690594978329 -0.145462 -0.085648 9.796112  
3690614814755 -0.119141 -0.116745 9.767395  
3690634620663 -0.111954 -0.116745 9.757828  
3690654457089 -0.138275 -0.088043 9.784149  
3690674262997 -0.116745 -0.121536 9.755432  
3690694068905 -0.116745 -0.102402 9.764999  
3690713905331 -0.157425 -0.095215 9.791321  
3690733741757 -0.102386 -0.121536 9.743469  
3690753578182 -0.114349 -0.104782 9.779358  
3690773384091 -0.145462 -0.097610 9.793716  
3690793189999 -0.107178 -0.121536 9.750641  
3690813026425 -0.140671 -0.088043 9.784149  
3690832832333 -0.126312 -0.119141 9.774567  
3690852638241 -0.102386 -0.123932 9.769791  
3690872474667 -0.152634 -0.083252 9.808075  
3690892280575 -0.109558 -0.126328 9.764999  
3690912117001 -0.121521 -0.109573 9.776962  
3690931922909 -0.145462 -0.088043 9.815247  
3690951728817 -0.102386 -0.128708 9.769791  
3690971565243 -0.116745 -0.104782 9.793716  
3690991371151 -0.138275 -0.107178 9.805679  
3691011177059 -0.099991 -0.126328 9.769791  
3691031013485 -0.138275 -0.102402 9.815247  
3691050849911 -0.131104 -0.116745 9.800888  
3691070686337 -0.109558 -0.123932 9.774567  
3691090492245 -0.147842 -0.092819 9.820038  
3691110298153 -0.121521 -0.116745 9.786530  
3691130134579 -0.111954 -0.111969 9.788925  
3691149940487 -0.152634 -0.088043 9.824814  
3691169776913 -0.099991 -0.123932 9.788925  
3691189582821 -0.126312 -0.114365 9.800888  
3691209388729 -0.145462 -0.104782 9.820038  
3691229225155 -0.099991 -0.123932 9.788925  
3691249031063 -0.135880 -0.100006 9.829605  
3691268836971 -0.126312 -0.116745 9.810471  
3691288673397 -0.107178 -0.131104 9.774567  
3691308509823 -0.140671 -0.092819 9.827209  
3691328346249 -0.121521 -0.128708 9.788925  
3691348152157 -0.116745 -0.111969 9.798492  
3691367958065 -0.152634 -0.097610 9.836792  
3691387794491 -0.107178 -0.131104 9.781754  
3691407600399 -0.123917 -0.107178 9.796112  
3691427406307 -0.140671 -0.109573 9.820038  
3691447242733 -0.104782 -0.138290 9.772186  
3691467048641 -0.140671 -0.100006 9.805679  
3691486854550 -0.138275 -0.107178 9.820038  
3691506690975 -0.099991 -0.121536 9.774567  
3691526496883 -0.131104 -0.095215 9.805679  
3691546333309 -0.128708 -0.114365 9.781754  
3691566139217 -0.099991 -0.121536 9.767395  
3691585945126 -0.145462 -0.095215 9.822433  
3691605781551 -0.114349 -0.116745 9.779358  
3691625617977 -0.114349 -0.121536 9.784149  
3691645454403 -0.152634 -0.092819 9.817642  
3691665260311 -0.104782 -0.135895 9.767395  
3691685066219 -0.119141 -0.104782 9.788925  
3691704902645 -0.145462 -0.100006 9.820038  
3691724708553 -0.099991 -0.131104 9.774567  
3691744544979 -0.128708 -0.107178 9.793716  
3691764350887 -0.150238 -0.100006 9.817642  
3691784156796 -0.095215 -0.133499 9.772186  
3691803993221 -0.128708 -0.102402 9.817642  
3691823799130 -0.133499 -0.104782 9.817642  
3691843605038 -0.107178 -0.114365 9.788925  
3691863441464 -0.150238 -0.100006 9.822433  
3691883277889 -0.121521 -0.119141 9.808075  
