# Created at Tue Jun 01 16:04:22 GMT+02:00 2021 in Burnaby Canada 
2464427965605 -0.104782 -0.104782 9.786530 
2464447802031 -0.092819 -0.107178 9.786530 
2464467607939 -0.097595 -0.102402 9.786530 
2464487444365 -0.097595 -0.107178 9.791321 
2464507250273 -0.104782 -0.102402 9.786530 
2464527056181 -0.102386 -0.104782 9.796112 
2464546892607 -0.102386 -0.107178 9.798492 
2464566698515 -0.099991 -0.104782 9.796112 
2464586534941 -0.099991 -0.107178 9.805679 
2464606340849 -0.090424 -0.095215 9.791321 
2464626146758 -0.102386 -0.104782 9.788925 
2464645983183 -0.099991 -0.102402 9.781754 
2464665819609 -0.095215 -0.104782 9.788925 
2464685656035 -0.097595 -0.111969 9.793716 
2464705461943 -0.102386 -0.111969 9.800888 
2464725267851 -0.097595 -0.111969 9.791321 
2464745104277 -0.104782 -0.111969 9.788925 
2464764910185 -0.109558 -0.104782 9.784149 
2464784716094 -0.104782 -0.102402 9.784149 
2464804552519 -0.102386 -0.107178 9.779358 
2464824358428 -0.095215 -0.104782 9.784149 
2464844194853 -0.092819 -0.114365 9.788925 
2464864000762 -0.099991 -0.109573 9.774567 
2464883806670 -0.092819 -0.109573 9.774567 
2464903643096 -0.102386 -0.102402 9.767395 
2464923449004 -0.102386 -0.104782 9.781754 
2464943285430 -0.097595 -0.104782 9.772186 
2464963121855 -0.095215 -0.104782 9.764999 
2464982927764 -0.099991 -0.107178 9.772186 
2465002764189 -0.104782 -0.097610 9.774567 
2465022570097 -0.102386 -0.107178 9.764999 
2465042376006 -0.099991 -0.107178 9.767395 
2465062212431 -0.095215 -0.111969 9.772186 
2465082018340 -0.099991 -0.104782 9.767395 
2465101824248 -0.099991 -0.095215 9.743469 
2465121660674 -0.099991 -0.111969 9.786530 
2465141466582 -0.099991 -0.109573 9.796112 
2465161303008 -0.102386 -0.097610 9.738678 
2465181108916 -0.095215 -0.121536 9.760208 
2465200914824 -0.109558 -0.100006 9.781754 
2465220751250 -0.102386 -0.092819 9.762604 
2465240587676 -0.090424 -0.104782 9.755432 
2465260424101 -0.102386 -0.109573 9.772186 
2465280230010 -0.102386 -0.104782 9.767395 
2465300035918 -0.109558 -0.095215 9.745865 
2465319872344 -0.099991 -0.114365 9.762604 
2465339678252 -0.092819 -0.114365 9.767395 
2465359484160 -0.104782 -0.104782 9.748245 
2465379320586 -0.109558 -0.100006 9.760208 
2465399126494 -0.095215 -0.109573 9.767395 
2465418962920 -0.102386 -0.097610 9.748245 
2465438768828 -0.099991 -0.100006 9.757828 
2465458574736 -0.107178 -0.119141 9.755432 
2465478411162 -0.059311 -0.071289 9.724319 
2465498217070 -0.178955 -0.195709 9.671677 
2465518053496 0.014862 0.043564 9.939682 
2465537889922 -0.181351 -0.178970 9.767395 
2465557695830 -0.128708 -0.186142 9.506577 
2465577532256 -0.013855 0.002884 9.879852 
2465597338164 -0.099991 -0.071289 9.942062 
2465617174590 -0.198105 -0.226822 9.590317 
2465636980498 -0.052139 -0.078461 9.647751 
2465656786406 -0.030594 0.012466 9.966003 
2465676622832 -0.186142 -0.195709 9.719543 
2465696428740 -0.121521 -0.155029 9.530502 
2465716265166 -0.004288 0.031601 9.951645 
2465736071074 -0.171783 -0.169388 9.808075 
2465755876982 -0.143066 -0.190933 9.499390 
2465775713408 0.002899 0.029205 9.920532 
2465795519316 -0.155029 -0.155029 9.832001 
2465815355742 -0.143066 -0.195709 9.485046 
2465835192168 0.007690 0.031601 9.908569 
2465854998076 -0.162201 -0.155029 9.851135 
2465874834502 -0.147842 -0.190933 9.499390 
2465894640410 0.002899 0.038788 9.934891 
2465914446318 -0.171783 -0.171783 9.803284 
2465934282744 -0.131104 -0.181351 9.513748 
2465954088652 -0.001892 0.031601 9.961212 
2465973925078 -0.181351 -0.205292 9.750641 
2465993730986 -0.085632 -0.140686 9.544861 
2466013536894 -0.021027 0.026825 9.987534 
2466033373320 -0.205276 -0.226822 9.678864 
2466053179228 -0.054535 -0.085648 9.630997 
2466072985137 -0.054535 -0.004288 9.994705 
2466092821562 -0.200485 -0.248352 9.578354 
2466112657988 -0.018631 -0.030609 9.705185 
2466132494414 -0.085632 -0.042572 9.970779 
2466152300322 -0.198105 -0.245956 9.530502 
2466172106230 -0.004288 0.010071 9.815247 
2466191942656 -0.128708 -0.107178 9.922928 
2466211748564 -0.169388 -0.222031 9.485046 
2466231554472 0.012466 0.033997 9.910965 
2466251390898 -0.164597 -0.159821 9.836792 
2466271196806 -0.116745 -0.181351 9.511368 
2466291033232 -0.013855 0.038788 9.968384 
2466310839140 -0.188522 -0.214859 9.721924 
2466330675566 -0.085632 -0.116745 9.583145 
2466350481474 -0.028214 0.010071 10.001892 
2466370317900 -0.205276 -0.241180 9.604675 
2466390154326 -0.035385 -0.040176 9.695602 
2466409960234 -0.090424 -0.040176 9.958817 
2466429766142 -0.174164 -0.243576 9.528107 
2466449602568 0.002899 0.022034 9.824814 
2466469408476 -0.143066 -0.123932 9.891815 
2466489244902 -0.145462 -0.202896 9.492218 
2466509050810 -0.001892 0.038788 9.951645 
2466528856719 -0.193314 -0.190933 9.764999 
2466548693144 -0.095215 -0.133499 9.552032 
2466568499053 -0.028214 0.022034 10.004288 
2466588335478 -0.212463 -0.245956 9.630997 
2466608141387 -0.032990 -0.042572 9.686035 
2466627947295 -0.078461 -0.049759 9.970779 
2466647783721 -0.193314 -0.248352 9.532898 
2466667620146 -0.001892 0.017242 9.824814 
2466687426055 -0.143066 -0.123932 9.899002 
2466707262480 -0.150238 -0.202896 9.489822 
2466727068389 0.002899 0.041168 9.961212 
2466746904814 -0.188522 -0.200500 9.767395 
2466766710722 -0.085632 -0.128708 9.554428 
2466786516631 -0.030594 0.024429 10.001892 
2466806353056 -0.214844 -0.236389 9.614258 
2466826158965 -0.028214 -0.042572 9.697998 
2466845995390 -0.085632 -0.056931 9.966003 
2466865801299 -0.188522 -0.241180 9.516144 
2466885607207 0.002899 0.017242 9.843964 
2466905443633 -0.145462 -0.128708 9.891815 
2466925249541 -0.157425 -0.202896 9.494614 
2466945085967 0.000504 0.045959 9.956421 
2466964922392 -0.186142 -0.198105 9.769791 
2466984728301 -0.085632 -0.131104 9.549652 
2467004564726 -0.040176 0.017242 10.004288 
2467024370635 -0.207672 -0.241180 9.638184 
2467044176543 -0.037781 -0.044968 9.688431 
2467064012969 -0.080856 -0.049759 9.973175 
2467083818877 -0.195709 -0.245956 9.525711 
2467103655303 0.005295 0.019638 9.820038 
2467123461211 -0.135880 -0.111969 9.910965 
2467143267119 -0.157425 -0.210068 9.497009 
2467163103545 0.005295 0.045959 9.946854 
2467182909453 -0.188522 -0.195709 9.784149 
2467202715361 -0.090424 -0.133499 9.554428 
2467222551787 -0.021027 0.019638 9.997101 
2467242388213 -0.207672 -0.241180 9.640579 
2467262224639 -0.037781 -0.052139 9.671677 
2467282030547 -0.066498 -0.042572 9.975571 
2467301836455 -0.200485 -0.241180 9.525711 
2467321672881 -0.001892 0.014847 9.796112 
2467341478789 -0.131104 -0.102402 9.910965 
2467361315215 -0.157425 -0.222031 9.485046 
2467381121123 0.012466 0.048355 9.913361 
2467400927031 -0.174164 -0.176575 9.808075 
2467420763457 -0.104782 -0.155029 9.532898 
2467440569365 -0.004288 0.029205 9.987534 
2467460405791 -0.202881 -0.231613 9.654938 
2467480211699 -0.040176 -0.071289 9.647751 
2467500017607 -0.064102 -0.021042 9.982742 
2467519854033 -0.210068 -0.243576 9.530502 
2467539690459 -0.009064 0.007675 9.779358 
2467559496367 -0.123917 -0.097610 9.922928 
2467579332793 -0.164597 -0.222031 9.482651 
2467599138701 0.017258 0.029205 9.894211 
2467618975127 -0.164597 -0.157425 9.827209 
2467638781035 -0.119141 -0.174179 9.516144 
2467658586943 -0.006668 0.036392 9.966003 
2467678423369 -0.202881 -0.222031 9.700394 
2467698229277 -0.059311 -0.092819 9.592712 
2467718065703 -0.049744 0.002884 9.989929 
2467737871611 -0.207672 -0.245956 9.568787 
2467757677519 -0.018631 -0.023438 9.726715 
2467777513945 -0.092819 -0.066498 9.951645 
2467797319853 -0.181351 -0.238785 9.494614 
2467817156279 0.007690 0.024429 9.851135 
2467836992705 -0.152634 -0.138290 9.855927 
2467856798613 -0.140671 -0.183746 9.497009 
2467876635039 0.000504 0.036392 9.961212 
2467896440947 -0.200485 -0.212463 9.709961 
2467916246855 -0.083237 -0.107178 9.583145 
2467936083281 -0.035385 0.000504 9.997101 
2467955889189 -0.207672 -0.245956 9.571182 
2467975725615 -0.011459 -0.021042 9.721924 
2467995531523 -0.102386 -0.068893 9.939682 
2468015337431 -0.183746 -0.241180 9.494614 
2468035173857 0.017258 0.033997 9.879852 
2468054979765 -0.166992 -0.155029 9.827209 
2468074816191 -0.123917 -0.174179 9.501785 
2468094652617 -0.016251 0.033997 9.970779 
2468114458525 -0.205276 -0.226822 9.678864 
2468134294951 -0.047348 -0.073685 9.626221 
2468154100859 -0.056915 -0.025818 9.982742 
2468173906767 -0.205276 -0.248352 9.532898 
2468193743193 -0.001892 0.007675 9.786530 
2468213549101 -0.128708 -0.104782 9.903778 
2468233355010 -0.159821 -0.214859 9.475464 
2468253191435 0.007690 0.048355 9.932495 
2468272997344 -0.188522 -0.188538 9.767395 
2468292833769 -0.092819 -0.133499 9.549652 
2468312639678 -0.028214 0.017242 10.006683 
2468332476103 -0.214844 -0.245956 9.607071 
2468352282012 -0.025818 -0.028214 9.700394 
2468372087920 -0.095215 -0.059326 9.958817 
2468391924346 -0.190918 -0.233994 9.508972 
2468411760771 0.002899 0.029205 9.846359 
2468431566680 -0.159821 -0.152649 9.863113 
2468451403105 -0.131104 -0.181351 9.501785 
2468471209014 -0.001892 0.038788 9.973175 
2468491045439 -0.198105 -0.222031 9.712357 
2468510851347 -0.064102 -0.095215 9.611862 
2468530657256 -0.044952 -0.013855 10.006683 
2468550515918 -0.217239 -0.253143 9.563995 
2468570321827 -0.011459 -0.018646 9.757828 
2468590158252 -0.119141 -0.090424 9.949249 
2468609964161 -0.176559 -0.222031 9.489822 
2468629770069 0.012466 0.031601 9.910965 
2468649606495 -0.171783 -0.169388 9.839172 
2468669442920 -0.128708 -0.171783 9.525711 
2468689248829 -0.011459 0.031601 9.992325 
2468709085254 -0.210068 -0.226822 9.697998 
2468728891163 -0.061707 -0.083252 9.630997 
2468748727588 -0.052139 -0.016251 10.004288 
2468768533497 -0.202881 -0.245956 9.575974 
2468788339405 -0.009064 -0.025818 9.750641 
2468808175831 -0.099991 -0.068893 9.968384 
2468827981739 -0.183746 -0.233994 9.513748 
2468847818165 0.010071 0.029205 9.896606 
2468867624073 -0.174164 -0.159821 9.853531 
2468887429981 -0.116745 -0.169388 9.530502 
2468907266407 -0.004288 0.022034 10.006683 
2468927072315 -0.202881 -0.233994 9.697998 
2468946908741 -0.040176 -0.073685 9.664505 
2468966745167 -0.066498 -0.037781 9.997101 
2468986551075 -0.205276 -0.250748 9.549652 
2469006387501 0.000504 0.022034 9.848755 
2469026193409 -0.150238 -0.131104 9.906174 
2469046029834 -0.152634 -0.188538 9.508972 
2469065835743 -0.001892 0.043564 9.987534 
2469085641651 -0.202881 -0.222031 9.738678 
2469105478077 -0.066498 -0.095215 9.630997 
2469125283985 -0.056915 -0.009079 10.013855 
2469145089893 -0.205276 -0.257935 9.575974 
2469164926319 -0.001892 -0.009079 9.793716 
2469184732227 -0.114349 -0.095215 9.954041 
2469204538135 -0.166992 -0.224426 9.506577 
2469224374561 0.017258 0.036392 9.958817 
2469244210987 -0.190918 -0.193329 9.784149 
2469264047413 -0.078461 -0.123932 9.571182 
2469283853321 -0.035385 0.010071 10.030609 
2469303689747 -0.217239 -0.248352 9.595108 
2469323495655 -0.004288 -0.023438 9.757828 
2469343301563 -0.114349 -0.090424 9.973175 
2469363137989 -0.178955 -0.222031 9.501785 
2469382943897 0.005295 0.041168 9.925323 
2469402749805 -0.176559 -0.176575 9.827209 
2469422586231 -0.102386 -0.147858 9.556824 
2469442392139 -0.025818 0.012466 10.011459 
2469462228565 -0.212463 -0.253143 9.652542 
2469482034473 -0.021027 -0.037781 9.712357 
2469501840381 -0.095215 -0.066498 9.973175 
2469521676807 -0.181351 -0.229218 9.508972 
2469541513233 0.017258 0.033997 9.942062 
2469561349659 -0.188522 -0.190933 9.803284 
2469581155567 -0.095215 -0.131104 9.583145 
2469600961475 -0.032990 0.010071 10.028214 
2469620797901 -0.214844 -0.255539 9.619034 
2469640603809 -0.021027 -0.035400 9.731506 
2469660440235 -0.099991 -0.066498 9.980362 
2469680246143 -0.186142 -0.243576 9.523331 
2469700052051 0.010071 0.026825 9.910965 
2469719888477 -0.183746 -0.169388 9.855927 
2469739694385 -0.114349 -0.152649 9.554428 
2469759500293 -0.025818 0.017242 10.023422 
2469779336719 -0.210068 -0.248352 9.664505 
2469799142627 -0.021027 -0.042572 9.719543 
2469818979053 -0.088028 -0.064102 9.987534 
2469838815479 -0.186142 -0.238785 9.525711 
2469858621387 0.010071 0.029205 9.932495 
2469878457813 -0.176559 -0.178970 9.832001 
2469898263721 -0.099991 -0.147858 9.571182 
2469918100147 -0.030594 0.017242 10.023422 
2469937906055 -0.210068 -0.253143 9.652542 
2469957711963 -0.023422 -0.047363 9.729111 
2469977548389 -0.090424 -0.061722 9.999496 
2469997354297 -0.181351 -0.181351 9.614258 
2470017160206 -0.037781 -0.064102 9.827209 
2470036996631 -0.085632 -0.085648 9.810471 
2470056802540 -0.162201 -0.159821 9.846359 
2470076638965 -0.133499 -0.167007 9.563995 
2470096475391 -0.016251 -0.025818 9.879852 
2470116281299 -0.099991 -0.071289 9.975571 
2470136117725 -0.190918 -0.255539 9.580750 
2470155923633 -0.009064 -0.013855 9.791321 
2470175729542 -0.097595 -0.078461 9.992325 
2470195565967 -0.188522 -0.248352 9.554428 
2470215371876 -0.004288 0.005280 9.855927 
2470235208301 -0.138275 -0.111969 9.951645 
2470255014209 -0.104782 -0.138290 9.707565 
2470274820118 -0.097595 -0.109573 9.760208 
2470294656543 -0.107178 -0.104782 9.762604 
2470314462452 -0.102386 -0.109573 9.800888 
2470334298877 -0.104782 -0.109573 9.800888 
