# Created at Tue Jun 01 16:04:22 GMT+02:00 2021 in Burnaby Canada 
2464427965605 -0.006775 0.005432 0.013123 
2464447802031 -0.001892 0.006653 0.013123 
2464467607939 -0.000656 0.006653 0.011902 
2464487444365 -0.000656 0.006653 0.013123 
2464507250273 0.000549 0.006653 0.011902 
2464527056181 0.000549 0.007889 0.011902 
2464546892607 0.000549 0.007889 0.011902 
2464566698515 -0.000656 0.006653 0.013123 
2464586534941 -0.000656 0.006653 0.013123 
2464606340849 -0.000656 0.005432 0.011902 
2464626146758 -0.000656 0.005432 0.011902 
2464645983183 -0.001892 0.006653 0.011902 
2464665819609 -0.000656 0.007889 0.011902 
2464685656035 -0.001892 0.006653 0.011902 
2464705461943 -0.001892 0.006653 0.011902 
2464725267851 -0.001892 0.007889 0.011902 
2464745104277 -0.001892 0.006653 0.011902 
2464764910185 -0.001892 0.005432 0.011902 
2464784716094 -0.001892 0.005432 0.010681 
2464804552519 -0.001892 0.006653 0.010681 
2464824358428 -0.000656 0.006653 0.010681 
2464844194853 -0.001892 0.005432 0.011902 
2464864000762 -0.000656 0.006653 0.011902 
2464883806670 -0.000656 0.006653 0.010681 
2464903643096 -0.000656 0.006653 0.011902 
2464923449004 -0.001892 0.006653 0.010681 
2464943285430 -0.001892 0.006653 0.011902 
2464963121855 -0.001892 0.006653 0.011902 
2464982927764 -0.001892 0.007889 0.011902 
2465002764189 -0.000656 0.006653 0.011902 
2465022570097 -0.001892 0.006653 0.011902 
2465042376006 -0.001892 0.005432 0.011902 
2465062212431 -0.001892 0.005432 0.011902 
2465082018340 -0.000656 0.005432 0.011902 
2465101824248 -0.001892 0.007889 0.011902 
2465121660674 -0.000656 0.005432 0.011902 
2465141466582 -0.001892 0.006653 0.010681 
2465161303008 -0.000656 0.006653 0.010681 
2465181108916 -0.001892 0.006653 0.011902 
2465200914824 -0.000656 0.007889 0.011902 
2465220751250 -0.001892 0.005432 0.011902 
2465240587676 -0.001892 0.006653 0.011902 
2465260424101 -0.000656 0.006653 0.013123 
2465280230010 -0.000656 0.006653 0.013123 
2465300035918 -0.000656 0.006653 0.011902 
2465319872344 -0.000656 0.005432 0.013123 
2465339678252 -0.000656 0.006653 0.013123 
2465359484160 -0.000656 0.005432 0.013123 
2465379320586 -0.000656 0.005432 0.013123 
2465399126494 -0.000656 0.006653 0.013123 
2465418962920 -0.001892 0.005432 0.011902 
2465438768828 -0.000656 0.006653 0.011902 
2465458574736 -0.000656 0.005432 0.011902 
2465478411162 0.000549 0.005432 0.015564 
2465498217070 0.000549 0.006653 0.016785 
2465518053496 -0.000656 0.005432 0.013123 
2465537889922 -0.000656 0.006653 0.011902 
2465557695830 0.000549 0.005432 0.013123 
2465577532256 -0.003113 0.010330 0.011902 
2465597338164 -0.000656 0.004211 0.011902 
2465617174590 -0.000656 0.006653 0.011902 
2465636980498 -0.000656 0.005432 0.011902 
2465656786406 -0.001892 0.005432 0.013123 
2465676622832 -0.000656 0.005432 0.010681 
2465696428740 -0.000656 0.005432 0.010681 
2465716265166 -0.000656 0.005432 0.011902 
2465736071074 -0.000656 0.006653 0.011902 
2465755876982 0.000549 0.006653 0.011902 
2465775713408 -0.001892 0.005432 0.011902 
2465795519316 -0.001892 0.006653 0.011902 
2465815355742 0.000549 0.007889 0.013123 
2465835192168 -0.000656 0.006653 0.011902 
2465854998076 0.000549 0.005432 0.011902 
2465874834502 -0.000656 0.009094 0.010681 
2465894640410 -0.001892 0.007889 0.010681 
2465914446318 -0.003113 0.010330 0.011902 
2465934282744 -0.001892 0.010330 0.010681 
2465954088652 0.000549 0.004211 0.010681 
2465973925078 0.000549 0.006653 0.011902 
2465993730986 0.000549 0.005432 0.011902 
2466013536894 -0.000656 0.005432 0.011902 
2466033373320 -0.000656 0.006653 0.011902 
2466053179228 0.000549 0.006653 0.011902 
2466072985137 -0.000656 0.006653 0.011902 
2466092821562 -0.000656 0.006653 0.011902 
2466112657988 -0.000656 0.006653 0.011902 
2466132494414 -0.001892 0.005432 0.011902 
2466152300322 -0.000656 0.006653 0.011902 
2466172106230 0.000549 0.005432 0.011902 
2466191942656 -0.001892 0.006653 0.011902 
2466211748564 -0.000656 0.005432 0.011902 
2466231554472 0.000549 0.005432 0.011902 
2466251390898 0.000549 0.005432 0.011902 
2466271196806 -0.000656 0.006653 0.011902 
2466291033232 -0.000656 0.005432 0.011902 
2466310839140 -0.001892 0.006653 0.011902 
2466330675566 -0.000656 0.005432 0.011902 
2466350481474 -0.000656 0.004211 0.011902 
2466370317900 -0.000656 0.006653 0.011902 
2466390154326 0.000549 0.005432 0.011902 
2466409960234 -0.001892 0.004211 0.011902 
2466429766142 -0.000656 0.005432 0.011902 
2466449602568 -0.000656 0.005432 0.013123 
2466469408476 -0.000656 0.006653 0.011902 
2466489244902 0.000549 0.006653 0.011902 
2466509050810 -0.000656 0.005432 0.013123 
2466528856719 -0.000656 0.006653 0.011902 
2466548693144 0.000549 0.006653 0.011902 
2466568499053 -0.003113 0.004211 0.011902 
2466588335478 -0.000656 0.006653 0.010681 
2466608141387 -0.000656 0.006653 0.010681 
2466627947295 -0.001892 0.007889 0.010681 
2466647783721 0.000549 0.007889 0.011902 
2466667620146 0.000549 0.005432 0.013123 
2466687426055 -0.001892 0.004211 0.011902 
2466707262480 0.000549 0.007889 0.013123 
2466727068389 0.000549 0.005432 0.011902 
2466746904814 -0.000656 0.006653 0.011902 
2466766710722 -0.000656 0.005432 0.013123 
2466786516631 -0.000656 0.005432 0.013123 
2466806353056 -0.000656 0.007889 0.011902 
2466826158965 -0.000656 0.006653 0.011902 
2466845995390 -0.003113 0.005432 0.013123 
2466865801299 0.000549 0.006653 0.011902 
2466885607207 -0.000656 0.005432 0.011902 
2466905443633 0.000549 0.005432 0.011902 
2466925249541 0.000549 0.005432 0.011902 
2466945085967 -0.000656 0.004211 0.013123 
2466964922392 -0.000656 0.007889 0.011902 
2466984728301 0.000549 0.007889 0.011902 
2467004564726 -0.000656 0.005432 0.011902 
2467024370635 -0.001892 0.005432 0.011902 
2467044176543 0.000549 0.006653 0.011902 
2467064012969 -0.001892 0.004211 0.011902 
2467083818877 -0.000656 0.005432 0.011902 
2467103655303 -0.000656 0.006653 0.011902 
2467123461211 -0.000656 0.005432 0.011902 
2467143267119 0.000549 0.006653 0.011902 
2467163103545 -0.000656 0.006653 0.011902 
2467182909453 -0.000656 0.006653 0.011902 
2467202715361 0.001785 0.006653 0.011902 
2467222551787 -0.001892 0.005432 0.013123 
2467242388213 -0.000656 0.006653 0.011902 
2467262224639 -0.000656 0.006653 0.011902 
2467282030547 -0.001892 0.006653 0.011902 
2467301836455 -0.000656 0.007889 0.011902 
2467321672881 -0.000656 0.005432 0.013123 
2467341478789 -0.001892 0.005432 0.011902 
2467361315215 0.000549 0.006653 0.011902 
2467381121123 -0.000656 0.005432 0.013123 
2467400927031 -0.000656 0.005432 0.011902 
2467420763457 0.000549 0.006653 0.011902 
2467440569365 -0.000656 0.005432 0.013123 
2467460405791 0.000549 0.005432 0.011902 
2467480211699 0.000549 0.005432 0.011902 
2467500017607 -0.000656 0.004211 0.013123 
2467519854033 -0.000656 0.007889 0.011902 
2467539690459 -0.000656 0.006653 0.011902 
2467559496367 -0.001892 0.006653 0.011902 
2467579332793 -0.000656 0.007889 0.011902 
2467599138701 -0.000656 0.005432 0.011902 
2467618975127 -0.000656 0.007889 0.011902 
2467638781035 0.000549 0.006653 0.013123 
2467658586943 -0.000656 0.004211 0.011902 
2467678423369 -0.000656 0.007889 0.010681 
2467698229277 0.000549 0.007889 0.011902 
2467718065703 -0.000656 0.006653 0.011902 
2467737871611 -0.000656 0.006653 0.011902 
2467757677519 0.000549 0.005432 0.013123 
2467777513945 -0.001892 0.006653 0.011902 
2467797319853 0.000549 0.006653 0.011902 
2467817156279 -0.000656 0.005432 0.011902 
2467836992705 -0.000656 0.006653 0.013123 
2467856798613 -0.000656 0.006653 0.013123 
2467876635039 -0.000656 0.004211 0.013123 
2467896440947 -0.000656 0.005432 0.013123 
2467916246855 -0.000656 0.006653 0.013123 
2467936083281 -0.000656 0.006653 0.011902 
2467955889189 -0.000656 0.007889 0.013123 
2467975725615 -0.000656 0.006653 0.013123 
2467995531523 -0.000656 0.006653 0.011902 
2468015337431 0.000549 0.007889 0.011902 
2468035173857 -0.000656 0.007889 0.011902 
2468054979765 -0.001892 0.007889 0.011902 
2468074816191 -0.000656 0.006653 0.013123 
2468094652617 -0.001892 0.006653 0.013123 
2468114458525 -0.000656 0.006653 0.011902 
2468134294951 0.000549 0.005432 0.013123 
2468154100859 -0.001892 0.005432 0.013123 
2468173906767 -0.000656 0.006653 0.013123 
2468193743193 -0.000656 0.005432 0.013123 
2468213549101 -0.001892 0.005432 0.013123 
2468233355010 -0.000656 0.006653 0.013123 
2468253191435 0.000549 0.005432 0.011902 
2468272997344 -0.000656 0.006653 0.013123 
2468292833769 -0.000656 0.007889 0.013123 
2468312639678 -0.001892 0.005432 0.011902 
2468332476103 -0.001892 0.006653 0.011902 
2468352282012 -0.000656 0.006653 0.010681 
2468372087920 -0.001892 0.006653 0.011902 
2468391924346 -0.000656 0.007889 0.010681 
2468411760771 -0.001892 0.006653 0.010681 
2468431566680 -0.001892 0.007889 0.010681 
2468451403105 -0.000656 0.007889 0.010681 
2468471209014 -0.001892 0.005432 0.011902 
2468491045439 -0.001892 0.005432 0.011902 
2468510851347 0.000549 0.005432 0.011902 
2468530657256 -0.000656 0.005432 0.011902 
2468550515918 -0.000656 0.006653 0.011902 
2468570321827 0.000549 0.006653 0.013123 
2468590158252 -0.000656 0.006653 0.013123 
2468609964161 0.000549 0.006653 0.011902 
2468629770069 -0.000656 0.005432 0.013123 
2468649606495 -0.000656 0.005432 0.013123 
2468669442920 0.000549 0.006653 0.013123 
2468689248829 -0.000656 0.005432 0.011902 
2468709085254 0.000549 0.006653 0.011902 
2468728891163 -0.000656 0.006653 0.011902 
2468748727588 -0.001892 0.006653 0.011902 
2468768533497 -0.000656 0.006653 0.013123 
2468788339405 0.000549 0.006653 0.013123 
2468808175831 -0.000656 0.006653 0.013123 
2468827981739 0.000549 0.006653 0.011902 
2468847818165 -0.000656 0.005432 0.014343 
2468867624073 -0.000656 0.006653 0.013123 
2468887429981 0.000549 0.006653 0.013123 
2468907266407 -0.000656 0.005432 0.013123 
2468927072315 -0.000656 0.007889 0.013123 
2468946908741 0.000549 0.007889 0.011902 
2468966745167 -0.000656 0.004211 0.013123 
2468986551075 -0.000656 0.005432 0.011902 
2469006387501 -0.000656 0.007889 0.013123 
2469026193409 -0.000656 0.006653 0.011902 
2469046029834 0.000549 0.006653 0.013123 
2469065835743 -0.000656 0.005432 0.013123 
2469085641651 0.000549 0.005432 0.014343 
2469105478077 0.000549 0.005432 0.013123 
2469125283985 -0.000656 0.005432 0.013123 
2469145089893 -0.000656 0.006653 0.011902 
2469164926319 -0.000656 0.006653 0.010681 
2469184732227 -0.003113 0.009094 0.011902 
2469204538135 0.000549 0.005432 0.011902 
2469224374561 -0.000656 0.006653 0.013123 
2469244210987 -0.000656 0.005432 0.013123 
2469264047413 0.000549 0.007889 0.013123 
2469283853321 -0.001892 0.006653 0.011902 
2469303689747 -0.001892 0.010330 0.013123 
2469323495655 -0.000656 0.010330 0.013123 
2469343301563 -0.000656 0.006653 0.013123 
2469363137989 0.000549 0.006653 0.013123 
2469382943897 0.000549 0.004211 0.013123 
2469402749805 -0.000656 0.005432 0.011902 
2469422586231 0.000549 0.006653 0.013123 
2469442392139 -0.000656 0.004211 0.014343 
2469462228565 -0.000656 0.006653 0.010681 
2469482034473 -0.001892 0.007889 0.010681 
2469501840381 -0.000656 0.004211 0.010681 
2469521676807 0.000549 0.002975 0.013123 
2469541513233 -0.000656 0.005432 0.014343 
2469561349659 -0.001892 0.009094 0.013123 
2469581155567 -0.001892 0.010330 0.011902 
2469600961475 -0.001892 0.009094 0.013123 
2469620797901 -0.000656 0.006653 0.013123 
2469640603809 0.000549 0.006653 0.013123 
2469660440235 -0.001892 0.006653 0.013123 
2469680246143 -0.000656 0.006653 0.013123 
2469700052051 -0.000656 0.005432 0.014343 
2469719888477 0.000549 0.005432 0.014343 
2469739694385 -0.000656 0.007889 0.014343 
2469759500293 -0.001892 0.006653 0.013123 
2469779336719 -0.000656 0.007889 0.013123 
2469799142627 -0.000656 0.005432 0.011902 
2469818979053 -0.001892 0.006653 0.009460 
2469838815479 0.000549 0.005432 0.010681 
2469858621387 0.000549 0.006653 0.013123 
2469878457813 -0.001892 0.009094 0.010681 
2469898263721 -0.000656 0.006653 0.010681 
2469918100147 -0.001892 0.007889 0.013123 
2469937906055 -0.000656 0.006653 0.011902 
2469957711963 0.000549 0.006653 0.013123 
2469977548389 -0.001892 0.006653 0.013123 
2469997354297 0.001785 0.007889 0.014343 
2470017160206 0.016434 0.009094 0.011902 
2470036996631 0.006668 0.007889 0.011902 
2470056802540 -0.003113 0.004211 0.015564 
2470076638965 -0.010452 0.000534 0.014343 
2470096475391 -0.010452 0.004211 0.009460 
2470116281299 -0.005554 0.006653 0.013123 
2470136117725 0.000549 0.005432 0.011902 
2470155923633 -0.000656 0.006653 0.011902 
2470175729542 -0.000656 0.006653 0.011902 
2470195565967 -0.000656 0.007889 0.011902 
2470215371876 -0.000656 0.006653 0.013123 
2470235208301 -0.000656 0.007889 0.011902 
2470255014209 -0.000656 0.006653 0.011902 
2470274820118 -0.001892 0.006653 0.013123 
2470294656543 -0.000656 0.006653 0.013123 
2470314462452 -0.000656 0.004211 0.011902 
2470334298877 -0.000656 0.006653 0.013123 
