# Created at Tue Jun 01 16:04:22 GMT+02:00 2021 in Burnaby Canada 
2464427965605 -0.006330 0.002048 0.004727 
2464447802031 0.005448 -0.000076 0.004573 
2464467607939 0.000650 0.004574 0.004420 
2464487444365 0.000632 -0.000166 0.008904 
2464507250273 -0.006336 0.004261 0.003974 
2464527056181 -0.003577 0.001623 0.013104 
2464546892607 -0.003225 -0.000943 0.014969 
2464566698515 -0.000799 0.001433 0.012169 
2464586534941 -0.000769 -0.000902 0.021011 
2464606340849 0.008276 0.010723 0.006430 
2464626146758 -0.003792 0.001148 0.003898 
2464645983183 -0.001349 0.003673 -0.003162 
2464665819609 0.003545 0.001281 0.003879 
2464685656035 0.001127 -0.005447 0.008384 
2464705461943 -0.003542 -0.005003 0.015039 
2464725267851 0.001440 -0.004574 0.005296 
2464745104277 -0.005555 -0.004159 0.002807 
2464764910185 -0.010215 0.003190 -0.001903 
2464784716094 -0.005488 0.005649 -0.001839 
2464804552519 -0.002992 0.001109 -0.006406 
2464824358428 0.004039 0.003421 -0.001561 
2464844194853 0.005991 -0.005694 0.003109 
2464864000762 -0.001140 -0.000842 -0.010875 
2464883806670 0.005828 -0.000781 -0.010512 
2464903643096 -0.003614 0.006209 -0.017095 
2464923449004 -0.003496 0.003965 -0.002642 
2464943285430 0.001253 0.004096 -0.011799 
2464963121855 0.003513 0.004222 -0.018351 
2464982927764 -0.000989 0.002028 -0.010786 
2465002764189 -0.005587 0.011239 -0.008125 
2465022570097 -0.003085 0.001878 -0.017100 
2465042376006 -0.000894 0.002078 -0.014214 
2465062212431 0.003524 -0.002360 -0.009108 
2465082018340 -0.001438 0.004696 -0.013437 
2465101824248 -0.001159 0.014050 -0.036112 
2465121660674 -0.001348 -0.002583 0.006715 
2465141466582 -0.001305 0.000083 0.015757 
2465161303008 -0.003580 0.011678 -0.040288 
2465181108916 0.003473 -0.011578 -0.018129 
2465200914824 -0.010276 0.009652 0.003304 
2465220751250 -0.003230 0.016540 -0.015316 
2465240587676 -0.003122 0.016251 -0.014803 
2465260424101 -0.003014 -0.000458 -0.005047 
2465280230010 -0.002911 0.004217 -0.009510 
2465300035918 -0.009746 0.013356 -0.030005 
2465319872344 -0.000399 -0.005573 -0.012826 
2465339678252 0.006550 -0.005358 -0.007767 
2465359484160 0.006107 -0.005151 -0.007509 
2465379320586 -0.005887 0.004312 -0.025772 
2465399126494 0.003561 -0.000435 -0.006402 
2465418962920 -0.003719 0.011406 -0.024699 
2465438768828 -0.001279 0.008741 -0.014613 
2465458574736 -0.008411 -0.010017 -0.016443 
2465478411162 0.037920 0.036372 -0.045976 
2465498217070 -0.078990 -0.085318 -0.095333 
2465518053496 0.110774 0.148852 0.166915 
2465537889922 -0.082590 -0.071195 -0.005193 
2465557695830 -0.029174 -0.075952 -0.257149 
2465577532256 0.083512 0.109795 0.112269 
2465597338164 -0.002993 0.034466 0.168659 
2465617174590 -0.097736 -0.117001 -0.176984 
2465636980498 0.046394 0.030346 -0.115566 
2465656786406 0.067368 0.120933 0.201674 
2465676622832 -0.087976 -0.086772 -0.044564 
2465696428740 -0.023476 -0.045828 -0.232439 
2465716265166 0.093054 0.140130 0.187758 
2465736071074 -0.074069 -0.060523 0.043967 
2465755876982 -0.045124 -0.081858 -0.263396 
2465775713408 0.100102 0.137859 0.156959 
2465795519316 -0.057537 -0.045875 0.068088 
2465815355742 -0.045105 -0.086325 -0.277472 
2465835192168 0.105125 0.140312 0.145320 
2465854998076 -0.064677 -0.046287 0.087441 
2465874834502 -0.049599 -0.081746 -0.262978 
2465894640410 0.100873 0.147507 0.171666 
2465914446318 -0.072733 -0.062245 0.039871 
2465934282744 -0.031186 -0.071181 -0.248405 
2465954088652 0.097063 0.140864 0.198056 
2465973925078 -0.081983 -0.095750 -0.012454 
2465993730986 0.013433 -0.031189 -0.217148 
2466013536894 0.077414 0.135672 0.224396 
2466033373320 -0.106301 -0.117353 -0.083853 
2466053179228 0.044218 0.023502 -0.131063 
2466072985137 0.043998 0.104369 0.231483 
2466092821562 -0.101442 -0.138965 -0.183945 
2466112657988 0.080010 0.078415 -0.056828 
2466132494414 0.012709 0.066390 0.207723 
2466152300322 -0.099264 -0.136278 -0.231392 
2466172106230 0.093846 0.118950 0.053081 
2466191942656 -0.030421 0.001963 0.159961 
2466211748564 -0.070979 -0.112294 -0.276533 
2466231554472 0.110086 0.142814 0.148634 
2466251390898 0.109301 0.141899 0.147886 
2466271196806 -0.019810 -0.073049 -0.250452 
2466291033232 0.082430 0.146386 0.205529 
2466310839140 -0.091776 -0.106456 -0.040723 
2466330675566 0.010824 -0.008268 -0.178606 
2466350481474 0.067432 0.117986 0.238935 
2466370317900 -0.109082 -0.132567 -0.157490 
2466390154326 0.060271 0.067894 -0.066235 
2466409960234 0.004737 0.067824 0.195992 
2466429766142 -0.078843 -0.134867 -0.233545 
2466449602568 0.097497 0.130119 0.062844 
2466469408476 -0.048226 -0.015736 0.129196 
2466489244902 -0.050368 -0.094428 -0.269051 
2466509050810 0.092505 0.146549 0.189423 
2466528856719 -0.098422 -0.082725 0.002763 
2466548693144 -0.000321 -0.025365 -0.209155 
2466568499053 0.065878 0.130021 0.241885 
2466588335478 -0.117782 -0.137245 -0.130749 
2466608141387 0.061381 0.065842 -0.075332 
2466627947295 0.016066 0.058633 0.208371 
2466647783721 -0.098054 -0.139461 -0.228363 
2466667620146 0.092669 0.125300 0.063231 
2466687426055 -0.048732 -0.015526 0.136730 
2466707262480 -0.055383 -0.094220 -0.271088 
2466727068389 0.097031 0.148894 0.199296 
2466746904814 -0.093918 -0.092279 0.005451 
2466766710722 0.008695 -0.020355 -0.206480 
2466786516631 0.063183 0.132148 0.239778 
2466806353056 -0.120222 -0.127996 -0.147115 
2466826158965 0.066076 0.065523 -0.063058 
2466845995390 0.008382 0.051412 0.203926 
2466865801299 -0.094035 -0.132374 -0.244706 
2466885607207 0.096665 0.125450 0.082696 
2466905443633 -0.051672 -0.020599 0.129890 
2466925249541 -0.063551 -0.094514 -0.265979 
2466945085967 0.093438 0.153599 0.194845 
2466964922392 -0.092502 -0.089981 0.008177 
2466984728301 0.008206 -0.023065 -0.210902 
2467004564726 0.053159 0.124686 0.242513 
2467024370635 -0.114000 -0.132799 -0.122972 
2467044176543 0.055613 0.062896 -0.072364 
2467064012969 0.012005 0.058084 0.211317 
2467083818877 -0.102568 -0.137392 -0.234968 
2467103655303 0.097944 0.127593 0.059062 
2467123461211 -0.043248 -0.003962 0.149238 
2467143267119 -0.064469 -0.101751 -0.263396 
2467163103545 0.097760 0.153536 0.185515 
2467182909453 -0.095577 -0.087661 0.022696 
2467202715361 0.002510 -0.025762 -0.205995 
2467222551787 0.071315 0.127006 0.235496 
2467242388213 -0.114753 -0.133112 -0.120420 
2467262224639 0.054863 0.055681 -0.088877 
2467282030547 0.026016 0.065191 0.213945 
2467301836455 -0.107193 -0.132719 -0.234732 
2467321672881 0.090711 0.122721 0.035489 
2467341478789 -0.038542 0.005715 0.149591 
2467361315215 -0.064539 -0.113546 -0.274947 
2467381121123 0.104594 0.156085 0.152598 
2467400927031 -0.081860 -0.068469 0.047074 
2467420763457 -0.012416 -0.046890 -0.226964 
2467440569365 0.087407 0.136687 0.226531 
2467460405791 -0.110865 -0.123711 -0.105539 
2467480211699 0.051346 0.036229 -0.112167 
2467500017607 0.026817 0.086073 0.221706 
2467519854033 -0.118315 -0.135747 -0.229378 
2467539690459 0.082277 0.114958 0.019381 
2467559496367 -0.032413 0.009893 0.162139 
2467579332793 -0.072489 -0.113923 -0.276745 
2467599138701 0.108584 0.136658 0.134139 
2467618975127 -0.072665 -0.049691 0.066805 
2467638781035 -0.027070 -0.066316 -0.243041 
2467658586943 0.084507 0.143566 0.205781 
2467678423369 -0.110911 -0.114249 -0.059526 
2467698229277 0.032734 0.014687 -0.166371 
2467718065703 0.042090 0.109869 0.229692 
2467737871611 -0.115259 -0.138245 -0.190494 
2467757677519 0.073182 0.083650 -0.032407 
2467777513945 -0.001001 0.040656 0.191564 
2467797319853 -0.089084 -0.131173 -0.264142 
2467817156279 0.099223 0.131412 0.091916 
2467836992705 -0.060793 -0.031122 0.096224 
2467856798613 -0.048583 -0.076165 -0.261380 
2467876635039 0.091661 0.143283 0.201805 
2467896440947 -0.109012 -0.105016 -0.049201 
2467916246855 0.008198 0.000297 -0.175137 
2467936083281 0.055770 0.107470 0.237625 
2467955889189 -0.115694 -0.138266 -0.187349 
2467975725615 0.080120 0.086245 -0.036425 
2467995531523 -0.010753 0.038233 0.180427 
2468015337431 -0.091414 -0.133584 -0.263319 
2468035173857 0.109281 0.140916 0.121313 
2468054979765 -0.074356 -0.047600 0.068332 
2468074816191 -0.031121 -0.066387 -0.255807 
2468094652617 0.076166 0.141347 0.212124 
2468114458525 -0.112295 -0.118843 -0.079393 
2468134294951 0.045173 0.033920 -0.131381 
2468154100859 0.035196 0.081645 0.224016 
2468173906767 -0.112596 -0.140156 -0.224699 
2468193743193 0.090102 0.115321 0.028786 
2468213549101 -0.036762 0.003117 0.145305 
2468233355010 -0.067532 -0.106396 -0.281594 
2468253191435 0.099245 0.155833 0.174555 
2468272997344 -0.096480 -0.080625 0.009407 
2468292833769 -0.000532 -0.025430 -0.207292 
2468312639678 0.063519 0.124954 0.248492 
2468332476103 -0.122495 -0.137284 -0.150362 
2468352282012 0.066196 0.080091 -0.056754 
2468372087920 -0.003184 0.049002 0.200664 
2468391924346 -0.098157 -0.125003 -0.247932 
2468411760771 0.095180 0.137776 0.089010 
2468431566680 -0.066967 -0.043586 0.105241 
2468451403105 -0.037822 -0.071893 -0.254804 
2468471209014 0.090698 0.147773 0.215504 
2468491045439 -0.105222 -0.112210 -0.045087 
2468510851347 0.028403 0.014332 -0.144858 
2468530657256 0.047080 0.095245 0.248711 
2468550515918 -0.124580 -0.143292 -0.193007 
2468570321827 0.080797 0.090547 0.000819 
2468590158252 -0.026747 0.018705 0.191279 
2468609964161 -0.083744 -0.112538 -0.266809 
2468629770069 0.104524 0.140417 0.153561 
2468649606495 -0.079559 -0.060240 0.081357 
2468669442920 -0.036298 -0.062525 -0.230946 
2468689248829 0.080311 0.140186 0.234488 
2468709085254 -0.117705 -0.117846 -0.059542 
2468728891163 0.030503 0.025627 -0.125911 
2468748727588 0.039871 0.092434 0.246146 
2468768533497 -0.110313 -0.136556 -0.181257 
2468788339405 0.083089 0.082962 -0.006558 
2468808175831 -0.007795 0.039716 0.210129 
2468827981739 -0.091093 -0.124957 -0.243286 
2468847818165 0.101982 0.137577 0.138872 
2468867624073 -0.081839 -0.051162 0.095318 
2468887429981 -0.024295 -0.060628 -0.226574 
2468907266407 0.087490 0.130168 0.248357 
2468927072315 -0.110307 -0.125200 -0.060024 
2468946908741 0.052374 0.034732 -0.093050 
2468966745167 0.025455 0.070312 0.238344 
2468986551075 -0.112991 -0.141910 -0.208061 
2469006387501 0.092566 0.130246 0.090590 
2469026193409 -0.057884 -0.022745 0.147268 
2469046029834 -0.059975 -0.079981 -0.248686 
2469065835743 0.090081 0.151389 0.228724 
2469085641651 -0.110582 -0.113840 -0.020035 
2469105478077 0.025440 0.012708 -0.127082 
2469125283985 0.034616 0.098379 0.254496 
2469145089893 -0.113176 -0.149693 -0.182469 
2469164926319 0.089755 0.098701 0.035097 
2469184732227 -0.022119 0.013006 0.194454 
2469204538135 -0.074622 -0.115825 -0.251749 
2469224374561 0.109083 0.144298 0.199489 
2469244210987 -0.098829 -0.084967 0.024695 
2469264047413 0.013801 -0.015695 -0.187330 
2469283853321 0.056593 0.117985 0.270739 
2469303689747 -0.123923 -0.139468 -0.163929 
2469323495655 0.089293 0.085048 -0.001196 
2469343301563 -0.020661 0.018001 0.213080 
2469363137989 -0.084838 -0.113241 -0.257020 
2469382943897 0.098449 0.149006 0.165679 
2469402749805 -0.083223 -0.068362 0.067225 
2469422586231 -0.009001 -0.039650 -0.202147 
2469442392139 0.066766 0.120098 0.251223 
2469462228565 -0.119282 -0.144751 -0.107156 
2469482034473 0.072029 0.070530 -0.047099 
2469501840381 -0.002620 0.041638 0.212647 
2469521676807 -0.089017 -0.120680 -0.250306 
2469541513233 0.108814 0.141849 0.181869 
2469561349659 -0.096008 -0.082398 0.042882 
2469581155567 -0.001979 -0.022187 -0.176361 
2469600961475 0.060418 0.118660 0.267371 
2469620797901 -0.120826 -0.146186 -0.141100 
2469640603809 0.072629 0.073380 -0.028486 
2469660440235 -0.006300 0.042338 0.219271 
2469680246143 -0.091986 -0.134037 -0.236571 
2469700052051 0.103477 0.135709 0.150306 
2469719888477 -0.090118 -0.060406 0.094787 
2469739694385 -0.020374 -0.043422 -0.205675 
2469759500293 0.067820 0.126104 0.262005 
2469779336719 -0.115607 -0.138764 -0.096425 
2469799142627 0.072833 0.066712 -0.041182 
2469818979053 0.005798 0.045230 0.225677 
2469838815479 -0.092092 -0.129003 -0.234969 
2469858621387 0.103603 0.138089 0.170954 
2469878457813 -0.082144 -0.069464 0.070115 
2469898263721 -0.005549 -0.038126 -0.189750 
2469918100147 0.063770 0.126606 0.261184 
2469937906055 -0.115125 -0.143029 -0.109148 
2469957711963 0.071166 0.062235 -0.032418 
2469977548389 0.004147 0.047904 0.236780 
2469997354297 -0.086103 -0.071809 -0.147719 
2470017160206 0.057650 0.041956 0.064874 
2470036996631 0.009988 0.018929 0.047882 
2470056802540 -0.066709 -0.054471 0.083353 
2470076638965 -0.038991 -0.059435 -0.198007 
2470096475391 0.077391 0.083270 0.117277 
2470116281299 -0.006314 0.038581 0.211941 
2470136117725 -0.096990 -0.145141 -0.181971 
2470155923633 0.084441 0.096091 0.028458 
2470175729542 -0.004070 0.031360 0.228314 
2470195565967 -0.094283 -0.137808 -0.208531 
2470215371876 0.089505 0.115274 0.092503 
2470235208301 -0.044022 -0.001933 0.187283 
2470255014209 -0.010475 -0.028082 -0.056513 
2470274820118 -0.003269 0.000899 -0.003848 
2470294656543 -0.012784 0.005691 -0.001445 
2470314462452 -0.008422 0.000927 0.036652 
