# Created at Tue Jun 01 16:04:22 GMT+02:00 2021 in Burnaby Canada 
2464421495879 0.000000 0.000000 0.000000 
2464441362822 0.000000 0.000000 0.000000 
2464461229765 0.000000 0.000000 0.000000 
2464481096709 0.000000 0.000000 0.000000 
2464500963652 0.000000 0.000000 0.000000 
2464520861113 0.000000 0.000000 0.000000 
2464540728056 0.000000 0.000000 0.000000 
2464560595000 0.000000 0.000000 0.000000 
2464580461943 0.000000 0.000000 0.000000 
2464600328887 0.000000 0.000000 0.000000 
2464620195830 0.000000 0.000000 0.000000 
2464640093291 0.000000 0.000000 0.000000 
2464659990752 0.000000 0.000000 0.000000 
2464679857695 0.000000 0.000000 0.000000 
2464699724639 0.000000 0.000000 0.000000 
2464719591582 0.000000 0.000000 0.000000 
2464739458525 0.000000 0.000000 0.000000 
2464759325469 0.000000 0.000000 0.000000 
2464779222930 0.000000 0.000000 0.000000 
2464799089873 0.000000 0.000000 0.000000 
2464818956816 0.000000 0.000000 0.000000 
2464838823760 0.000000 0.000000 0.000000 
2464858690703 0.000000 0.000000 0.000000 
2464878557646 0.000000 0.000000 0.000000 
2464898455107 0.000000 0.000000 0.000000 
2464918322051 0.000000 0.000000 0.000000 
2464938219512 0.000000 0.000000 0.000000 
2464958086455 0.000000 0.000000 0.000000 
2464977953398 0.000000 0.000000 0.000000 
2464997820342 0.000000 0.000000 0.000000 
2465017687285 0.000000 0.000000 0.000000 
2465037584746 0.000000 0.000000 0.000000 
2465057451689 0.000000 0.000000 0.000000 
2465077318633 0.000000 0.000000 0.000000 
2465097185576 0.000000 0.000000 0.000000 
2465117052519 0.000000 0.000000 0.000000 
2465136919463 0.000000 0.000000 0.000000 
2465156786406 0.000000 0.000000 0.000000 
2465176653349 0.000000 0.000000 0.000000 
2465196550810 0.000000 0.000000 0.000000 
2465216417754 0.000000 0.000000 0.000000 
2465236315215 0.000000 0.000000 0.000000 
2465256182158 0.000000 0.000000 0.000000 
2465276049101 0.000000 0.000000 0.000000 
2465295916045 0.000000 0.000000 0.000000 
2465315782988 0.000000 0.000000 0.000000 
2465335680449 0.000000 0.000000 0.000000 
2465355547392 0.000000 0.000000 0.000000 
2465375414336 0.000000 0.000000 0.000000 
2465395281279 0.000000 0.000000 0.000000 
2465415148222 0.000000 0.000000 0.000000 
2465435015166 0.000000 0.000000 0.000000 
2465454882109 0.000000 0.000000 0.000000 
2465474779570 0.000000 0.000000 0.000000 
2465494646514 0.000000 0.000000 0.000000 
2465514543974 0.000000 0.000000 0.000000 
2465534410918 0.000000 0.000000 0.000000 
2465554277861 0.000000 0.000000 0.000000 
2465574144805 0.000000 0.000000 0.000000 
2465594011748 0.000000 0.000000 0.000000 
2465613909209 0.000000 0.000000 0.000000 
2465633776152 0.000000 0.000000 0.000000 
2465653643096 0.000000 0.000000 0.000000 
2465673510039 0.000000 0.000000 0.000000 
2465693376982 0.000000 0.000000 0.000000 
2465713243926 0.000000 0.000000 0.000000 
2465733141387 0.000000 0.000000 0.000000 
2465753008330 0.000000 0.000000 0.000000 
2465772875273 0.000000 0.000000 0.000000 
2465792742217 0.000000 0.000000 0.000000 
2465812639678 0.000000 0.000000 0.000000 
2465832506621 0.000000 0.000000 0.000000 
2465852373564 0.000000 0.000000 0.000000 
2465872271025 0.000000 0.000000 0.000000 
2465892137969 0.000000 0.000000 0.000000 
2465912004912 0.000000 0.000000 0.000000 
2465931871855 0.000000 0.000000 0.000000 
2465951738799 0.000000 0.000000 0.000000 
2465971605742 0.000000 0.000000 0.000000 
2465991503203 0.000000 0.000000 0.000000 
2466011400664 0.000000 0.000000 0.000000 
2466031267607 0.000000 0.000000 0.000000 
2466051134551 0.000000 0.000000 0.000000 
2466071001494 0.000000 0.000000 0.000000 
2466090898955 0.000000 0.000000 0.000000 
2466110765898 0.000000 0.000000 0.000000 
2466130663359 0.000000 0.000000 0.000000 
2466150469267 0.000000 0.000000 0.000000 
2466170336211 0.000000 0.000000 0.000000 
2466190203154 0.000000 0.000000 0.000000 
2466210100615 0.000000 0.000000 0.000000 
2466229967558 0.000000 0.000000 0.000000 
2466249834502 0.000000 0.000000 0.000000 
2466269701445 0.000000 0.000000 0.000000 
2466289568389 0.000000 0.000000 0.000000 
2466309465849 0.000000 0.000000 0.000000 
2466329363310 0.000000 0.000000 0.000000 
2466349230254 0.000000 0.000000 0.000000 
2466369127715 0.000000 0.000000 0.000000 
2466388994658 0.000000 0.000000 0.000000 
2466408892119 0.000000 0.000000 0.000000 
2466428759062 0.000000 0.000000 0.000000 
2466448626006 0.000000 0.000000 0.000000 
2466468492949 0.000000 0.000000 0.000000 
2466488359892 0.000000 0.000000 0.000000 
2466508226836 0.000000 0.000000 0.000000 
2466528093779 0.000000 0.000000 0.000000 
2466547991240 0.000000 0.000000 0.000000 
2466567858183 0.000000 0.000000 0.000000 
2466587725127 0.000000 0.000000 0.000000 
2466607592070 0.000000 0.000000 0.000000 
2466627459014 0.000000 0.000000 0.000000 
2466647325957 0.000000 0.000000 0.000000 
2466667253935 0.000000 0.000000 0.000000 
2466687120879 0.000000 0.000000 0.000000 
2466706987822 0.000000 0.000000 0.000000 
2466726854765 0.000000 0.000000 0.000000 
2466746752226 0.000000 0.000000 0.000000 
2466766619170 0.000000 0.000000 0.000000 
2466786486113 0.000000 0.000000 0.000000 
2466806353056 0.000000 0.000000 0.000000 
2466826220000 0.000000 0.000000 0.000000 
2466846086943 0.000000 0.000000 0.000000 
2466865984404 0.000000 0.000000 0.000000 
2466885851347 0.000000 0.000000 0.000000 
2466905718291 0.000000 0.000000 0.000000 
2466925585234 0.000000 0.000000 0.000000 
2466945482695 0.000000 0.000000 0.000000 
2466965380156 0.000000 0.000000 0.000000 
2466985247099 0.000000 0.000000 0.000000 
2467005114043 0.000000 0.000000 0.000000 
2467024980986 0.000000 0.000000 0.000000 
2467044847930 0.000000 0.000000 0.000000 
2467064714873 0.000000 0.000000 0.000000 
2467084612334 0.000000 0.000000 0.000000 
2467104479277 0.000000 0.000000 0.000000 
2467124346221 0.000000 0.000000 0.000000 
2467144213164 0.000000 0.000000 0.000000 
2467164080107 0.000000 0.000000 0.000000 
2467183947051 0.000000 0.000000 0.000000 
2467203844512 0.000000 0.000000 0.000000 
2467223711455 0.000000 0.000000 0.000000 
2467243608916 0.000000 0.000000 0.000000 
2467263475859 0.000000 0.000000 0.000000 
2467283373320 0.000000 0.000000 0.000000 
2467303240264 0.000000 0.000000 0.000000 
2467323107207 0.000000 0.000000 0.000000 
2467342974150 0.000000 0.000000 0.000000 
2467362841094 0.000000 0.000000 0.000000 
2467382738555 0.000000 0.000000 0.000000 
2467402605498 0.000000 0.000000 0.000000 
2467422472441 0.000000 0.000000 0.000000 
2467442339385 0.000000 0.000000 0.000000 
2467462206328 0.000000 0.000000 0.000000 
2467482073271 0.000000 0.000000 0.000000 
2467501970732 0.000000 0.000000 0.000000 
2467521868193 0.000000 0.000000 0.000000 
2467541735137 0.000000 0.000000 0.000000 
2467561602080 0.000000 0.000000 0.000000 
2467581469023 0.000000 0.000000 0.000000 
2467601366484 0.000000 0.000000 0.000000 
2467621233428 0.000000 0.000000 0.000000 
2467641100371 0.000000 0.000000 0.000000 
2467660967314 0.000000 0.000000 0.000000 
2467680864775 0.000000 0.000000 0.000000 
2467700731719 0.000000 0.000000 0.000000 
2467720598662 0.000000 0.000000 0.000000 
2467740465605 0.000000 0.000000 0.000000 
2467760332549 0.000000 0.000000 0.000000 
2467780199492 0.000000 0.000000 0.000000 
2467800127471 0.000000 0.000000 0.000000 
2467819994414 0.000000 0.000000 0.000000 
2467839861357 0.000000 0.000000 0.000000 
2467859728301 0.000000 0.000000 0.000000 
2467879595244 0.000000 0.000000 0.000000 
2467899492705 0.000000 0.000000 0.000000 
2467919359648 0.000000 0.000000 0.000000 
2467939226592 0.000000 0.000000 0.000000 
2467959124053 0.000000 0.000000 0.000000 
2467978990996 0.000000 0.000000 0.000000 
2467998857939 0.000000 0.000000 0.000000 
2468018724883 0.000000 0.000000 0.000000 
2468038591826 0.000000 0.000000 0.000000 
2468058489287 0.000000 0.000000 0.000000 
2468078356230 0.000000 0.000000 0.000000 
2468098253691 0.000000 0.000000 0.000000 
2468118120635 0.000000 0.000000 0.000000 
2468137987578 0.000000 0.000000 0.000000 
2468157885039 0.000000 0.000000 0.000000 
2468177751982 0.000000 0.000000 0.000000 
2468197618926 0.000000 0.000000 0.000000 
2468217485869 0.000000 0.000000 0.000000 
2468237383330 0.000000 0.000000 0.000000 
2468257250273 0.000000 0.000000 0.000000 
2468277117217 0.000000 0.000000 0.000000 
2468296984160 0.000000 0.000000 0.000000 
2468316851103 0.000000 0.000000 0.000000 
2468336748564 0.000000 0.000000 0.000000 
2468356615508 0.000000 0.000000 0.000000 
2468376512969 0.000000 0.000000 0.000000 
2468396379912 0.000000 0.000000 0.000000 
2468416277373 0.000000 0.000000 0.000000 
2468436144316 0.000000 0.000000 0.000000 
2468456011260 0.000000 0.000000 0.000000 
2468475878203 0.000000 0.000000 0.000000 
2468495745146 0.000000 0.000000 0.000000 
2468515642607 0.000000 0.000000 0.000000 
2468535509551 0.000000 0.000000 0.000000 
2468555398731 0.000000 0.000000 0.000000 
2468575265674 0.000000 0.000000 0.000000 
2468595132618 0.000000 0.000000 0.000000 
2468615030079 0.000000 0.000000 0.000000 
2468634897022 0.000000 0.000000 0.000000 
2468654763965 0.000000 0.000000 0.000000 
2468674661426 0.000000 0.000000 0.000000 
2468694558887 0.000000 0.000000 0.000000 
2468714425831 0.000000 0.000000 0.000000 
2468734292774 0.000000 0.000000 0.000000 
2468754159717 0.000000 0.000000 0.000000 
2468774057178 0.000000 0.000000 0.000000 
2468793924122 0.000000 0.000000 0.000000 
2468813791065 0.000000 0.000000 0.000000 
2468833658008 0.000000 0.000000 0.000000 
2468853524952 0.000000 0.000000 0.000000 
2468873422413 0.000000 0.000000 0.000000 
2468893289356 0.000000 0.000000 0.000000 
2468913156299 0.000000 0.000000 0.000000 
2468933023243 0.000000 0.000000 0.000000 
2468952951221 0.000000 0.000000 0.000000 
2468972818165 0.000000 0.000000 0.000000 
2468992685108 0.000000 0.000000 0.000000 
2469012552051 0.000000 0.000000 0.000000 
2469032418995 0.000000 0.000000 0.000000 
2469052285938 0.000000 0.000000 0.000000 
2469072183399 0.000000 0.000000 0.000000 
2469092050342 0.000000 0.000000 0.000000 
2469111917286 0.000000 0.000000 0.000000 
2469131784229 0.000000 0.000000 0.000000 
2469151651172 0.000000 0.000000 0.000000 
2469171518116 0.000000 0.000000 0.000000 
2469191385059 0.000000 0.000000 0.000000 
2469211282520 0.000000 0.000000 0.000000 
2469231179981 0.000000 0.000000 0.000000 
2469251046924 0.000000 0.000000 0.000000 
2469270913868 0.000000 0.000000 0.000000 
2469290811329 0.000000 0.000000 0.000000 
2469310678272 0.000000 0.000000 0.000000 
2469330545215 0.000000 0.000000 0.000000 
2469350412159 0.000000 0.000000 0.000000 
2469370279102 0.000000 0.000000 0.000000 
2469390176563 0.000000 0.000000 0.000000 
2469410043506 0.000000 0.000000 0.000000 
2469429910450 0.000000 0.000000 0.000000 
2469449777393 0.000000 0.000000 0.000000 
2469469674854 0.000000 0.000000 0.000000 
2469489541797 0.000000 0.000000 0.000000 
2469509408741 0.000000 0.000000 0.000000 
2469529306202 0.000000 0.000000 0.000000 
2469549173145 0.000000 0.000000 0.000000 
2469569070606 0.000000 0.000000 0.000000 
2469588937549 0.000000 0.000000 0.000000 
2469608804493 0.000000 0.000000 0.000000 
2469628671436 0.000000 0.000000 0.000000 
2469648507862 0.000000 0.000000 0.000000 
2469668405323 0.000000 0.000000 0.000000 
2469688272266 0.000000 0.000000 0.000000 
2469708139209 0.000000 0.000000 0.000000 
2469728006153 0.000000 0.000000 0.000000 
2469747873096 0.000000 0.000000 0.000000 
2469767770557 0.000000 0.000000 0.000000 
2469787637501 0.000000 0.000000 0.000000 
2469807565479 0.000000 0.000000 0.000000 
2469827432422 0.000000 0.000000 0.000000 
2469847299366 0.000000 0.000000 0.000000 
2469867196827 0.000000 0.000000 0.000000 
2469887063770 0.000000 0.000000 0.000000 
2469906930713 0.000000 0.000000 0.000000 
2469926797657 0.000000 0.000000 0.000000 
2469946664600 0.000000 0.000000 0.000000 
2469966531543 0.000000 0.000000 0.000000 
2469986429004 0.000000 0.000000 0.000000 
2470006295948 0.000000 0.000000 0.000000 
2470026162891 0.000000 0.000000 0.000000 
2470046029834 0.000000 0.000000 0.000000 
2470065896778 0.000000 0.000000 0.000000 
2470085824756 0.000000 0.000000 0.000000 
2470105691700 0.000000 0.000000 0.000000 
2470125558643 0.000000 0.000000 0.000000 
2470145425586 0.000000 0.000000 0.000000 
2470165292530 0.000000 0.000000 0.000000 
2470185159473 0.000000 0.000000 0.000000 
2470205056934 0.000000 0.000000 0.000000 
2470224923877 0.000000 0.000000 0.000000 
2470244790821 0.000000 0.000000 0.000000 
2470264657764 0.000000 0.000000 0.000000 
2470284555225 0.000000 0.000000 0.000000 
2470304422168 0.000000 0.000000 0.000000 
2470324289112 0.000000 0.000000 0.000000 
