# Created at Tue Jun 01 16:04:22 GMT+02:00 2021 in Burnaby Canada 
2464421495879 -0.005222 -0.005414 0.999961 0.004526 
2464441362822 -0.005232 -0.005408 0.999961 0.004534 
2464461229765 -0.005201 -0.005411 0.999962 0.004508 
2464481096709 -0.005188 -0.005398 0.999962 0.004498 
2464500963652 -0.005176 -0.005401 0.999962 0.004488 
2464520861113 -0.005190 -0.005388 0.999962 0.004499 
2464540728056 -0.005194 -0.005384 0.999962 0.004502 
2464560595000 -0.005197 -0.005388 0.999962 0.004505 
2464580461943 -0.005193 -0.005384 0.999962 0.004501 
2464600328887 -0.005188 -0.005388 0.999962 0.004497 
2464620195830 -0.005151 -0.005352 0.999962 0.004466 
2464640093291 -0.005158 -0.005350 0.999962 0.004472 
2464659990752 -0.005156 -0.005341 0.999962 0.004471 
2464679857695 -0.005138 -0.005340 0.999963 0.004456 
2464699724639 -0.005130 -0.005364 0.999963 0.004449 
2464719591582 -0.005138 -0.005385 0.999962 0.004455 
2464739458525 -0.005129 -0.005406 0.999962 0.004448 
2464759325469 -0.005146 -0.005425 0.999962 0.004462 
2464779222930 -0.005177 -0.005419 0.999962 0.004489 
2464799089873 -0.005191 -0.005405 0.999962 0.004500 
2464818956816 -0.005195 -0.005408 0.999962 0.004504 
2464838823760 -0.005175 -0.005403 0.999962 0.004487 
2464858690703 -0.005148 -0.005431 0.999962 0.004464 
2464878557646 -0.005147 -0.005441 0.999962 0.004464 
2464898455107 -0.005122 -0.005451 0.999962 0.004443 
2464918322051 -0.005131 -0.005435 0.999962 0.004451 
2464938219512 -0.005140 -0.005428 0.999962 0.004458 
2464958086455 -0.005132 -0.005422 0.999962 0.004451 
2464977953398 -0.005116 -0.005417 0.999962 0.004438 
2464997820342 -0.005118 -0.005420 0.999962 0.004439 
2465017687285 -0.005135 -0.005390 0.999962 0.004454 
2465037584746 -0.005144 -0.005395 0.999962 0.004461 
2465057451689 -0.005144 -0.005399 0.999962 0.004461 
2465077318633 -0.005127 -0.005420 0.999962 0.004447 
2465097185576 -0.005128 -0.005415 0.999962 0.004448 
2465117052519 -0.005130 -0.005378 0.999963 0.004449 
2465136919463 -0.005130 -0.005399 0.999962 0.004449 
2465156786406 -0.005130 -0.005411 0.999962 0.004449 
2465176653349 -0.005140 -0.005382 0.999962 0.004457 
2465196550810 -0.005124 -0.005437 0.999962 0.004445 
2465216417754 -0.005158 -0.005414 0.999962 0.004472 
2465236315215 -0.005165 -0.005368 0.999962 0.004478 
2465256182158 -0.005131 -0.005367 0.999963 0.004450 
2465276049101 -0.005140 -0.005381 0.999962 0.004457 
2465295916045 -0.005148 -0.005379 0.999962 0.004464 
2465315782988 -0.005181 -0.005344 0.999962 0.004491 
2465335680449 -0.005179 -0.005376 0.999962 0.004490 
2465355547392 -0.005152 -0.005407 0.999962 0.004468 
2465375414336 -0.005168 -0.005403 0.999962 0.004481 
2465395281279 -0.005200 -0.005383 0.999962 0.004507 
2465415148222 -0.005179 -0.005396 0.999962 0.004490 
2465435015166 -0.005186 -0.005369 0.999962 0.004495 
2465454882109 -0.005183 -0.005351 0.999962 0.004493 
2465474779570 -0.005206 -0.005399 0.999962 0.004512 
2465494646514 -0.005344 -0.005599 0.999959 0.004629 
2465514543974 -0.004927 -0.005074 0.999967 0.004028 
2465534410918 -0.005220 -0.005344 0.999964 0.004034 
2465554277861 -0.005322 -0.005632 0.999962 0.003898 
2465574144805 -0.005008 -0.005244 0.999968 0.003430 
2465594011748 -0.005009 -0.005131 0.999969 0.003245 
2465613909209 -0.005361 -0.005567 0.999964 0.003362 
2465633776152 -0.005185 -0.005469 0.999967 0.003047 
2465653643096 -0.004934 -0.005056 0.999971 0.002681 
2465673510039 -0.005247 -0.005384 0.999967 0.003203 
2465693376982 -0.005321 -0.005562 0.999966 0.003089 
2465713243926 -0.004974 -0.005077 0.999970 0.003072 
2465733141387 -0.005234 -0.005308 0.999964 0.003941 
2465753008330 -0.005388 -0.005612 0.999960 0.004470 
2465772875273 -0.005013 -0.005131 0.999964 0.004550 
2465792742217 -0.005211 -0.005311 0.999960 0.005057 
2465812639678 -0.005368 -0.005631 0.999955 0.005514 
2465832506621 -0.004977 -0.005143 0.999960 0.005313 
2465852373564 -0.005199 -0.005323 0.999958 0.005374 
2465872271025 -0.005370 -0.005627 0.999955 0.005412 
2465892137969 -0.004994 -0.005113 0.999961 0.005238 
2465912004912 -0.005251 -0.005353 0.999956 0.005554 
2465931871855 -0.005363 -0.005621 0.999953 0.005755 
2465951738799 -0.005003 -0.005132 0.999959 0.005574 
2465971605742 -0.005294 -0.005486 0.999954 0.005898 
2465991503203 -0.005245 -0.005607 0.999953 0.005944 
2466011400664 -0.004957 -0.005133 0.999958 0.005799 
2466031267607 -0.005337 -0.005562 0.999951 0.006172 
2466051134551 -0.005174 -0.005488 0.999953 0.006112 
2466071001494 -0.005006 -0.005128 0.999957 0.005830 
2466090898955 -0.005369 -0.005637 0.999952 0.005980 
2466110765898 -0.005075 -0.005369 0.999957 0.005620 
2466130663359 -0.005022 -0.005148 0.999959 0.005457 
2466150469267 -0.005377 -0.005648 0.999954 0.005626 
2466170336211 -0.005029 -0.005237 0.999960 0.005248 
2466190203154 -0.005129 -0.005246 0.999959 0.005229 
2466210100615 -0.005380 -0.005661 0.999955 0.005337 
2466229967558 -0.004971 -0.005164 0.999962 0.004930 
2466249834502 -0.005202 -0.005359 0.999959 0.005032 
2466269701445 -0.005266 -0.005629 0.999958 0.005013 
2466289568389 -0.004952 -0.005115 0.999964 0.004691 
2466309465849 -0.005271 -0.005506 0.999960 0.004662 
2466329363310 -0.005218 -0.005544 0.999961 0.004361 
2466349230254 -0.004956 -0.005133 0.999967 0.003911 
2466369127715 -0.005333 -0.005620 0.999964 0.003559 
2466388994658 -0.005097 -0.005388 0.999969 0.002769 
2466408892119 -0.005055 -0.005162 0.999972 0.001960 
2466428759062 -0.005320 -0.005660 0.999969 0.001444 
2466448626006 -0.004948 -0.005209 0.999974 0.000479 
2466468492949 0.005099 0.005283 -0.999973 0.000036 
2466488359892 0.005263 0.005636 -0.999970 0.000497 
2466508226836 0.004909 0.005124 -0.999974 0.001111 
2466528093779 0.005240 0.005435 -0.999971 0.001170 
2466547991240 0.005221 0.005538 -0.999970 0.001479 
2466567858183 0.004959 0.005087 -0.999973 0.001959 
2466587725127 0.005357 0.005594 -0.999968 0.001907 
2466607592070 0.005112 0.005372 -0.999970 0.002337 
2466627459014 0.005030 0.005178 -0.999970 0.002624 
2466647325957 0.005361 0.005691 -0.999966 0.002568 
2466667253935 0.005005 0.005252 -0.999969 0.003029 
2466687120879 0.005154 0.005322 -0.999968 0.003092 
2466706987822 0.005331 0.005672 -0.999965 0.003126 
2466726854765 0.004956 0.005148 -0.999968 0.003571 
2466746752226 0.005268 0.005491 -0.999965 0.003480 
2466766619170 0.005214 0.005574 -0.999964 0.003662 
2466786486113 0.004961 0.005112 -0.999967 0.003986 
2466806353056 0.005367 0.005586 -0.999963 0.003802 
2466826220000 0.005105 0.005363 -0.999964 0.004119 
2466846086943 0.005048 0.005194 -0.999965 0.004272 
2466865984404 0.005362 0.005683 -0.999961 0.004138 
2466885851347 0.004989 0.005244 -0.999964 0.004513 
2466905718291 0.005147 0.005331 -0.999963 0.004474 
2466925585234 0.005348 0.005680 -0.999960 0.004400 
2466945482695 0.004982 0.005139 -0.999963 0.004761 
2466965380156 0.005283 0.005475 -0.999960 0.004606 
2466985247099 0.005228 0.005567 -0.999960 0.004719 
2467005114043 0.005007 0.005130 -0.999962 0.004955 
2467024980986 0.005384 0.005618 -0.999959 0.004721 
2467044847930 0.005154 0.005402 -0.999960 0.004949 
2467064714873 0.005078 0.005206 -0.999961 0.005056 
2467084612334 0.005413 0.005710 -0.999957 0.004844 
2467104479277 0.005030 0.005261 -0.999960 0.005180 
2467124346221 0.005152 0.005289 -0.999960 0.005126 
2467144213164 0.005355 0.005664 -0.999959 0.004584 
2467164080107 0.004974 0.005122 -0.999964 0.004512 
2467183947051 0.005286 0.005448 -0.999963 0.003928 
2467203844512 0.005247 0.005550 -0.999963 0.004057 
2467223711455 0.004958 0.005107 -0.999964 0.004583 
2467243608916 0.005337 0.005598 -0.999960 0.004564 
2467263475859 0.005112 0.005407 -0.999961 0.004781 
2467283373320 0.004989 0.005186 -0.999962 0.004917 
2467303240264 0.005347 0.005675 -0.999959 0.004677 
2467323107207 0.004994 0.005246 -0.999961 0.004986 
2467342974150 0.005102 0.005242 -0.999961 0.004935 
2467362841094 0.005306 0.005664 -0.999958 0.004810 
2467382738555 0.004903 0.005116 -0.999962 0.005157 
2467402605498 0.005167 0.005379 -0.999960 0.004981 
2467422472441 0.005188 0.005558 -0.999961 0.004574 
2467442339385 0.004852 0.005077 -0.999967 0.004059 
2467462206328 0.005228 0.005530 -0.999966 0.003039 
2467482073271 0.005022 0.005407 -0.999970 0.002522 
2467501970732 0.004901 0.005108 -0.999973 0.001985 
2467521868193 0.005305 0.005604 -0.999970 0.000873 
2467541735137 0.004982 0.005201 -0.999974 0.000591 
2467561602080 0.005071 0.005180 -0.999974 0.000024 
2467581469023 -0.005308 -0.005600 0.999970 0.000630 
2467601366484 -0.004891 -0.005121 0.999975 0.000737 
2467621233428 -0.005128 -0.005311 0.999972 0.001329 
2467641100371 -0.005205 -0.005558 0.999969 0.001771 
2467660967314 -0.004873 -0.005056 0.999974 0.001653 
2467680864775 -0.005243 -0.005479 0.999970 0.001450 
2467700731719 -0.005098 -0.005441 0.999972 0.000668 
2467720598662 0.004915 0.005065 -0.999975 0.000308 
2467740465605 0.005301 0.005577 -0.999970 0.000782 
2467760332549 0.005008 0.005290 -0.999972 0.001522 
2467780199492 0.004981 0.005160 -0.999972 0.002024 
2467800127471 0.005275 0.005644 -0.999968 0.002248 
2467819994414 0.004890 0.005184 -0.999970 0.002966 
2467839861357 0.005079 0.005310 -0.999968 0.003215 
2467859728301 0.005231 0.005593 -0.999967 0.002843 
2467879595244 0.004873 0.005088 -0.999971 0.002881 
2467899492705 0.005238 0.005474 -0.999969 0.001959 
2467919359648 0.005181 0.005479 -0.999971 0.001407 
2467939226592 0.004950 0.005102 -0.999974 0.001037 
2467959124053 0.005340 0.005605 -0.999970 0.000215 
2467978990996 -0.005025 -0.005303 0.999973 0.000024 
2467998857939 -0.005036 -0.005176 0.999974 0.000484 
2468018724883 -0.005342 -0.005661 0.999969 0.001141 
2468038591826 -0.004922 -0.005162 0.999974 0.001213 
2468058489287 -0.005166 -0.005342 0.999971 0.001767 
2468078356230 -0.005257 -0.005587 0.999968 0.002179 
2468098253691 -0.004954 -0.005091 0.999973 0.002058 
2468118120635 -0.005326 -0.005532 0.999970 0.001401 
2468137987578 -0.005131 -0.005424 0.999972 0.000370 
2468157885039 0.004971 0.005147 -0.999974 0.000579 
2468177751982 0.005347 0.005663 -0.999969 0.000837 
2468197618926 0.004991 0.005261 -0.999972 0.001624 
2468217485869 0.005091 0.005266 -0.999971 0.002021 
2468237383330 0.005304 0.005662 -0.999967 0.002299 
2468257250273 0.004915 0.005116 -0.999970 0.003003 
2468277117217 0.005228 0.005421 -0.999967 0.003140 
2468296984160 0.005201 0.005527 -0.999965 0.003516 
2468316851103 0.004940 0.005092 -0.999967 0.003844 
2468336748564 0.005348 0.005600 -0.999963 0.003643 
2468356615508 0.005084 0.005323 -0.999968 0.003123 
2468376512969 0.005065 0.005162 -0.999970 0.002671 
2468396379912 0.005390 0.005625 -0.999968 0.001988 
2468416277373 0.005018 0.005146 -0.999972 0.001881 
2468436144316 0.005228 0.005319 -0.999971 0.001344 
2468456011260 0.005338 0.005592 -0.999970 0.000909 
2468475878203 0.004981 0.005078 -0.999974 0.000864 
2468495745146 0.005330 0.005497 -0.999971 0.000284 
2468515642607 0.005199 0.005460 -0.999972 0.000098 
2468535509551 -0.004998 -0.005134 0.999974 0.000016 
2468555398731 -0.005425 -0.005653 0.999968 0.001867 
2468575265674 -0.005101 -0.005340 0.999971 0.001768 
2468595132618 -0.005164 -0.005283 0.999970 0.002170 
2468615030079 -0.005438 -0.005696 0.999965 0.002717 
2468634897022 -0.005026 -0.005202 0.999970 0.002700 
2468654763965 -0.005279 -0.005427 0.999966 0.003187 
2468674661426 -0.005379 -0.005657 0.999963 0.003531 
2468694558887 -0.005051 -0.005163 0.999968 0.003518 
2468714425831 -0.005438 -0.005592 0.999962 0.003849 
2468734292774 -0.005292 -0.005508 0.999964 0.003758 
2468754159717 -0.005108 -0.005187 0.999967 0.003634 
2468774057178 -0.005472 -0.005684 0.999961 0.003945 
2468793924122 -0.005137 -0.005394 0.999965 0.003699 
2468813791065 -0.005130 -0.005261 0.999966 0.003710 
2468833658008 -0.005428 -0.005715 0.999961 0.003967 
2468853524952 -0.005025 -0.005231 0.999967 0.003664 
2468873422413 -0.005285 -0.005421 0.999964 0.003885 
2468893289356 -0.005342 -0.005645 0.999962 0.003947 
2468913156299 -0.004990 -0.005185 0.999967 0.003681 
2468933023243 -0.005357 -0.005637 0.999962 0.003986 
2468952951221 -0.005139 -0.005517 0.999965 0.003614 
2468972818165 -0.005015 -0.005271 0.999968 0.003326 
2468992685108 -0.005392 -0.005780 0.999963 0.003453 
2469012552051 -0.005025 -0.005319 0.999969 0.002997 
2469032418995 -0.005197 -0.005407 0.999969 0.002560 
2469052285938 -0.005379 -0.005702 0.999967 0.001960 
2469072183399 -0.005014 -0.005170 0.999974 0.000972 
2469092050342 -0.005371 -0.005585 0.999970 0.000607 
2469111917286 0.005241 0.005546 -0.999971 0.000101 
2469131784229 0.005074 0.005202 -0.999973 0.000805 
2469151651172 0.005441 0.005744 -0.999968 0.001044 
2469171518116 0.005079 0.005395 -0.999971 0.001828 
2469191385059 0.005121 0.005357 -0.999970 0.002258 
2469211282520 0.005356 0.005778 -0.999966 0.002504 
2469231179981 0.004930 0.005265 -0.999969 0.003245 
2469251046924 0.005249 0.005575 -0.999965 0.003368 
2469270913868 0.005170 0.005637 -0.999964 0.003780 
2469290811329 0.004934 0.005220 -0.999965 0.004294 
2469310678272 0.005349 0.005729 -0.999960 0.004270 
2469330545215 0.005004 0.005430 -0.999961 0.004826 
2469350412159 0.005051 0.005372 -0.999960 0.005050 
2469370279102 0.005330 0.005785 -0.999956 0.005070 
2469390176563 0.004949 0.005255 -0.999958 0.005600 
2469410043506 0.005216 0.005508 -0.999956 0.005601 
2469429910450 0.005221 0.005657 -0.999954 0.005792 
2469449777393 0.004954 0.005227 -0.999959 0.005540 
2469469674854 0.005353 0.005747 -0.999958 0.004775 
2469489541797 0.005070 0.005494 -0.999962 0.004585 
2469509408741 0.005051 0.005347 -0.999964 0.004214 
2469529306202 0.005342 0.005782 -0.999962 0.003624 
2469549173145 0.004921 0.005273 -0.999967 0.003628 
2469569070606 0.005236 0.005571 -0.999966 0.003069 
2469588937549 0.005218 0.005654 -0.999966 0.002805 
2469608804493 0.004974 0.005233 -0.999970 0.002744 
2469628671436 0.005382 0.005760 -0.999967 0.002190 
2469648507862 0.005096 0.005499 -0.999969 0.002215 
2469668405323 0.005090 0.005351 -0.999971 0.002023 
2469688272266 0.005395 0.005834 -0.999967 0.001601 
2469708139209 0.004996 0.005349 -0.999972 0.001759 
2469728006153 0.005289 0.005564 -0.999970 0.001159 
2469747873096 0.005337 0.005720 -0.999969 0.000566 
2469767770557 0.005062 0.005269 -0.999973 0.000268 
2469787637501 -0.005449 -0.005764 0.999968 0.000525 
2469807565479 -0.005160 -0.005526 0.999971 0.000750 
2469827432422 -0.005111 -0.005366 0.999972 0.001135 
2469847299366 -0.005418 -0.005829 0.999967 0.001567 
2469867196827 -0.005017 -0.005335 0.999972 0.001632 
2469887063770 -0.005286 -0.005583 0.999968 0.002204 
2469906930713 -0.005285 -0.005720 0.999966 0.002538 
2469926797657 -0.005029 -0.005270 0.999970 0.002645 
2469946664600 -0.005420 -0.005781 0.999963 0.003249 
2469966531543 -0.005141 -0.005558 0.999966 0.003300 
2469986429004 -0.005101 -0.005388 0.999966 0.003522 
2470006295948 -0.005389 -0.005648 0.999962 0.003990 
2470026162891 -0.005158 -0.005488 0.999964 0.004028 
2470046029834 -0.005107 -0.005410 0.999964 0.004195 
2470065896778 -0.005321 -0.005588 0.999960 0.004560 
2470085824756 -0.005429 -0.005794 0.999961 0.003979 
2470105691700 -0.005114 -0.005496 0.999967 0.003106 
2470125558643 -0.005099 -0.005372 0.999972 0.001461 
2470145425586 -0.005414 -0.005895 0.999968 0.000823 
2470165292530 0.005077 0.005554 -0.999972 0.000275 
2470185159473 0.005060 0.005448 -0.999972 0.001065 
2470205056934 0.005369 0.005943 -0.999967 0.001543 
2470224923877 0.005018 0.005530 -0.999969 0.002493 
2470244790821 0.005145 0.005541 -0.999967 0.003020 
2470264657764 0.005157 0.005649 -0.999964 0.003595 
2470284555225 0.005143 0.005650 -0.999963 0.003941 
2470304422168 0.005163 0.005634 -0.999962 0.004237 
2470324289112 0.005164 0.005634 -0.999961 0.004528 
