# Created at Tue Jun 01 16:18:29 GMT+02:00 2021 in Burnaby Canada 
3311834359295 -0.006167 -0.005699 0.999964 0.001008 
3311854226239 -0.006210 -0.005699 0.999964 0.001038 
3311874093182 -0.006226 -0.005691 0.999964 0.001049 
3311893990643 -0.006240 -0.005716 0.999964 0.001060 
3311913857586 -0.006221 -0.005723 0.999964 0.001046 
3311933724530 -0.006203 -0.005729 0.999964 0.001033 
3311953591473 -0.006202 -0.005735 0.999964 0.001033 
3311973458416 -0.006210 -0.005716 0.999964 0.001039 
3311993325360 -0.006193 -0.005756 0.999964 0.001026 
3312013192303 -0.006209 -0.005760 0.999964 0.001038 
3312033059246 -0.006192 -0.005772 0.999964 0.001026 
3312052926190 -0.006192 -0.005750 0.999964 0.001026 
3312072793133 -0.006200 -0.005763 0.999964 0.001032 
3312092690594 -0.006184 -0.005775 0.999964 0.001020 
3312112557537 -0.006177 -0.005778 0.999964 0.001015 
3312132424481 -0.006162 -0.005781 0.999964 0.001004 
3312152321942 -0.006172 -0.005783 0.999964 0.001012 
3312172188885 -0.006174 -0.005794 0.999964 0.001013 
3312192086346 -0.006175 -0.005796 0.999964 0.001014 
3312211953289 -0.006177 -0.005797 0.999964 0.001015 
3312231820233 -0.006186 -0.005815 0.999963 0.001022 
3312251717694 -0.006146 -0.005832 0.999964 0.000993 
3312271554119 -0.006158 -0.005831 0.999964 0.001002 
3312291451580 -0.006144 -0.005806 0.999964 0.000992 
3312311318524 -0.006131 -0.005806 0.999964 0.000982 
3312331185467 -0.006136 -0.005808 0.999964 0.000986 
3312351052410 -0.006148 -0.005793 0.999964 0.000995 
3312370919354 -0.006158 -0.005793 0.999964 0.001002 
3312390786297 -0.006153 -0.005787 0.999964 0.000998 
3312410653241 -0.006164 -0.005789 0.999964 0.001006 
3312430550701 -0.006166 -0.005807 0.999964 0.001007 
3312450417645 -0.006160 -0.005816 0.999964 0.001003 
3312470315106 -0.006154 -0.005816 0.999964 0.000999 
3312490182049 -0.006157 -0.005817 0.999964 0.001001 
3312510048992 -0.006143 -0.005857 0.999963 0.000991 
3312529915936 -0.006163 -0.005846 0.999963 0.001006 
3312549782879 -0.006149 -0.005861 0.999963 0.000995 
3312569680340 -0.006159 -0.005841 0.999963 0.001003 
3312589547283 -0.006170 -0.005831 0.999963 0.001010 
3312609414227 -0.006188 -0.005830 0.999963 0.001023 
3312629281170 -0.006172 -0.005846 0.999963 0.001012 
3312649148114 -0.006198 -0.005844 0.999963 0.001031 
3312669015057 -0.006206 -0.005810 0.999963 0.001036 
3312688882000 -0.006222 -0.005826 0.999963 0.001047 
3312708779461 -0.006228 -0.005826 0.999963 0.001052 
3312728646405 -0.006243 -0.005842 0.999963 0.001063 
3312748543866 -0.006264 -0.005864 0.999963 0.001078 
3312768410809 -0.006284 -0.005886 0.999962 0.001092 
3312788277752 -0.006254 -0.005889 0.999963 0.001071 
3312808144696 -0.006234 -0.005893 0.999963 0.001057 
3312828011639 -0.006224 -0.005905 0.999963 0.001050 
3312847878582 -0.006238 -0.005907 0.999963 0.001060 
3312867776043 -0.006228 -0.005894 0.999963 0.001052 
3312887642987 -0.006227 -0.005882 0.999963 0.001051 
3312907509930 -0.006209 -0.005854 0.999963 0.001039 
3312927376873 -0.006224 -0.005884 0.999963 0.001050 
3312947243817 -0.006149 -0.005847 0.999964 0.000996 
3312967110760 -0.006214 -0.005841 0.999963 0.001042 
3312986977703 -0.006285 -0.005814 0.999963 0.001093 
3313006875164 -0.006231 -0.005864 0.999963 0.001054 
3313026742108 -0.006190 -0.005904 0.999963 0.001025 
3313046639569 -0.006149 -0.005857 0.999963 0.000996 
3313066506512 -0.006223 -0.005827 0.999963 0.001048 
3313086373455 -0.006286 -0.005801 0.999963 0.001093 
3313106240399 -0.006207 -0.005860 0.999963 0.001037 
3313126107342 -0.006170 -0.005845 0.999963 0.001010 
3313145974285 -0.006172 -0.005770 0.999964 0.001011 
3313165841229 -0.006246 -0.005781 0.999963 0.001065 
3313185738690 -0.006212 -0.005834 0.999963 0.001040 
3313205605633 -0.006157 -0.005861 0.999963 0.001002 
3313225472576 -0.006150 -0.005800 0.999964 0.000996 
3313245339520 -0.006244 -0.005801 0.999963 0.001063 
3313265206463 -0.006184 -0.005844 0.999963 0.001021 
3313285073407 -0.006156 -0.005862 0.999963 0.001001 
3313304940350 -0.006126 -0.005794 0.999964 0.000979 
3313324837811 -0.006236 -0.005811 0.999963 0.001057 
3313344704754 -0.006192 -0.005844 0.999963 0.001027 
3313364602215 -0.006155 -0.005821 0.999964 0.001000 
3313384469158 -0.006193 -0.005774 0.999964 0.001026 
3313404336102 -0.006247 -0.005782 0.999963 0.001064 
3313424203045 -0.006194 -0.005833 0.999963 0.001026 
3313444069989 -0.006178 -0.005808 0.999964 0.001013 
3313463967449 -0.006237 -0.005801 0.999963 0.001055 
3313483834393 -0.006260 -0.005811 0.999963 0.001072 
3313503701336 -0.006208 -0.005829 0.999963 0.001034 
3313523568280 -0.006181 -0.005762 0.999964 0.001015 
3313543435223 -0.006281 -0.005766 0.999963 0.001087 
3313563302166 -0.006244 -0.005795 0.999963 0.001060 
3313583169110 -0.006195 -0.005817 0.999963 0.001025 
3313603036053 -0.006205 -0.005761 0.999964 0.001032 
3313622964032 -0.006292 -0.005787 0.999963 0.001092 
3313642830975 -0.006236 -0.005830 0.999963 0.001051 
3313662697918 -0.006168 -0.005804 0.999964 0.000996 
3313682564862 -0.006277 -0.005773 0.999963 0.001065 
3313702431805 -0.006240 -0.005786 0.999963 0.001030 
3313722298748 -0.006175 -0.005759 0.999964 0.000978 
3313742165692 -0.006248 -0.005770 0.999963 0.001026 
3313762063153 -0.006188 -0.005822 0.999963 0.000978 
3313781930096 -0.006115 -0.005799 0.999964 0.000920 
3313801797039 -0.006211 -0.005775 0.999964 0.000983 
3313821663983 -0.006195 -0.005804 0.999964 0.000965 
3313841530926 -0.006148 -0.005840 0.999964 0.000925 
3313861397869 -0.006151 -0.005773 0.999964 0.000919 
3313881264813 -0.006243 -0.005775 0.999963 0.000978 
3313901192791 -0.006174 -0.005844 0.999963 0.000921 
3313921059735 -0.006143 -0.005851 0.999964 0.000890 
3313940926678 -0.006228 -0.005832 0.999963 0.000941 
3313960793621 -0.006219 -0.005848 0.999963 0.000924 
3313980660565 -0.006186 -0.005889 0.999963 0.000891 
3314000527508 -0.006146 -0.005803 0.999964 0.000850 
3314020424969 -0.006246 -0.005795 0.999963 0.000909 
3314040291912 -0.006194 -0.005837 0.999963 0.000859 
3314060158856 -0.006161 -0.005836 0.999964 0.000821 
3314080025799 -0.006253 -0.005827 0.999963 0.000872 
3314099892742 -0.006218 -0.005820 0.999963 0.000824 
3314119759686 -0.006186 -0.005839 0.999964 0.000778 
3314139626629 -0.006180 -0.005758 0.999964 0.000748 
3314159524090 -0.006228 -0.005768 0.999964 0.000755 
3314179421551 -0.006177 -0.005838 0.999964 0.000690 
3314199288494 -0.006135 -0.005803 0.999964 0.000630 
3314219155438 -0.006215 -0.005806 0.999964 0.000654 
3314239022381 -0.006199 -0.005817 0.999964 0.000607 
3314258889324 -0.006153 -0.005862 0.999964 0.000537 
3314278756268 -0.006157 -0.005804 0.999964 0.000499 
3314298623211 -0.006206 -0.005828 0.999964 0.000492 
3314318490155 -0.006131 -0.005853 0.999964 0.000394 
3314338387616 -0.006093 -0.005809 0.999965 0.000331 
3314358254559 -0.006168 -0.005797 0.999964 0.000347 
3314378121502 -0.006114 -0.005800 0.999964 0.000269 
3314397988446 -0.006105 -0.005797 0.999965 0.000221 
3314417855389 -0.006145 -0.005743 0.999965 0.000204 
3314437722332 -0.006156 -0.005764 0.999964 0.000218 
3314457589276 -0.006119 -0.005794 0.999964 0.000199 
3314477517254 -0.006092 -0.005716 0.999965 0.000186 
3314497384198 -0.006174 -0.005707 0.999965 0.000251 
3314517251141 -0.006111 -0.005765 0.999965 0.000214 
3314537118084 -0.006077 -0.005738 0.999965 0.000198 
3314556985028 -0.006143 -0.005696 0.999965 0.000245 
3314576851971 -0.006132 -0.005707 0.999965 0.000238 
3314596718914 -0.006099 -0.005743 0.999965 0.000214 
3314616585858 -0.006083 -0.005653 0.999965 0.000202 
3314636483319 -0.006147 -0.005630 0.999965 0.000248 
3314656319744 -0.006078 -0.005661 0.999965 0.000198 
3314676217205 -0.006036 -0.005632 0.999966 0.000168 
3314696084149 -0.006132 -0.005631 0.999965 0.000237 
3314715951092 -0.006131 -0.005663 0.999965 0.000236 
3314735818035 -0.006090 -0.005645 0.999965 0.000207 
3314755715496 -0.006116 -0.005603 0.999966 0.000225 
3314775582440 -0.006162 -0.005593 0.999965 0.000258 
3314795479901 -0.006092 -0.005626 0.999966 0.000208 
3314815346844 -0.006042 -0.005583 0.999966 0.000172 
3314835213787 -0.006146 -0.005578 0.999966 0.000247 
3314855050213 -0.006103 -0.005621 0.999966 0.000216 
3314874917157 -0.006063 -0.005606 0.999966 0.000187 
3314894784100 -0.006147 -0.005589 0.999965 0.000247 
3314914681561 -0.006153 -0.005583 0.999965 0.000252 
3314934548504 -0.006094 -0.005619 0.999966 0.000209 
3314954415448 -0.006078 -0.005529 0.999966 0.000198 
3314974282391 -0.006186 -0.005508 0.999966 0.000275 
3314994149334 -0.006123 -0.005540 0.999966 0.000230 
3315014046795 -0.006071 -0.005528 0.999966 0.000192 
3315033913739 -0.006148 -0.005534 0.999966 0.000248 
3315053811199 -0.006122 -0.005548 0.999966 0.000229 
3315073678143 -0.006091 -0.005572 0.999966 0.000207 
3315093575604 -0.006067 -0.005492 0.999967 0.000189 
3315113442547 -0.006167 -0.005516 0.999966 0.000261 
3315133309491 -0.006105 -0.005579 0.999966 0.000217 
3315153176434 -0.006082 -0.005558 0.999966 0.000200 
3315173043377 -0.006148 -0.005528 0.999966 0.000248 
3315192910321 -0.006129 -0.005559 0.999966 0.000234 
3315212777264 -0.006089 -0.005548 0.999966 0.000205 
3315232644207 -0.006091 -0.005480 0.999966 0.000206 
3315252541668 -0.006164 -0.005487 0.999966 0.000259 
3315272408612 -0.006110 -0.005528 0.999966 0.000220 
3315292275555 -0.006088 -0.005536 0.999966 0.000204 
3315312142498 -0.006100 -0.005461 0.999966 0.000212 
3315332039959 -0.006121 -0.005452 0.999966 0.000228 
3315351906903 -0.006087 -0.005504 0.999966 0.000204 
3315371773846 -0.006078 -0.005460 0.999967 0.000197 
3315391671307 -0.006172 -0.005455 0.999966 0.000265 
3315411538250 -0.006120 -0.005508 0.999966 0.000227 
3315431405194 -0.006113 -0.005509 0.999966 0.000222 
3315451272137 -0.006130 -0.005467 0.999966 0.000234 
3315471139080 -0.006167 -0.005483 0.999966 0.000261 
3315491006024 -0.006105 -0.005508 0.999966 0.000217 
3315510903485 -0.006088 -0.005473 0.999966 0.000204 
3315530770428 -0.006172 -0.005492 0.999966 0.000265 
3315550637371 -0.006102 -0.005533 0.999966 0.000215 
3315570504315 -0.006063 -0.005515 0.999966 0.000186 
3315590371258 -0.006139 -0.005496 0.999966 0.000241 
3315610268719 -0.006129 -0.005521 0.999966 0.000234 
3315630135662 -0.006104 -0.005528 0.999966 0.000216 
3315650002606 -0.006062 -0.005460 0.999967 0.000186 
3315669900067 -0.006115 -0.005454 0.999966 0.000223 
3315689767010 -0.006065 -0.005530 0.999966 0.000188 
3315709633953 -0.006034 -0.005470 0.999967 0.000166 
3315729500897 -0.006105 -0.005463 0.999966 0.000216 
3315749367840 -0.006073 -0.005499 0.999966 0.000194 
3315769234783 -0.006029 -0.005509 0.999967 0.000162 
3315789101727 -0.006019 -0.005468 0.999967 0.000154 
3315808968670 -0.006071 -0.005499 0.999966 0.000192 
3315828866131 -0.006023 -0.005539 0.999967 0.000158 
3315848733074 -0.006011 -0.005502 0.999967 0.000149 
3315868600018 -0.006108 -0.005518 0.999966 0.000219 
3315888466961 -0.006076 -0.005549 0.999966 0.000196 
3315908364422 -0.006048 -0.005581 0.999966 0.000176 
3315928231366 -0.006060 -0.005551 0.999966 0.000185 
3315948098309 -0.006118 -0.005536 0.999966 0.000226 
3315967995770 -0.006092 -0.005573 0.999966 0.000208 
3315987832196 -0.006049 -0.005541 0.999966 0.000177 
3316007729657 -0.006146 -0.005564 0.999966 0.000246 
3316027596600 -0.006127 -0.005600 0.999966 0.000233 
3316047463543 -0.006094 -0.005595 0.999966 0.000210 
3316067330487 -0.006176 -0.005553 0.999965 0.000268 
3316087197430 -0.006172 -0.005566 0.999965 0.000265 
3316107064373 -0.006143 -0.005586 0.999965 0.000245 
3316126931317 -0.006108 -0.005498 0.999966 0.000219 
3316146828778 -0.006190 -0.005505 0.999966 0.000277 
3316166695721 -0.006135 -0.005529 0.999966 0.000238 
3316186593182 -0.006075 -0.005526 0.999966 0.000195 
3316206460125 -0.006184 -0.005515 0.999966 0.000273 
3316226327069 -0.006138 -0.005564 0.999966 0.000241 
3316246194012 -0.006106 -0.005569 0.999966 0.000218 
3316266091473 -0.006122 -0.005523 0.999966 0.000229 
3316285958416 -0.006144 -0.005527 0.999966 0.000245 
3316305825360 -0.006101 -0.005558 0.999966 0.000214 
3316325692303 -0.006068 -0.005489 0.999967 0.000190 
3316345559246 -0.006153 -0.005513 0.999966 0.000251 
3316365426190 -0.006108 -0.005568 0.999966 0.000219 
3316385293133 -0.006057 -0.005538 0.999966 0.000183 
3316405190594 -0.006160 -0.005535 0.999966 0.000256 
3316425057537 -0.006124 -0.005532 0.999966 0.000230 
3316444924481 -0.006084 -0.005581 0.999966 0.000202 
3316464791424 -0.006111 -0.005551 0.999966 0.000221 
3316484688885 -0.006173 -0.005568 0.999965 0.000266 
3316504555828 -0.006135 -0.005620 0.999965 0.000239 
3316524453289 -0.006090 -0.005577 0.999966 0.000206 
3316544320233 -0.006190 -0.005579 0.999965 0.000278 
3316564187176 -0.006176 -0.005638 0.999965 0.000268 
3316584054119 -0.006131 -0.005646 0.999965 0.000236 
3316603921063 -0.006177 -0.005569 0.999965 0.000269 
3316623788006 -0.006179 -0.005594 0.999965 0.000270 
3316643685467 -0.006133 -0.005620 0.999965 0.000237 
3316663552410 -0.006106 -0.005579 0.999966 0.000218 
3316683419354 -0.006202 -0.005595 0.999965 0.000287 
3316703286297 -0.006153 -0.005628 0.999965 0.000252 
3316723153241 -0.006115 -0.005617 0.999965 0.000225 
3316743020184 -0.006204 -0.005615 0.999965 0.000288 
3316762948162 -0.006148 -0.005664 0.999965 0.000248 
3316782815106 -0.006113 -0.005662 0.999965 0.000224 
3316802682049 -0.006113 -0.005585 0.999966 0.000223 
3316822548992 -0.006157 -0.005591 0.999965 0.000254 
3316842415936 -0.006119 -0.005640 0.999965 0.000228 
3316862282879 -0.006084 -0.005604 0.999966 0.000202 
3316882180340 -0.006182 -0.005603 0.999965 0.000273 
3316902047283 -0.006118 -0.005676 0.999965 0.000227 
3316921914227 -0.006116 -0.005695 0.999965 0.000226 
3316941781170 -0.006179 -0.005695 0.999965 0.000271 
3316961648114 -0.006181 -0.005722 0.999964 0.000273 
3316981515057 -0.006161 -0.005716 0.999965 0.000258 
3317001412518 -0.006166 -0.005668 0.999965 0.000261 
3317021279461 -0.006207 -0.005661 0.999965 0.000291 
3317041176922 -0.006149 -0.005721 0.999965 0.000250 
3317061043866 -0.006112 -0.005664 0.999965 0.000222 
3317080910809 -0.006168 -0.005644 0.999965 0.000263 
3317100777752 -0.006081 -0.005731 0.999965 0.000201 
3317120644696 -0.006048 -0.005704 0.999965 0.000176 
3317140511639 -0.006133 -0.005698 0.999965 0.000238 
3317160409100 -0.006082 -0.005692 0.999965 0.000201 
3317180276043 -0.006051 -0.005695 0.999965 0.000179 
3317200142987 -0.006166 -0.005670 0.999965 0.000261 
3317220009930 -0.006161 -0.005690 0.999965 0.000258 
3317239876873 -0.006143 -0.005711 0.999965 0.000245 
3317259774334 -0.006181 -0.005639 0.999965 0.000272 
3317279641278 -0.006213 -0.005657 0.999965 0.000295 
3317299508221 -0.006171 -0.005693 0.999965 0.000265 
3317319375164 -0.006138 -0.005652 0.999965 0.000242 
3317339272625 -0.006235 -0.005650 0.999965 0.000311 
3317359139569 -0.006176 -0.005712 0.999965 0.000269 
3317379006512 -0.006138 -0.005688 0.999965 0.000241 
3317398903973 -0.006240 -0.005681 0.999964 0.000315 
3317418770916 -0.006222 -0.005700 0.999964 0.000302 
3317438637860 -0.006166 -0.005711 0.999965 0.000261 
3317458504803 -0.006233 -0.005686 0.999964 0.000310 
3317478371746 -0.006263 -0.005703 0.999964 0.000332 
3317498238690 -0.006236 -0.005722 0.999964 0.000312 
3317518136151 -0.006186 -0.005682 0.999965 0.000276 
3317538003094 -0.006242 -0.005697 0.999964 0.000316 
3317557870037 -0.006181 -0.005754 0.999964 0.000273 
3317577736981 -0.006165 -0.005678 0.999965 0.000261 
3317597603924 -0.006257 -0.005663 0.999964 0.000327 
3317617501385 -0.006213 -0.005691 0.999964 0.000296 
3317637398846 -0.006180 -0.005717 0.999965 0.000272 
3317657265789 -0.006121 -0.005674 0.999965 0.000229 
3317677132733 -0.006217 -0.005660 0.999965 0.000299 
3317696999676 -0.006184 -0.005721 0.999964 0.000275 
3317716866619 -0.006163 -0.005714 0.999965 0.000260 
3317736733563 -0.006198 -0.005689 0.999965 0.000285 
3317756600506 -0.006213 -0.005673 0.999965 0.000295 
3317776497967 -0.006180 -0.005709 0.999965 0.000272 
3317796364910 -0.006174 -0.005653 0.999965 0.000267 
3317816231854 -0.006240 -0.005638 0.999965 0.000314 
3317836098797 -0.006196 -0.005675 0.999965 0.000283 
3317855965741 -0.006198 -0.005639 0.999965 0.000285 
3317875832684 -0.006222 -0.005658 0.999965 0.000301 
3317895730145 -0.006212 -0.005679 0.999965 0.000295 
3317915627606 -0.006196 -0.005665 0.999965 0.000283 
3317935494549 -0.006196 -0.005660 0.999965 0.000283 
3317955361492 -0.006189 -0.005647 0.999965 0.000278 
3317975228436 -0.006182 -0.005636 0.999965 0.000273 
3317995095379 -0.006167 -0.005641 0.999965 0.000262 
3318014992840 -0.006138 -0.005647 0.999965 0.000241 
3318034859783 -0.006159 -0.005652 0.999965 0.000257 
3318054726727 -0.006171 -0.005648 0.999965 0.000265 
3318074593670 -0.006199 -0.005661 0.999965 0.000285 
3318094460614 -0.006192 -0.005657 0.999965 0.000280 
3318114327557 -0.006177 -0.005662 0.999965 0.000269 
