1823998447614 -0.001282 -0.001816 -0.001083  
1824018284040 -0.000046 -0.000580 -0.001083  
1824038120466 -0.000046 0.001862 -0.001083  
1824057926374 -0.000046 -0.000580 -0.001083  
1824077762800 0.001160 -0.003021 0.000137  
1824097568708 -0.001282 0.001862 -0.003540  
1824117374616 -0.001282 -0.000580 -0.001083  
1824137211042 -0.002502 -0.001816 -0.001083  
1824157016950 -0.000046 0.000641 -0.001083  
1824176822858 0.001160 -0.000580 -0.001083  
1824196659284 -0.000046 -0.001816 -0.001083  
1824216465192 0.001160 -0.000580 -0.001083  
1824236271101 -0.000046 -0.000580 -0.001083  
1824256107526 -0.000046 -0.000580 -0.001083  
1824275913435 -0.000046 0.000641 -0.001083  
1824295749860 0.001160 0.000641 -0.001083  
1824315586286 -0.000046 -0.000580 -0.001083  
1824335392194 0.001160 -0.001816 -0.001083  
1824355198102 -0.000046 -0.000580 -0.002304  
1824375034528 -0.000046 0.000641 -0.001083  
1824394840436 0.001160 -0.000580 -0.001083  
1824414646345 -0.000046 -0.000580 -0.001083  
1824434482770 -0.002502 0.000641 0.000137  
1824454288679 -0.000046 0.000641 -0.001083  
1824474094587 0.001160 -0.001816 0.000137  
1824493931013 -0.001282 -0.000580 0.000137  
1824513736921 0.002396 -0.003021 -0.001083  
1824533542829 -0.002502 0.003098 -0.003540  
1824553379255 -0.000046 -0.000580 0.001358  
1824573185163 -0.001282 -0.000580 -0.002304  
1824593021589 -0.002502 0.003098 -0.002304  
1824612858015 0.001160 -0.003021 0.001358  
1824632663923 -0.001282 -0.000580 -0.002304  
1824652469831 -0.002502 0.005539 -0.003540  
1824672306257 -0.000046 0.001862 0.000137  
1824692112165 0.003601 -0.004257 0.002579  
1824711948591 0.001160 -0.005463 -0.001083  
1824731754499 -0.001282 -0.000580 -0.003540  
1824751560407 -0.002502 0.001862 -0.004745  
1824771396833 -0.002502 0.005539 -0.003540  
1824791202741 0.001160 -0.001816 0.000137  
1824811008649 -0.000046 -0.000580 -0.002304  
1824830845075 -0.000046 0.000641 -0.001083  
1824850650983 -0.000046 -0.004257 0.000137  
1824870487409 -0.002502 0.003098 -0.003540  
1824890323835 -0.002502 0.005539 -0.002304  
1824910129743 -0.001282 0.006744 -0.002304  
1824929935651 -0.002502 0.005539 -0.003540  
1824949772077 -0.004944 0.004303 -0.004745  
1824969577985 -0.001282 0.001862 -0.003540  
1824989383893 0.002396 -0.005463 0.001358  
1825009220319 0.002396 -0.006699 0.002579  
1825029026227 0.003601 -0.004257 0.002579  
1825048832136 0.001160 -0.005463 0.000137  
1825068668561 -0.000046 -0.004257 -0.001083  
1825088474470 0.001160 -0.006699 0.001358  
1825108280378 0.002396 -0.004257 0.002579  
1825128116804 -0.000046 0.001862 -0.001083  
1825147953229 -0.002502 0.005539 -0.003540  
1825167759138 -0.002502 0.001862 -0.003540  
1825187595563 0.001160 -0.003021 0.000137  
1825207401472 0.001160 0.000641 0.000137  
1825227207380 -0.001282 0.004303 -0.003540  
1825247043806 -0.003723 0.000641 -0.002304  
1825266849714 -0.001282 -0.000580 -0.002304  
1825286655622 -0.003723 0.001862 -0.003540  
1825306492048 -0.002502 0.005539 -0.002304  
1825326297956 0.002396 0.003098 0.000137  
1825346103864 0.001160 0.003098 -0.001083  
1825365940290 -0.001282 0.005539 -0.003540  
1825385746198 -0.000046 0.005539 -0.004745  
1825405552106 -0.003723 0.005539 -0.003540  
1825425388532 -0.003723 0.005539 -0.004745  
1825445224958 -0.001282 0.006744 -0.003540  
1825465030866 -0.002502 0.005539 -0.003540  
1825484867292 -0.002502 0.005539 -0.003540  
1825504673200 -0.000046 0.005539 -0.003540  
1825524509626 -0.001282 0.004303 -0.003540  
1825544315534 0.001160 -0.003021 -0.001083  
1825564121442 0.002396 -0.001816 0.001358  
1825583957868 0.002396 -0.001816 0.001358  
1825603763776 0.002396 -0.003021 0.000137  
1825623569685 -0.000046 0.003098 -0.002304  
1825643406110 0.001160 -0.003021 0.000137  
1825663212018 -0.001282 0.003098 -0.003540  
1825683017927 -0.001282 0.005539 -0.003540  
1825702854352 -0.001282 0.003098 -0.001083  
1825722690778 0.001160 0.000641 -0.001083  
1825742496686 0.001160 -0.000580 -0.001083  
1825762333112 -0.001282 0.003098 -0.002304  
1825782139020 -0.001282 0.004303 -0.001083  
1825801944929 -0.002502 0.005539 -0.002304  
1825821781354 -0.003723 0.004303 -0.002304  
1825841587263 -0.001282 0.005539 -0.002304  
1825861393171 -0.000046 0.004303 -0.002304  
1825881229597 0.001160 0.001862 0.000137  
1825901035505 -0.000046 0.005539 -0.001083  
1825920841413 -0.000046 0.001862 -0.001083  
1825940677839 -0.000046 -0.000580 -0.001083  
1825960483747 -0.001282 0.001862 -0.002304  
1825980289655 -0.000046 0.004303 -0.001083  
