1824016361433 -0.154114 -24.113464 18.905640  
1824036228376 -0.154114 -24.113464 18.905640  
1824056095319 -0.154114 -24.113464 18.905640  
1824075992780 -0.154114 -24.113464 18.905640  
1824095859724 -0.154114 -24.113464 18.905640  
1824115726667 -0.154114 -24.113464 18.756104  
1824135593610 -0.155640 -23.960876 18.905640  
1824155460554 -0.155640 -23.960876 18.905640  
1824175327497 -0.155640 -23.960876 18.905640  
1824195194440 -0.155640 -23.960876 18.905640  
1824215061384 -0.155640 -23.960876 18.905640  
1824234958845 -0.456238 -23.959351 18.905640  
1824254825788 -0.607300 -23.808289 18.902588  
1824274692731 -0.456238 -23.809814 18.904114  
1824294590192 -0.607300 -23.808289 18.902588  
1824314457136 -0.758362 -23.808289 18.902588  
1824334324079 -0.758362 -23.808289 18.902588  
1824354191022 -0.758362 -23.808289 18.753052  
1824374088483 -0.758362 -23.808289 18.753052  
1824393955427 -0.758362 -23.808289 18.753052  
1824413822370 -0.607300 -23.808289 18.753052  
1824433689313 -0.607300 -23.808289 18.753052  
1824453556257 -0.607300 -23.808289 18.753052  
1824473423200 -0.155640 -23.960876 18.756104  
1824493320661 -0.456238 -23.959351 18.756104  
1824513187604 -0.456238 -23.809814 18.605042  
1824533054548 -0.456238 -23.959351 18.606567  
1824552921491 -0.456238 -23.959351 18.606567  
1824572818952 -0.456238 -23.959351 18.756104  
1824592685895 -0.456238 -23.959351 18.756104  
1824612552839 -0.456238 -23.959351 18.756104  
1824632450300 -0.456238 -23.959351 18.756104  
1824652317243 -0.454712 -24.111938 18.756104  
1824672184186 -0.454712 -24.111938 18.756104  
1824692051130 -0.454712 -24.111938 18.756104  
1824711918073 -0.454712 -24.111938 18.756104  
1824731785017 -0.454712 -24.111938 18.756104  
1824751682477 -0.454712 -24.111938 18.756104  
1824771549421 -0.454712 -24.111938 18.756104  
1824791416364 -0.454712 -24.111938 18.756104  
1824811283308 -0.454712 -24.111938 18.756104  
1824831150251 -0.454712 -24.111938 18.905640  
1824851017194 -0.454712 -24.111938 18.905640  
1824870945173 -0.454712 -24.111938 18.905640  
1824890812116 -0.454712 -24.111938 18.905640  
1824910679060 -0.454712 -24.111938 18.905640  
1824930546003 -0.454712 -24.111938 18.905640  
1824950412946 -0.454712 -24.111938 18.905640  
1824970279890 -0.454712 -24.111938 18.905640  
1824990177351 -0.003052 -24.113464 18.905640  
1825010044294 -0.003052 -24.113464 18.905640  
1825029911237 -0.003052 -24.113464 18.905640  
1825049778181 -0.003052 -24.113464 18.905640  
1825069645124 -0.003052 -24.113464 18.905640  
1825089542585 -0.003052 -24.113464 18.905640  
1825109409528 -0.003052 -24.113464 18.756104  
1825129276472 -0.003052 -24.113464 18.606567  
1825149173933 -0.004578 -23.960876 18.606567  
1825169040876 -0.007629 -23.509216 18.453979  
1825188907819 -0.012207 -22.309875 18.598938  
1825208805280 -0.007629 -23.211670 18.603516  
1825228672224 -0.007629 -23.211670 18.603516  
1825248539167 -0.158691 -23.211670 18.603516  
1825268406110 -0.158691 -23.211670 18.603516  
1825288273054 -0.158691 -23.211670 18.603516  
1825308170515 -0.158691 -23.211670 18.603516  
1825328037458 -0.158691 -23.211670 18.603516  
1825347904401 -0.157166 -23.510742 18.603516  
1825367771345 -0.158691 -23.211670 18.603516  
1825387638288 -0.158691 -23.211670 18.603516  
1825407505231 -0.158691 -23.211670 18.603516  
1825427402692 -0.158691 -23.211670 18.603516  
1825447300153 -0.158691 -23.211670 18.603516  
1825467167097 -0.158691 -23.211670 18.603516  
1825487034040 -0.158691 -23.509216 18.453979  
1825506900983 -0.158691 -23.509216 18.453979  
1825526767927 -0.158691 -23.509216 18.453979  
1825546665388 -0.158691 -23.660278 18.455505  
1825566532331 -0.157166 -23.661804 18.605042  
1825586399274 -0.157166 -23.661804 18.605042  
1825606266218 -0.157166 -23.661804 18.605042  
1825626133161 -0.155640 -23.960876 18.606567  
1825646000104 -0.454712 -24.111938 18.606567  
1825665897565 -0.454712 -24.411011 18.608093  
1825685764509 -0.456238 -23.959351 18.606567  
1825705631452 -0.457764 -23.957825 18.457031  
1825725528913 -0.456238 -23.959351 18.606567  
1825745395856 -0.456238 -23.959351 18.905640  
1825765262800 -0.456238 -23.960876 19.055176  
1825785160261 -0.456238 -23.960876 19.055176  
1825805027204 -0.155640 -23.812866 19.053650  
1825824894147 -0.155640 -23.812866 19.053650  
1825844761091 -0.155640 -23.812866 19.053650  
1825864628034 -0.155640 -23.812866 19.053650  
1825884494977 -0.155640 -23.812866 19.053650  
1825904392438 -0.155640 -23.812866 19.053650  
1825924259382 -0.154114 -23.814392 19.351196  
1825944126325 -0.155640 -23.811340 18.754578  
1825963993268 -0.155640 -23.811340 18.754578  
1825983860212 -0.155640 -23.811340 18.754578  
1826003757673 -0.155640 -23.811340 18.754578  
