# Created at Tue Jun 01 15:53:39 GMT+02:00 2021 in Burnaby Canada 
1822056278425 0.000000 0.000000 0.000000 
1822076084333 0.000000 0.000000 0.000000 
1822095920759 0.000000 0.000000 0.000000 
1822115726667 0.000000 0.000000 0.000000 
1822135532575 0.000000 0.000000 0.000000 
1822155369001 0.000000 0.000000 0.000000 
1822175174909 0.000000 0.000000 0.000000 
1822194980817 0.000000 0.000000 0.000000 
1822214817243 0.000000 0.000000 0.000000 
1822234623151 0.000000 0.000000 0.000000 
1822254429060 0.000000 0.000000 0.000000 
1822274265485 0.000000 0.000000 0.000000 
1822294101911 0.000000 0.000000 0.000000 
1822313907819 0.000000 0.000000 0.000000 
1822333744245 0.000000 0.000000 0.000000 
1822353550153 0.000000 0.000000 0.000000 
1822373356061 0.000000 0.000000 0.000000 
1822393192487 0.000000 0.000000 0.000000 
1822412998395 0.000000 0.000000 0.000000 
1822432804304 0.000000 0.000000 0.000000 
1822452640729 0.000000 0.000000 0.000000 
1822472446638 0.000000 0.000000 0.000000 
1822492252546 0.000000 0.000000 0.000000 
1822512088972 0.000000 0.000000 0.000000 
1822531894880 0.000000 0.000000 0.000000 
1822551700788 0.000000 0.000000 0.000000 
1822571537214 0.000000 0.000000 0.000000 
1822591373640 0.000000 0.000000 0.000000 
1822611210065 0.000000 0.000000 0.000000 
1822631015974 0.000000 0.000000 0.000000 
1822650821882 0.000000 0.000000 0.000000 
1822670658308 0.000000 0.000000 0.000000 
1822690464216 0.000000 0.000000 0.000000 
1822710270124 0.000000 0.000000 0.000000 
1822730106550 0.000000 0.000000 0.000000 
1822749912458 0.000000 0.000000 0.000000 
1822769718366 0.000000 0.000000 0.000000 
1822789554792 0.000000 0.000000 0.000000 
1822809360700 0.000000 0.000000 0.000000 
1822829166608 0.000000 0.000000 0.000000 
1822848972517 0.000000 0.000000 0.000000 
1822868808942 0.000000 0.000000 0.000000 
1822888645368 0.000000 0.000000 0.000000 
1822908481794 0.000000 0.000000 0.000000 
1822928287702 0.000000 0.000000 0.000000 
1822948093610 0.000000 0.000000 0.000000 
1822967930036 0.000000 0.000000 0.000000 
1822987735944 0.000000 0.000000 0.000000 
1823007541852 0.000000 0.000000 0.000000 
1823027378278 0.000000 0.000000 0.000000 
1823047184186 0.000000 0.000000 0.000000 
1823066990095 0.000000 0.000000 0.000000 
1823086796003 0.000000 0.000000 0.000000 
1823106632429 0.000000 0.000000 0.000000 
1823126438337 0.000000 0.000000 0.000000 
1823146274763 0.000000 0.000000 0.000000 
1823166111188 0.000000 0.000000 0.000000 
1823185917097 0.000000 0.000000 0.000000 
1823205753522 0.000000 0.000000 0.000000 
1823225559431 0.000000 0.000000 0.000000 
1823245365339 0.000000 0.000000 0.000000 
1823265201765 0.000000 0.000000 0.000000 
1823285007673 0.000000 0.000000 0.000000 
1823304813581 0.000000 0.000000 0.000000 
1823324650007 0.000000 0.000000 0.000000 
1823344455915 0.000000 0.000000 0.000000 
1823364261823 0.000000 0.000000 0.000000 
1823384098249 0.000000 0.000000 0.000000 
1823403904157 0.000000 0.000000 0.000000 
1823423710065 0.000000 0.000000 0.000000 
1823443546491 0.000000 0.000000 0.000000 
1823463382917 0.000000 0.000000 0.000000 
1823483188825 0.000000 0.000000 0.000000 
1823503025251 0.000000 0.000000 0.000000 
1823522831159 0.000000 0.000000 0.000000 
1823542637067 0.000000 0.000000 0.000000 
1823562473493 0.000000 0.000000 0.000000 
1823582279401 0.000000 0.000000 0.000000 
1823602085310 0.000000 0.000000 0.000000 
1823621921735 0.000000 0.000000 0.000000 
1823641727643 0.000000 0.000000 0.000000 
1823661533552 0.000000 0.000000 0.000000 
1823681369977 0.000000 0.000000 0.000000 
1823701175886 0.000000 0.000000 0.000000 
1823721012311 0.000000 0.000000 0.000000 
1823740848737 0.000000 0.000000 0.000000 
1823760654645 0.000000 0.000000 0.000000 
1823780491071 0.000000 0.000000 0.000000 
1823800296979 0.000000 0.000000 0.000000 
1823820102888 0.000000 0.000000 0.000000 
1823839939313 0.000000 0.000000 0.000000 
1823859745222 0.000000 0.000000 0.000000 
1823879551130 0.000000 0.000000 0.000000 
1823899387556 0.000000 0.000000 0.000000 
1823919193464 0.000000 0.000000 0.000000 
1823938999372 0.000000 0.000000 0.000000 
1823958835798 0.000000 0.000000 0.000000 
1823978641706 0.000000 0.000000 0.000000 
1823998447614 0.000000 0.000000 0.000000 
1824018284040 0.000000 0.000000 0.000000 
1824038120466 0.000000 0.000000 0.000000 
1824057926374 0.000000 0.000000 0.000000 
1824077762800 0.000000 0.000000 0.000000 
1824097568708 0.000000 0.000000 0.000000 
1824117374616 0.000000 0.000000 0.000000 
1824137211042 0.000000 0.000000 0.000000 
1824157016950 0.000000 0.000000 0.000000 
1824176822858 0.000000 0.000000 0.000000 
1824196659284 0.000000 0.000000 0.000000 
1824216465192 0.000000 0.000000 0.000000 
1824236271101 0.000000 0.000000 0.000000 
1824256107526 0.000000 0.000000 0.000000 
1824275913435 0.000000 0.000000 0.000000 
1824295749860 0.000000 0.000000 0.000000 
1824315586286 0.000000 0.000000 0.000000 
1824335392194 0.000000 0.000000 0.000000 
1824355198102 0.000000 0.000000 0.000000 
1824375034528 0.000000 0.000000 0.000000 
1824394840436 0.000000 0.000000 0.000000 
1824414646345 0.000000 0.000000 0.000000 
1824434482770 0.000000 0.000000 0.000000 
1824454288679 0.000000 0.000000 0.000000 
1824474094587 0.000000 0.000000 0.000000 
1824493931013 0.000000 0.000000 0.000000 
1824513736921 0.000000 0.000000 0.000000 
1824533542829 0.000000 0.000000 0.000000 
1824553379255 0.000000 0.000000 0.000000 
1824573185163 0.000000 0.000000 0.000000 
1824593021589 0.000000 0.000000 0.000000 
1824612858015 0.000000 0.000000 0.000000 
1824632663923 0.000000 0.000000 0.000000 
1824652469831 0.000000 0.000000 0.000000 
1824672306257 0.000000 0.000000 0.000000 
1824692112165 0.000000 0.000000 0.000000 
1824711948591 0.000000 0.000000 0.000000 
1824731754499 0.000000 0.000000 0.000000 
1824751560407 0.000000 0.000000 0.000000 
1824771396833 0.000000 0.000000 0.000000 
1824791202741 0.000000 0.000000 0.000000 
1824811008649 0.000000 0.000000 0.000000 
1824830845075 0.000000 0.000000 0.000000 
1824850650983 0.000000 0.000000 0.000000 
1824870487409 0.000000 0.000000 0.000000 
1824890323835 0.000000 0.000000 0.000000 
1824910129743 0.000000 0.000000 0.000000 
1824929935651 0.000000 0.000000 0.000000 
1824949772077 0.000000 0.000000 0.000000 
1824969577985 0.000000 0.000000 0.000000 
1824989383893 0.000000 0.000000 0.000000 
1825009220319 0.000000 0.000000 0.000000 
1825029026227 0.000000 0.000000 0.000000 
1825048832136 0.000000 0.000000 0.000000 
1825068668561 0.000000 0.000000 0.000000 
1825088474470 0.000000 0.000000 0.000000 
1825108280378 0.000000 0.000000 0.000000 
1825128116804 0.000000 0.000000 0.000000 
1825147953229 0.000000 0.000000 0.000000 
1825167759138 0.000000 0.000000 0.000000 
1825187595563 0.000000 0.000000 0.000000 
1825207401472 0.000000 0.000000 0.000000 
1825227207380 0.000000 0.000000 0.000000 
1825247043806 0.000000 0.000000 0.000000 
1825266849714 0.000000 0.000000 0.000000 
1825286655622 0.000000 0.000000 0.000000 
1825306492048 0.000000 0.000000 0.000000 
1825326297956 0.000000 0.000000 0.000000 
1825346103864 0.000000 0.000000 0.000000 
1825365940290 0.000000 0.000000 0.000000 
1825385746198 0.000000 0.000000 0.000000 
1825405552106 0.000000 0.000000 0.000000 
1825425388532 0.000000 0.000000 0.000000 
1825445224958 0.000000 0.000000 0.000000 
1825465030866 0.000000 0.000000 0.000000 
1825484867292 0.000000 0.000000 0.000000 
1825504673200 0.000000 0.000000 0.000000 
1825524509626 0.000000 0.000000 0.000000 
1825544315534 0.000000 0.000000 0.000000 
1825564121442 0.000000 0.000000 0.000000 
1825583957868 0.000000 0.000000 0.000000 
1825603763776 0.000000 0.000000 0.000000 
1825623569685 0.000000 0.000000 0.000000 
1825643406110 0.000000 0.000000 0.000000 
1825663212018 0.000000 0.000000 0.000000 
1825683017927 0.000000 0.000000 0.000000 
1825702854352 0.000000 0.000000 0.000000 
1825722690778 0.000000 0.000000 0.000000 
1825742496686 0.000000 0.000000 0.000000 
1825762333112 0.000000 0.000000 0.000000 
1825782139020 0.000000 0.000000 0.000000 
1825801944929 0.000000 0.000000 0.000000 
1825821781354 0.000000 0.000000 0.000000 
1825841587263 0.000000 0.000000 0.000000 
1825861393171 0.000000 0.000000 0.000000 
1825881229597 0.000000 0.000000 0.000000 
1825901035505 0.000000 0.000000 0.000000 
1825920841413 0.000000 0.000000 0.000000 
1825940677839 0.000000 0.000000 0.000000 
1825960483747 0.000000 0.000000 0.000000 
1825980289655 0.000000 0.000000 0.000000 
1826000126081 0.000000 0.000000 0.000000 
1826019962507 0.000000 0.000000 0.000000 
1826039768415 0.000000 0.000000 0.000000 
1826059604841 0.000000 0.000000 0.000000 
1826079410749 0.000000 0.000000 0.000000 
1826099216657 0.000000 0.000000 0.000000 
1826119053083 0.000000 0.000000 0.000000 
1826138858991 0.000000 0.000000 0.000000 
1826158664899 0.000000 0.000000 0.000000 
1826178501325 0.000000 0.000000 0.000000 
1826198307233 0.000000 0.000000 0.000000 
1826218113142 0.000000 0.000000 0.000000 
1826237949567 0.000000 0.000000 0.000000 
1826257755476 0.000000 0.000000 0.000000 
1826277561384 0.000000 0.000000 0.000000 
1826297397810 0.000000 0.000000 0.000000 
1826317234235 0.000000 0.000000 0.000000 
1826337040143 0.000000 0.000000 0.000000 
1826356876569 0.000000 0.000000 0.000000 
1826376682477 0.000000 0.000000 0.000000 
1826396518903 0.000000 0.000000 0.000000 
1826416324811 0.000000 0.000000 0.000000 
1826436130720 0.000000 0.000000 0.000000 
1826455967145 0.000000 0.000000 0.000000 
1826475773054 0.000000 0.000000 0.000000 
1826495578962 0.000000 0.000000 0.000000 
1826515415388 0.000000 0.000000 0.000000 
1826535221296 0.000000 0.000000 0.000000 
1826555027204 0.000000 0.000000 0.000000 
1826574863630 0.000000 0.000000 0.000000 
1826594700056 0.000000 0.000000 0.000000 
1826614505964 0.000000 0.000000 0.000000 
1826634342390 0.000000 0.000000 0.000000 
1826654148298 0.000000 0.000000 0.000000 
1826673954206 0.000000 0.000000 0.000000 
1826693790632 0.000000 0.000000 0.000000 
1826713596540 0.000000 0.000000 0.000000 
1826733402448 0.000000 0.000000 0.000000 
1826753238874 0.000000 0.000000 0.000000 
1826773044782 0.000000 0.000000 0.000000 
1826792850690 0.000000 0.000000 0.000000 
1826812687116 0.000000 0.000000 0.000000 
1826832493024 0.000000 0.000000 0.000000 
1826852298933 0.000000 0.000000 0.000000 
1826872135358 0.000000 0.000000 0.000000 
1826891971784 0.000000 0.000000 0.000000 
1826911777692 0.000000 0.000000 0.000000 
1826931614118 0.000000 0.000000 0.000000 
1826951420026 0.000000 0.000000 0.000000 
1826971225935 0.000000 0.000000 0.000000 
1826991062360 0.000000 0.000000 0.000000 
1827010868268 0.000000 0.000000 0.000000 
1827030704694 0.000000 0.000000 0.000000 
1827050510602 0.000000 0.000000 0.000000 
1827070316511 0.000000 0.000000 0.000000 
1827090152936 0.000000 0.000000 0.000000 
1827109958845 0.000000 0.000000 0.000000 
1827129764753 0.000000 0.000000 0.000000 
1827149601179 0.000000 0.000000 0.000000 
1827169437604 0.000000 0.000000 0.000000 
1827189243513 0.000000 0.000000 0.000000 
1827209079938 0.000000 0.000000 0.000000 
1827228885847 0.000000 0.000000 0.000000 
1827248691755 0.000000 0.000000 0.000000 
1827268497663 0.000000 0.000000 0.000000 
1827288334089 0.000000 0.000000 0.000000 
1827308139997 0.000000 0.000000 0.000000 
1827327976423 0.000000 0.000000 0.000000 
1827347782331 0.000000 0.000000 0.000000 
1827367588239 0.000000 0.000000 0.000000 
1827387424665 0.000000 0.000000 0.000000 
1827407230573 0.000000 0.000000 0.000000 
1827427036481 0.000000 0.000000 0.000000 
1827446872907 0.000000 0.000000 0.000000 
1827466709333 0.000000 0.000000 0.000000 
1827486515241 0.000000 0.000000 0.000000 
1827506351667 0.000000 0.000000 0.000000 
1827526157575 0.000000 0.000000 0.000000 
1827545963483 0.000000 0.000000 0.000000 
1827565799909 0.000000 0.000000 0.000000 
1827585605817 0.000000 0.000000 0.000000 
1827605411726 0.000000 0.000000 0.000000 
1827625248151 0.000000 0.000000 0.000000 
