# Created at Tue Jun 01 15:53:39 GMT+02:00 2021 in Burnaby Canada 
1822073429304 1018.476563 
1822106754499 1018.469971 
1822140079694 1018.467346 
1822173404890 1018.404053 
1822206730085 1018.371399 
1822240055280 1018.371521 
1822273380476 1018.372986 
1822306705671 1018.369934 
1822340030866 1018.367493 
1822373356061 1018.360046 
1822406681257 1018.360046 
1822440006452 1018.368408 
1822473331647 1018.373352 
1822506656843 1018.380066 
1822539982038 1018.380066 
1822573307233 1018.380066 
1822606632429 1018.380066 
1822639957624 1018.380066 
1822673282819 1018.380188 
1822706608015 1018.385742 
1822739933210 1018.385315 
1822773258405 1018.380615 
1822806583601 1018.381165 
1822839908796 1018.389954 
1822873233991 1018.387024 
1822906559186 1018.387024 
1822939884382 1018.387024 
1822973209577 1018.389954 
1823006534772 1018.380066 
1823039859968 1018.385254 
1823073185163 1018.386719 
1823106510358 1018.378906 
1823139835554 1018.372253 
1823173160749 1018.380066 
1823206485944 1018.380066 
1823239811140 1018.377014 
1823273136335 1018.386230 
1823306461530 1018.393066 
1823339786726 1018.389954 
1823373111921 1018.389954 
1823406437116 1018.389954 
1823439762311 1018.388000 
1823473087507 1018.380066 
1823506412702 1018.385925 
1823539737897 1018.382019 
1823573063093 1018.396179 
1823606388288 1018.394043 
1823639713483 1018.398987 
1823673038679 1018.403992 
1823706363874 1018.406799 
1823739689069 1018.408020 
1823773014265 1018.403076 
1823806339460 1018.405457 
1823839664655 1018.394836 
1823872989851 1018.400085 
1823906315046 1018.387878 
1823939640241 1018.405945 
1823972965436 1018.400085 
1824006290632 1018.406738 
1824039615827 1018.402161 
1824072941022 1018.408875 
1824106266218 1018.394043 
1824139591413 1018.400085 
1824172916608 1018.400085 
1824206241804 1018.406738 
1824239566999 1018.409973 
1824272892194 1018.415771 
1824306217390 1018.416443 
1824339542585 1018.416260 
1824372867780 1018.427185 
1824406192976 1018.423523 
1824439518171 1018.429993 
1824472843366 1018.424255 
1824506168561 1018.435974 
1824539493757 1018.422424 
1824572818952 1018.434326 
1824606144147 1018.433350 
1824639469343 1018.439026 
1824672794538 1018.435852 
1824706119733 1018.439514 
1824739444929 1018.435547 
1824772770124 1018.429993 
1824806095319 1018.432617 
1824839420515 1018.428955 
1824872745710 1018.437439 
1824906070905 1018.430359 
1824939396101 1018.434082 
1824972721296 1018.428040 
1825006046491 1018.445984 
1825039371686 1018.428467 
1825072696882 1018.437500 
1825106022077 1018.433350 
1825139347272 1018.437256 
1825172672468 1018.422424 
1825205997663 1018.442688 
1825239322858 1018.441345 
1825272648054 1018.447571 
1825305973249 1018.440186 
1825339298444 1018.445740 
1825372623640 1018.431641 
1825405948835 1018.429993 
1825439274030 1018.422791 
1825472599226 1018.423035 
1825505924421 1018.419983 
1825539249616 1018.427185 
1825572574811 1018.424744 
1825605900007 1018.426331 
1825639225202 1018.422852 
1825672550397 1018.422913 
1825705875593 1018.416687 
1825739200788 1018.419983 
1825772525983 1018.414795 
1825805851179 1018.422607 
1825839176374 1018.412903 
1825872501569 1018.415100 
1825905826765 1018.419678 
1825939151960 1018.411072 
1825972477155 1018.414856 
1826005802351 1018.404053 
1826039127546 1018.401367 
1826072452741 1018.384949 
1826105777936 1018.389832 
1826139103132 1018.370911 
1826172428327 1018.382996 
1826205753522 1018.376953 
1826239078718 1018.386047 
1826272403913 1018.384094 
1826305729108 1018.403015 
1826339054304 1018.394714 
1826372379499 1018.408020 
1826405704694 1018.396973 
1826439029890 1018.406250 
1826472355085 1018.401917 
1826505680280 1018.412903 
1826539005476 1018.413757 
1826572330671 1018.425964 
1826605655866 1018.428955 
1826638981061 1018.435486 
1826672306257 1018.419983 
1826705631452 1018.425964 
1826738956647 1018.417419 
1826772281843 1018.417480 
1826805607038 1018.409912 
1826838932233 1018.415588 
1826872257429 1018.409485 
1826905582624 1018.408264 
1826938907819 1018.403625 
1826972233015 1018.400574 
1827005558210 1018.404602 
1827038883405 1018.406433 
1827072208601 1018.406311 
1827105533796 1018.417175 
1827138858991 1018.427063 
1827172184186 1018.427734 
1827205509382 1018.422791 
1827238834577 1018.426514 
1827272159772 1018.424561 
1827305484968 1018.421631 
1827338810163 1018.442810 
1827372135358 1018.568420 
1827405460554 1018.665283 
1827438785749 1018.683411 
1827472110944 1018.675537 
1827505436140 1018.620117 
1827538761335 1018.489929 
1827572086530 1018.396179 
1827605411726 1018.377014 
