# Created at Sun Jun 13 00:17:15 GMT+02:00 2021 in Copenhagen 
202414448463959, -0.005454, 0.003671, 0.004290 
202414468300385, -0.005263, 0.003784, 0.001834 
202414488106293, -0.011796, 0.001578, 0.004094 
202414507942719, 0.000170, 0.006393, 0.008592 
202414527779145, 0.014058, 0.001546, -0.000957 
202414547585053, -0.009524, -0.000825, -0.000926 
202414567390961, -0.004794, 0.006147, -0.012462 
202414587227387, -0.002306, 0.010792, -0.007412 
202414607033295, 0.000080, 0.001650, -0.002527 
202414626839203, 0.000316, 0.001831, -0.002438 
202414646675629, 0.002630, -0.007242, -0.053242 
202414666481537, -0.004378, 0.002710, 0.043368 
202414686317963, -0.004224, 0.009803, 0.002602 
202414706123871, 0.002858, 0.012013, -0.006731 
202414725929780, 0.000456, 0.009548, 0.000428 
202414745766205, 0.009946, 0.002282, 0.000417 
202414765572114, 0.009629, -0.002414, -0.004214 
202414785378022, 0.004691, 0.002280, -0.006390 
202414805214448, 0.002233, 0.007066, -0.013106 
202414825050873, -0.007075, 0.013760, -0.008053 
202414844887299, -0.004743, 0.016309, -0.023973 
202414864693207, -0.002257, 0.002349, 0.020787 
202414884499116, 0.006848, -0.011380, -0.007666 
202414904335541, 0.015649, -0.013086, -0.009726 
202414924141450, 0.008209, 0.003543, -0.000138 
202414943947358, -0.005930, 0.010142, -0.009399 
202414963783784, -0.014981, 0.007485, 0.000177 
202414983589692, -0.005204, 0.016481, 0.004788 
202415003395600, 0.006545, -0.002565, -0.009252 
202415023232026, 0.004026, -0.007114, -0.001996 
202415043037934, 0.015470, -0.004564, -0.008877 
202415062843842, -0.006076, -0.002099, -0.001637 
202415082680268, -0.010491, 0.016465, 0.000733 
202415102516694, -0.005498, 0.013600, 0.003010 
202415122322602, 0.001629, 0.001582, 0.002910 
202415142159028, 0.001590, -0.010038, 0.002812 
202415161964936, 0.008496, -0.009703, 0.005034 
202415181801362, 0.010528, 0.011430, 0.007182 
202415201607270, -0.010624, 0.006431, 0.002311 
202415221413178, -0.007940, 0.010831, 0.009181 
202415241249604, -0.000731, 0.008169, 0.001927 
202415261055512, 0.006253, -0.003668, -0.002753 
202415280861420, 0.003743, -0.008180, -0.000345 
202415300697846, -0.003300, -0.005595, 0.001967 
202415320503754, -0.007807, -0.005411, 0.001902 
202415340309662, -0.012164, 0.001699, 0.008785 
202415360146088, -0.002481, 0.008586, 0.010808 
202415379982514, -0.000085, -0.003031, 0.001187 
202415399788422, 0.013812, 0.001684, 0.008095 
202415419624848, 0.001802, 0.001625, 0.003194 
202415439430756, 0.001753, 0.004120, -0.003842 
202415459267182, -0.000379, 0.001900, 0.010171 
202415479073090, 0.002191, 0.006701, -0.015607 
202415498878998, -0.044121, -0.034935, -0.079852 
202415518715424, 0.100532, 0.079567, 0.070840 
202415538521332, -0.009200, -0.006350, 0.080043 
202415558327241, -0.057451, -0.043150, -0.158554 
202415578163666, -0.046974, -0.035237, -0.035311 
202415597969575, 0.019139, 0.023758, 0.030617 
202415617775483, 0.048340, 0.037079, 0.015731 
202415637611909, 0.042123, 0.026594, -0.024117 
202415657448334, -0.026583, -0.013619, 0.110836 
202415677254243, -0.058059, -0.045545, -0.158863 
202415697090668, -0.026282, -0.023217, -0.058727 
202415716896576, 0.050708, 0.042554, 0.065819 
202415736702485, 0.046949, 0.039047, -0.015018 
202415756538910, -0.009873, 0.005364, 0.047938 
202415776344819, -0.046080, -0.070684, -0.143321 
202415796181244, -0.033199, -0.033866, -0.027525 
202415815987153, 0.046570, 0.057471, 0.070552 
202415835793061, 0.042944, 0.078684, -0.024324 
202415855629487, -0.027875, -0.011835, 0.089827 
202415875435395, -0.052376, -0.078528, -0.119036 
202415895241303, 0.018781, -0.020391, -0.050300 
202415915077729, 0.052862, 0.049671, 0.032341 
202415934883637, 0.009239, 0.031834, 0.026628 
202415954720063, -0.053507, -0.031682, -0.073719 
202415974556489, -0.042218, -0.044506, -0.050447 
202415994362397, 0.060744, 0.028678, 0.066888 
202416014168305, 0.049470, 0.050847, -0.009358 
202416034004731, -0.033349, -0.038744, 0.078847 
202416053810639, -0.066930, -0.074464, -0.125018 
202416073616547, 0.025527, 0.029791, 0.029497 
202416093452973, 0.066098, 0.075052, 0.028511 
202416113258881, -0.012665, 0.012651, 0.080765 
202416133095307, -0.061043, -0.068714, -0.093091 
202416152901215, 0.012250, -0.006293, -0.039121 
202416172707123, 0.062744, 0.054050, 0.043147 
202416192543549, -0.001785, 0.017787, 0.057907 
202416212349457, -0.068797, -0.054507, -0.064311 
202416232185883, -0.013058, -0.017998, -0.032089 
202416252022309, 0.070668, 0.068182, 0.054561 
202416271828217, 0.014887, 0.031450, 0.043493 
202416291634125, -0.064013, -0.059814, -0.068978 
202416311470551, -0.026942, -0.043943, -0.018104 
202416331276459, 0.061628, 0.054669, 0.070394 
202416351082368, 0.024663, 0.036881, -0.010601 
202416370918793, -0.052479, -0.052473, -0.014882 
202416390724701, -0.034520, -0.050726, -0.046762 
202416410561127, 0.063790, 0.052971, 0.084335 
202416430367035, 0.033682, 0.048889, -0.006375 
202416450172944, -0.059942, -0.045254, 0.003085 
202416469978852, -0.048684, -0.057626, -0.068718 
202416489815278, 0.063975, 0.043989, 0.070044 
202416509621186, 0.038726, 0.042755, -0.017869 
202416529457612, -0.050447, -0.037321, 0.019734 
202416549294037, -0.057769, -0.047644, -0.080381 
202416569099946, 0.057276, 0.044156, 0.065697 
202416588936371, 0.043814, 0.045233, -0.015139 
202416608742280, 0.042362, 0.043727, -0.014634 
202416628548188, -0.058269, -0.071071, -0.095093 
202416648384614, 0.054712, 0.042320, 0.058425 
202416668190522, 0.045956, 0.057102, -0.017539 
202416687996430, -0.045774, -0.035017, 0.038550 
202416707832856, -0.069680, -0.059294, -0.106135 
202416727638764, 0.050626, 0.035210, 0.056999 
202416747444672, 0.053581, 0.040969, -0.025849 
202416767281098, 0.051807, 0.039603, -0.024987 
202416787087006, -0.067877, -0.065812, -0.102802 
202416806923432, 0.047967, 0.049722, 0.057908 
202416826759858, 0.037132, 0.066808, -0.018036 
202416846565766, 0.035908, 0.064578, -0.017435 
202416866402192, -0.050855, -0.027789, 0.038666 
202416886208100, -0.072521, -0.073122, -0.110659 
202416906014008, 0.038399, 0.045189, -0.019073 
202416925850434, -0.050998, -0.030334, 0.041696 
202416945656342, -0.063397, -0.059387, -0.086917 
202416965462250, 0.061087, 0.046899, 0.064013 
202416985298676, 0.040566, 0.047884, -0.009819 
202417005104584, -0.050984, -0.043927, 0.027516 
202417024910493, -0.053901, -0.065594, -0.075177 
202417044746918, 0.058934, 0.042997, 0.079993 
202417064552826, 0.029007, 0.046178, -0.005956 
202417084358735, -0.059845, -0.045559, -0.015005 
202417104195160, -0.041655, -0.046359, -0.044566 
202417124031586, 0.070773, 0.056959, 0.088757 
202417143837494, 0.026803, 0.036779, 0.009469 
202417163673920, -0.066839, -0.061819, -0.046357 
202417183479828, -0.037070, -0.041265, -0.014754 
202417203316254, -0.035820, -0.039659, -0.014259 
202417223122162, 0.018357, 0.033610, 0.044051 
202417242928071, -0.063207, -0.055406, -0.061509 
202417262764496, -0.014829, -0.027886, -0.008568 
202417282570405, 0.068959, 0.075050, 0.072669 
202417302376313, 0.010920, 0.021660, 0.060996 
202417322212739, -0.068078, -0.069277, -0.045129 
202417342018647, -0.003563, -0.018396, -0.027431 
202417361855073, 0.070354, 0.067795, 0.061377 
202417381691498, -0.010861, 0.014647, 0.087088 
202417401497407, -0.068322, -0.078355, -0.070795 
202417421333832, 0.012614, 0.009837, -0.010600 
202417441139741, 0.058477, 0.067330, 0.052205 
202417460945649, -0.024425, -0.011014, 0.099040 
202417480782075, -0.079116, -0.082351, -0.124009 
202417500587983, 0.036876, 0.026784, 0.030473 
202417520393891, 0.065737, 0.062911, 0.022525 
202417540230317, -0.019247, -0.003721, 0.100430 
202417560036225, -0.075966, -0.068368, -0.111095 
202417579842133, 0.019338, 0.007924, -0.014862 
202417599678559, 0.071912, 0.058778, 0.038840 
202417619484467, -0.011437, 0.010795, 0.093053 
202417639290375, -0.078125, -0.072847, -0.099721 
202417659126801, 0.021653, 0.010542, -0.013118 
202417678963227, 0.064886, 0.077256, 0.035892 
202417698799653, -0.018214, 0.002980, 0.094831 
202417718605561, -0.080281, -0.061887, -0.118817 
202417738411469, 0.040131, 0.011664, 0.014659 
202417758247895, 0.057083, 0.064464, 0.018799 
202417778053803, -0.042200, -0.018634, 0.073689 
202417797859711, -0.065996, -0.073533, -0.141564 
202417817696137, 0.056503, 0.046890, 0.050511 
202417837502045, 0.056947, 0.061523, -0.020572 
202417857307953, -0.044400, -0.035372, 0.014807 
202417877144379, -0.050316, -0.062413, -0.092091 
202417896950287, 0.067028, 0.050924, 0.068263 
202417916756196, 0.029880, 0.042067, 0.005846 
202417936592621, -0.072650, -0.060879, -0.068359 
202417956429047, -0.010077, -0.026461, -0.031388 
202417976234955, 0.073535, 0.076415, 0.041376 
202417996071381, -0.001063, 0.013268, 0.067731 
202418015877289, -0.075032, -0.072522, -0.103369 
202418035713715, 0.029023, 0.017564, -0.021281 
202418055519623, 0.066699, 0.069722, 0.021039 
202418075325532, -0.030353, -0.015651, 0.057348 
202418095161957, -0.070722, -0.077585, -0.143481 
202418114967866, 0.056552, 0.047604, 0.044042 
202418134773774, 0.052362, 0.055498, -0.024508 
202418154610200, -0.046513, -0.031935, 0.015634 
202418174416108, -0.051666, -0.053769, -0.091290 
202418194222016, 0.061095, 0.052097, 0.071365 
202418214058442, 0.029012, 0.043658, -0.011974 
202418233894868, -0.045956, -0.027200, 0.027749 
202418253700776, -0.065240, -0.063301, -0.086516 
202418273537201, 0.047967, 0.042903, 0.055152 
202418293343110, 0.057723, 0.066920, 0.004739 
202418313179535, -0.039033, -0.018576, 0.076282 
202418332985444, -0.072412, -0.075793, -0.118249 
202418352791352, 0.052601, 0.037758, 0.056869 
202418372627778, 0.055494, 0.059873, -0.014423 
202418392433686, -0.055065, -0.036970, 0.039261 
202418412239594, -0.060150, -0.058866, -0.082320 
202418432076020, 0.071402, 0.068233, 0.080024 
202418451881928, 0.022533, 0.040512, 0.014901 
202418471687836, -0.065870, -0.060069, -0.038794 
202418491524262, -0.019941, -0.037482, -0.009747 
202418511330170, 0.073481, 0.066003, 0.076168 
202418531166596, -0.007360, 0.010599, 0.078263 
202418551003022, -0.069788, -0.071164, -0.067770 
202418570808930, 0.029235, 0.011697, -0.005385 
202418590614838, 0.055802, 0.071229, 0.031796 
202418610451264, -0.038344, -0.030373, 0.074697 
202418630257172, -0.069664, -0.071461, -0.115157 
202418650093598, 0.066590, 0.050967, 0.066784 
202418669899506, 0.034539, 0.044881, 0.009044 
202418689705414, -0.070675, -0.062793, -0.028263 
202418709541840, -0.024600, -0.035717, -0.004201 
202418729347748, 0.071308, 0.074642, 0.065348 
202418749153657, -0.007847, 0.002539, 0.102470 
202418768990082, -0.084136, -0.078739, -0.113751 
202418788795991, 0.022990, 0.021274, 0.026529 
202418808632416, 0.061329, 0.069135, 0.023327 
202418828468842, -0.040161, -0.021069, 0.068806 
202418848274750, -0.061939, -0.080503, -0.118528 
202418868080659, 0.048613, 0.033204, 0.038084 
202418887917084, 0.067598, 0.057774, 0.013672 
202418907722993, -0.034101, -0.020254, 0.094183 
202418927528901, -0.067660, -0.077414, -0.133321 
202418947365326, 0.038702, 0.031571, 0.028404 
202418967171235, 0.064950, 0.060594, -0.002606 
202418987007660, -0.039209, -0.022392, 0.059930 
202419006813569, -0.065651, -0.056339, -0.120176 
202419026619477, 0.061454, 0.049616, 0.057306 
202419046455903, 0.038604, 0.048195, -0.016302 
202419066261811, -0.045939, -0.029726, 0.060574 
202419086067719, -0.062913, -0.065980, -0.101060 
202419105904145, 0.047904, 0.040311, 0.052657 
202419125740571, 0.055582, 0.060027, -0.023111 
202419145546479, -0.045952, -0.032186, 0.047056 
202419165382905, -0.062920, -0.063505, -0.104860 
202419185188813, 0.061777, 0.049636, 0.069796 
202419204994721, 0.031984, 0.041282, 0.002704 
202419224831147, -0.061831, -0.054923, -0.029766 
202419244637055, -0.033852, -0.038998, -0.017201 
202419264473481, 0.071150, 0.068480, 0.068947 
202419284279389, -0.000607, 0.019937, 0.066648 
202419304085297, -0.076447, -0.079955, -0.076665 
202419323921723, 0.023027, 0.008288, -0.000081 
202419343727631, 0.065767, 0.063056, 0.025354 
202419363533539, -0.043279, -0.022540, 0.075375 
202419383369965, -0.069803, -0.082153, -0.123749 
202419403206391, 0.048177, 0.036241, 0.056169 
202419423012299, 0.057932, 0.058158, 0.008037 
202419442848725, -0.038832, -0.015496, 0.081785 
202419462654633, -0.062970, -0.070484, -0.117546 
202419482460541, 0.052251, 0.047518, 0.057530 
202419502296967, 0.043822, 0.058189, -0.018392 
202419522102875, -0.056625, -0.045067, -0.010835 
202419541908784, -0.038542, -0.047736, -0.038227 
202419561745209, 0.068704, 0.064876, 0.081014 
202419581551118, 0.006057, 0.023390, 0.069062 
202419601387543, -0.072548, -0.071758, -0.055820 
202419621193451, 0.019864, 0.009051, -0.023904 
202419640999360, 0.065472, 0.078364, 0.032415 
202419660835785, -0.036159, -0.026024, 0.059094 
202419680672211, -0.062702, -0.064481, -0.125615 
202419700478119, 0.066620, 0.051009, 0.068244 
202419720314545, 0.027406, 0.042373, 0.017397 
202419740139372, -0.077588, -0.063132, -0.036386 
202419759945281, -0.014854, -0.014756, -0.018978 
202419779781706, 0.073316, 0.073631, 0.060300 
202419799587615, -0.021863, -0.014418, 0.086032 
202419819393523, -0.085887, -0.083553, -0.145820 
202419839229949, 0.060170, 0.044137, 0.057959 
202419859035857, 0.046597, 0.049831, -0.008739 
202419878841765, -0.065969, -0.055908, -0.031575 
202419898678191, -0.026984, -0.033232, -0.014344 
202419918484099, 0.078019, 0.069652, 0.057849 
202419938320525, -0.005058, 0.007657, 0.081376 
202419958156951, -0.081444, -0.078179, -0.097132 
202419977962859, 0.021436, 0.014857, -0.008302 
202419997799285, 0.069308, 0.077044, 0.010474 
202420017605193, -0.041714, -0.017805, 0.033271 
202420037411101, -0.060895, -0.058618, -0.115880 
202420057247527, 0.063969, 0.061538, 0.059165 
202420077053435, 0.043351, 0.050456, -0.026084 
202420096859343, -0.048294, -0.034491, 0.037238 
202420116695769, -0.060550, -0.063420, -0.095840 
202420136501677, 0.059455, 0.052032, 0.057703 
202420156307585, 0.029954, 0.043597, -0.002035 
202420176144011, -0.062867, -0.054537, -0.055157 
202420195949919, -0.009642, -0.029358, -0.020935 
202420215786345, 0.068649, 0.070850, 0.049151 
202420235622771, -0.005562, 0.017600, 0.075255 
202420255428679, -0.079381, -0.070650, -0.098412 
202420275265105, 0.041464, 0.015203, -0.009544 
202420295071013, 0.070168, 0.067900, 0.013902 
202420314876921, -0.042951, -0.022030, 0.036587 
202420334713347, -0.055387, -0.058304, -0.114982 
202420354519255, 0.066514, 0.063924, 0.076205 
202420374325163, 0.031934, 0.036579, 0.018148 
202420394161589, -0.073444, -0.066877, -0.044917 
202420413967497, -0.008989, -0.032734, -0.017987 
202420433773406, 0.074357, 0.079378, 0.056626 
202420453609831, -0.053011, -0.036611, -0.044722 
202420473415740, 0.008689, 0.013179, 0.056227 
202420493221648, 0.001231, 0.005807, 0.010409 
202420513058074, 0.010449, 0.000981, 0.010062 
202420532894499, -0.001221, -0.001119, 0.002785 
202420552700408, 0.003233, 0.005848, 0.009637 
202420572536833, -0.003796, -0.005912, 0.011617 
202420592342742, 0.000962, 0.003531, 0.011230 
202420612179167, 0.000944, 0.003410, 0.006238 
202420631985076, 0.000927, 0.012542, 0.010647 
202420651790984, -0.001405, 0.000557, 0.005675 
202420671627410, -0.001577, 0.000535, 0.005484 
202420691433318, -0.003814, -0.003867, 0.005303 
202420711239226, -0.003672, 0.000876, 0.000495 
202420731075652, -0.001234, 0.000844, 0.018990 
202420750881560, 0.001367, -0.001716, 0.011409 
202420770687468, -0.005366, 0.011977, 0.013344 
202420790523894, -0.002860, 0.022914, 0.005963 
202420810360320, 0.003946, 0.013365, -0.001179 
202420830166228, 0.006145, -0.007896, 0.010425 
202420850002654, 0.008037, -0.016651, 0.010077 
202420869808562, 0.003382, -0.011709, 0.005125 
202420889644988, -0.008280, 0.004874, 0.004954 
202420909450896, -0.008223, 0.016273, 0.004786 
202420929256804, -0.010250, 0.009028, 0.006930 
202420949093230, -0.000645, 0.004092, -0.004865 
202420968899138, 0.008651, -0.005293, -0.004703 
202420988705046, 0.008377, -0.000503, -0.002230 
202421008541472, -0.001151, -0.002790, -0.009088 
202421028347380, 0.001218, 0.011165, 0.000463 
202421048153288, -0.010373, 0.022354, -0.001867 
202421067989714, 0.001549, 0.016765, 0.002824 
202421087795622, 0.008683, 0.003724, -0.027354 
202421107632048, 0.012792, -0.019068, -0.010244 
202421127468474, 0.002901, -0.013127, 0.001668 
