3491120038185 -0.068893 -0.076080 9.736282  
3491139874611 -0.068893 -0.076080 9.812851  
3491159680519 -0.169388 -0.171783 9.755432  
3491179486427 -0.076065 -0.090424 9.764999  
3491199322853 -0.061707 -0.059326 9.836792  
3491219128761 -0.166992 -0.159821 9.721924  
3491238965187 -0.071274 -0.114365 9.767395  
3491258771095 -0.059311 -0.059326 9.810471  
3491278577003 -0.147842 -0.152649 9.733887  
3491298413429 -0.099991 -0.123932 9.788925  
3491318249855 -0.049744 -0.054535 9.769791  
3491338055763 -0.140671 -0.143066 9.774567  
3491357892189 -0.111954 -0.135895 9.786530  
3491377698097 -0.059311 -0.049759 9.731506  
3491397534523 -0.119141 -0.131104 9.812851  
3491417340431 -0.128708 -0.143066 9.784149  
3491437146339 -0.056915 -0.059326 9.700394  
3491456982765 -0.109558 -0.119141 9.776962  
3491476788673 -0.135880 -0.155029 9.834396  
3491496625099 -0.061707 -0.068893 9.733887  
3491516431007 -0.095215 -0.102402 9.767395  
3491536236915 -0.152634 -0.171783 9.848755  
3491556073341 -0.061707 -0.073685 9.745865  
3491575879249 -0.071274 -0.083252 9.810471  
3491595715675 -0.159821 -0.171783 9.788925  
3491615552101 -0.073669 -0.097610 9.762604  
3491635358009 -0.068893 -0.064102 9.846359  
3491655194435 -0.152634 -0.164612 9.743469  
3491675000343 -0.083237 -0.114365 9.788925  
3491694806251 -0.064102 -0.061722 9.829605  
3491714642677 -0.155029 -0.152649 9.743469  
3491734448585 -0.102386 -0.121536 9.791321  
3491754254494 -0.059311 -0.064102 9.800888  
3491774090919 -0.143066 -0.143066 9.769791  
3491793896828 -0.102386 -0.131104 9.781754  
3491813733253 -0.064102 -0.059326 9.764999  
3491833539162 -0.128708 -0.128708 9.788925  
3491853345070 -0.104782 -0.140686 9.786530  
3491873181496 -0.049744 -0.059326 9.741074  
3491893017921 -0.133499 -0.126328 9.808075  
3491912823830 -0.123917 -0.143066 9.781754  
3491932660255 -0.061707 -0.061722 9.705185  
3491952466164 -0.114349 -0.121536 9.791321  
3491972272072 -0.128708 -0.155029 9.810471  
3491992108498 -0.052139 -0.064102 9.717148  
3492011914406 -0.104782 -0.100006 9.755432  
3492031750832 -0.147842 -0.162216 9.851135  
3492051556740 -0.061707 -0.064102 9.717148  
3492071362648 -0.090424 -0.090424 9.762604  
3492091199074 -0.150238 -0.164612 9.815247  
3492111004982 -0.066498 -0.071289 9.719543  
3492130841408 -0.078461 -0.080856 9.769791  
3492150647316 -0.159821 -0.159821 9.793716  
3492170483742 -0.059311 -0.073685 9.726715  
3492190320167 -0.068893 -0.073685 9.786530  
3492210126076 -0.169388 -0.167007 9.764999  
3492229962501 -0.056915 -0.083252 9.731506  
3492249768410 -0.068893 -0.068893 9.803284  
3492269574318 -0.166992 -0.162216 9.741074  
3492289410744 -0.071274 -0.100006 9.745865  
3492309216652 -0.076065 -0.059326 9.812851  
3492329022560 -0.157425 -0.152649 9.731506  
3492348858986 -0.073669 -0.095215 9.745865  
3492368664894 -0.056915 -0.064102 9.832001  
3492388501320 -0.162201 -0.157425 9.717148  
3492408307228 -0.085632 -0.116745 9.769791  
3492428113136 -0.049744 -0.056931 9.772186  
3492447949562 -0.138275 -0.135895 9.741074  
3492467785988 -0.102386 -0.123932 9.762604  
3492487591896 -0.056915 -0.052139 9.757828  
3492507428322 -0.138275 -0.133499 9.767395  
3492527234230 -0.104782 -0.140686 9.769791  
3492547070656 -0.064102 -0.056931 9.745865  
3492566876564 -0.116745 -0.133499 9.776962  
3492586682472 -0.135880 -0.145462 9.755432  
3492606518898 -0.056915 -0.059326 9.695602  
3492626324806 -0.092819 -0.095215 9.743469  
3492646130714 -0.152634 -0.155029 9.820038  
3492665967140 -0.064102 -0.080856 9.721924  
3492685773048 -0.080856 -0.071289 9.767395  
3492705609474 -0.150238 -0.167007 9.788925  
3492725415382 -0.064102 -0.080856 9.719543  
3492745251808 -0.078461 -0.076080 9.769791  
3492765088234 -0.152634 -0.169388 9.776962  
3492784894142 -0.064102 -0.083252 9.717148  
3492804700050 -0.073669 -0.068893 9.757828  
3492824536476 -0.157425 -0.164612 9.781754  
3492844342384 -0.064102 -0.076080 9.719543  
3492864178810 -0.073669 -0.073685 9.793716  
3492883984718 -0.162201 -0.159821 9.741074  
3492903790626 -0.078461 -0.097610 9.741074  
3492923627052 -0.056915 -0.056931 9.808075  
3492943432960 -0.159821 -0.162216 9.709961  
3492963238869 -0.073669 -0.107178 9.741074  
3492983075294 -0.066498 -0.054535 9.810471  
3493002881203 -0.159821 -0.157425 9.702789  
3493022717628 -0.083237 -0.102402 9.743469  
3493042554054 -0.073669 -0.061722 9.805679  
3493062359962 -0.162201 -0.157425 9.724319  
3493082196388 -0.068893 -0.100006 9.743469  
3493102002296 -0.056915 -0.059326 9.822433  
