3491124676857 -0.160217 -23.210144 18.453979  
3491144543800 -0.160217 -23.210144 18.453979  
3491164410744 -0.160217 -23.210144 18.453979  
3491184277687 -0.160217 -23.210144 18.453979  
3491204175148 -0.160217 -23.210144 18.453979  
3491224042091 -0.160217 -23.208618 18.005371  
3491243909035 -1.063538 -23.202515 17.706299  
3491263775978 -0.762939 -23.205566 18.154907  
3491283642921 -0.762939 -23.057556 18.450928  
3491303540382 -0.762939 -23.057556 18.450928  
3491323407326 -0.762939 -23.057556 18.450928  
3491343304787 -0.762939 -23.056030 18.153381  
3491363171730 -0.762939 -23.205566 18.003845  
3491383038673 -0.762939 -23.205566 18.003845  
3491402905617 -0.764465 -23.205566 17.855835  
3491422772560 -0.764465 -23.501587 17.109680  
3491442639503 -0.764465 -23.498535 16.662598  
3491462536964 -0.762939 -23.799133 16.664124  
3491482403908 -1.063538 -23.649597 16.961670  
3491502270851 -1.063538 -23.649597 16.961670  
3491522137794 -1.063538 -23.649597 16.961670  
3491542004738 -1.063538 -23.498535 16.960144  
3491561902199 -1.063538 -23.498535 16.960144  
3491581799660 -1.063538 -23.500061 17.109680  
3491601666603 -1.062012 -23.503113 17.855835  
3491621533546 -1.062012 -23.503113 17.855835  
3491641400490 -1.062012 -23.501587 17.706299  
3491661267433 -1.062012 -23.501587 17.706299  
3491681134376 -1.062012 -23.501587 17.706299  
3491701031837 -0.762939 -23.503113 17.706299  
3491720898781 0.141907 -23.506165 17.707825  
3491740765724 -0.160217 -23.657227 17.561340  
3491760632667 -0.161743 -23.655701 17.112732  
3491780499611 -0.161743 -23.504639 17.111206  
3491800336037 -0.161743 -23.504639 17.111206  
3491820233498 -0.161743 -23.504639 17.111206  
3491840100441 -0.163269 -23.651123 16.217041  
3491859967384 -0.163269 -23.651123 16.217041  
3491879864845 -0.161743 -23.950195 16.218567  
3491899731789 -0.161743 -23.950195 16.218567  
3491919598732 -0.161743 -23.950195 16.218567  
3491939496193 -0.463867 -23.649597 16.217041  
3491959363136 -0.463867 -23.649597 16.217041  
3491979260597 -0.462341 -23.651123 16.665649  
3491999127540 -0.460815 -23.654175 17.262268  
3492018994484 -0.460815 -23.803711 17.112732  
3492038861427 -0.460815 -23.802185 16.963196  
3492058728371 -0.460815 -23.802185 16.813660  
3492078625832 -0.459290 -24.104309 16.815186  
3492098492775 -0.459290 -24.102783 16.667175  
3492118359718 -0.459290 -24.102783 16.667175  
3492138226662 -0.459290 -24.102783 16.667175  
3492158124123 -0.459290 -24.102783 16.667175  
3492177991066 -0.459290 -24.102783 16.667175  
3492197888527 -0.459290 -24.102783 16.667175  
3492217755470 -0.610352 -24.101257 16.665649  
3492237622414 -0.611877 -23.800659 16.812134  
3492257489357 -0.608826 -23.805237 18.005371  
3492277356300 -0.608826 -23.805237 18.005371  
3492297223244 -0.610352 -23.504639 18.003845  
3492317120705 -0.611877 -23.655701 17.857361  
3492336987648 -0.160217 -23.658752 17.858887  
3492356854591 -0.160217 -23.658752 17.858887  
3492376721535 -1.513672 -23.651123 17.706299  
3492396588478 -0.762939 -23.654175 17.707825  
3492416455421 -0.761414 -23.803711 17.707825  
3492436322365 -0.761414 -23.803711 17.559814  
3492456250343 -0.761414 -23.803711 17.559814  
3492476117287 -0.610352 -23.802185 17.260742  
3492495984230 -0.610352 -23.803711 17.559814  
3492515851173 -0.610352 -23.803711 17.559814  
3492535718117 -0.610352 -23.803711 17.559814  
3492555615578 -0.610352 -23.803711 17.559814  
3492575482521 -0.610352 -23.803711 17.559814  
3492595349464 -0.459290 -23.805237 17.561340  
3492615216408 -0.459290 -23.805237 17.561340  
3492635083351 -0.459290 -23.805237 17.561340  
3492654950294 -0.158691 -23.806763 17.561340  
3492674817238 -0.158691 -23.806763 17.561340  
3492694714699 -0.158691 -23.806763 17.561340  
3492714581642 -0.158691 -23.806763 17.561340  
3492734479103 -0.158691 -23.806763 17.561340  
3492754346046 -0.158691 -23.806763 17.561340  
3492774212990 -0.158691 -23.806763 17.561340  
3492794079933 -0.158691 -23.806763 17.561340  
3492813946876 -0.158691 -23.806763 17.561340  
3492833844337 -0.158691 -23.806763 17.561340  
3492853711281 -0.158691 -23.806763 17.561340  
3492873578224 -0.158691 -23.806763 17.561340  
3492893445167 -0.160217 -23.657227 17.561340  
3492913312111 -0.160217 -23.657227 17.709351  
3492933179054 -0.160217 -23.657227 17.709351  
3492953076515 -0.160217 -23.657227 17.561340  
3492972943458 -0.460815 -23.504639 17.559814  
3492992810402 -0.460815 -23.504639 17.559814  
3493012707863 -0.460815 -23.504639 17.559814  
3493032574806 -0.460815 -23.504639 17.559814  
3493052441749 -0.460815 -23.504639 17.559814  
3493072339210 -0.460815 -23.504639 17.559814  
3493092206154 -0.460815 -23.655701 17.561340  
3493112073097 -0.460815 -23.655701 17.561340  
