# Created at Tue Jun 01 16:21:27 GMT+02:00 2021 in Burnaby Canada 
3489177075539 0.005117 0.005458 -0.999954 0.006081 
3489196942482 0.005139 0.005438 -0.999953 0.006108 
3489216839943 0.005136 0.005437 -0.999953 0.006156 
3489236676369 0.005133 0.005418 -0.999953 0.006207 
3489256573830 0.005114 0.005418 -0.999953 0.006246 
3489276440773 0.005112 0.005433 -0.999952 0.006273 
3489296338234 0.005111 0.005423 -0.999952 0.006301 
3489316205177 0.005126 0.005422 -0.999952 0.006319 
3489336072121 0.005115 0.005445 -0.999952 0.006359 
3489355939064 0.005130 0.005410 -0.999952 0.006382 
3489375836525 0.005135 0.005417 -0.999952 0.006417 
3489395703468 0.005123 0.005425 -0.999951 0.006467 
3489415570412 0.005137 0.005456 -0.999951 0.006500 
3489435437355 0.005133 0.005453 -0.999951 0.006547 
3489455304298 0.005146 0.005450 -0.999950 0.006582 
3489475171242 0.005158 0.005447 -0.999950 0.006620 
3489495038185 0.005145 0.005452 -0.999950 0.006678 
3489514935646 0.005133 0.005465 -0.999949 0.006738 
3489534802589 0.005113 0.005486 -0.999949 0.006805 
3489554669533 0.005127 0.005505 -0.999948 0.006848 
3489574536476 0.005116 0.005498 -0.999948 0.006845 
3489594433937 0.005105 0.005500 -0.999948 0.006841 
3489614300880 0.005137 0.005485 -0.999949 0.006817 
3489634167824 0.005133 0.005504 -0.999948 0.006820 
3489654065285 0.005138 0.005513 -0.999948 0.006817 
3489673932228 0.005159 0.005506 -0.999948 0.006801 
3489693799171 0.005170 0.005523 -0.999948 0.006792 
3489713666115 0.005164 0.005524 -0.999948 0.006797 
3489733533058 0.005167 0.005540 -0.999948 0.006795 
3489753400001 0.005161 0.005530 -0.999948 0.006799 
3489773266945 0.005164 0.005513 -0.999948 0.006797 
3489793133888 0.005167 0.005514 -0.999948 0.006795 
3489813031349 0.005169 0.005506 -0.999948 0.006793 
3489832898292 0.005155 0.005483 -0.999949 0.006803 
3489852765236 0.005167 0.005486 -0.999949 0.006794 
3489872662697 0.005161 0.005505 -0.999948 0.006799 
3489892499123 0.005164 0.005490 -0.999949 0.006796 
3489912366066 0.005150 0.005492 -0.999949 0.006807 
3489932263527 0.005146 0.005469 -0.999949 0.006811 
3489952130470 0.005158 0.005464 -0.999949 0.006801 
3489971997414 0.005169 0.005493 -0.999949 0.006793 
3489991864357 0.005147 0.005503 -0.999948 0.006810 
3490011731300 0.005151 0.005488 -0.999949 0.006806 
3490031598244 0.005155 0.005490 -0.999949 0.006804 
3490051495705 0.005166 0.005485 -0.999949 0.006795 
3490071362648 0.005153 0.005487 -0.999949 0.006805 
3490091229591 0.005148 0.005473 -0.999949 0.006809 
3490111127052 0.005160 0.005452 -0.999949 0.006800 
3490130993996 0.005163 0.005440 -0.999949 0.006797 
3490150891457 0.005133 0.005421 -0.999949 0.006820 
3490170758400 0.005121 0.005444 -0.999949 0.006829 
3490190625343 0.005111 0.005441 -0.999949 0.006837 
3490210492287 0.005093 0.005430 -0.999949 0.006851 
3490230389748 0.005141 0.005437 -0.999949 0.006814 
3490250256691 0.005098 0.005469 -0.999949 0.006847 
3490270123634 0.005073 0.005399 -0.999949 0.006866 
3490289990578 0.005268 0.005562 -0.999948 0.006718 
3490309857521 0.005166 0.005527 -0.999948 0.006795 
3490329724464 0.005015 0.005405 -0.999949 0.006910 
3490349591408 0.005037 0.005430 -0.999949 0.006894 
3490369458351 0.005226 0.005648 -0.999948 0.006750 
3490389325294 0.005150 0.005631 -0.999948 0.006807 
3490409222755 0.005001 0.005462 -0.999949 0.006921 
3490429089699 0.005040 0.005484 -0.999949 0.006891 
3490448987160 0.005269 0.005689 -0.999947 0.006717 
3490468854103 0.005159 0.005596 -0.999948 0.006800 
3490488721046 0.005039 0.005426 -0.999949 0.006892 
3490508587990 0.005173 0.005540 -0.999948 0.006790 
3490528454933 0.005215 0.005694 -0.999947 0.006758 
3490548352394 0.005039 0.005504 -0.999950 0.006726 
3490568219337 0.005042 0.005471 -0.999951 0.006555 
3490588086281 0.005273 0.005677 -0.999951 0.006206 
3490607953224 0.005148 0.005609 -0.999952 0.006126 
3490627820167 0.005012 0.005452 -0.999954 0.006051 
3490647687111 0.005248 0.005613 -0.999954 0.005691 
3490667554054 0.005253 0.005662 -0.999955 0.005503 
3490687420998 0.005074 0.005479 -0.999958 0.005259 
3490707287941 0.005157 0.005577 -0.999959 0.004916 
3490727215919 0.005275 0.005717 -0.999959 0.004649 
3490747082863 0.005102 0.005582 -0.999961 0.004603 
3490766949806 0.005078 0.005543 -0.999962 0.004444 
3490786816749 0.005265 0.005733 -0.999961 0.004127 
3490806683693 0.005149 0.005653 -0.999963 0.004039 
3490826550636 0.005039 0.005509 -0.999965 0.003827 
3490846448097 0.005273 0.005687 -0.999964 0.003362 
3490866315040 0.005173 0.005673 -0.999966 0.003155 
3490886181984 0.005013 0.005477 -0.999968 0.002863 
3490906048927 0.005193 0.005650 -0.999968 0.002458 
3490925915871 0.005188 0.005711 -0.999968 0.002198 
3490945782814 0.005036 0.005524 -0.999970 0.002053 
3490965680275 0.005139 0.005625 -0.999969 0.001723 
3490985547218 0.005203 0.005753 -0.999969 0.001427 
3491005414162 0.005062 0.005574 -0.999971 0.001293 
3491025311623 0.005091 0.005568 -0.999971 0.001035 
3491045178566 0.005214 0.005746 -0.999970 0.000716 
3491065045509 0.005078 0.005616 -0.999971 0.000758 
3491084942970 0.005006 0.005550 -0.999972 0.000753 
3491104809914 0.005201 0.005731 -0.999970 0.000538 
3491124676857 0.005090 0.005610 -0.999971 0.000557 
3491144543800 0.004984 0.005494 -0.999972 0.000575 
3491164410744 0.005231 0.005713 -0.999970 0.000325 
3491184277687 0.005142 0.005641 -0.999971 0.000336 
3491204175148 0.005007 0.005466 -0.999972 0.000385 
3491224042091 0.005246 0.005647 -0.999970 0.000153 
3491243909035 0.005133 0.005667 -0.999970 0.001301 
3491263775978 0.004987 0.005494 -0.999970 0.002048 
3491283642921 0.005156 0.005653 -0.999968 0.002519 
3491303540382 0.005149 0.005702 -0.999966 0.003098 
3491323407326 0.004971 0.005512 -0.999965 0.003781 
3491343304787 0.005115 0.005636 -0.999962 0.004190 
3491363171730 0.005151 0.005728 -0.999959 0.004657 
3491383038673 0.005007 0.005521 -0.999959 0.005237 
3491402905617 0.005074 0.005603 -0.999956 0.005633 
3491422772560 0.005169 0.005721 -0.999952 0.005987 
3491442639503 0.005017 0.005548 -0.999951 0.006514 
3491462536964 0.005052 0.005589 -0.999948 0.006867 
3491482403908 0.005169 0.005749 -0.999942 0.007532 
3491502270851 0.005029 0.005608 -0.999937 0.008349 
3491522137794 0.005012 0.005590 -0.999931 0.009031 
3491542004738 0.005188 0.005807 -0.999924 0.009530 
3491561902199 0.005047 0.005678 -0.999919 0.010231 
3491581799660 0.004946 0.005588 -0.999913 0.010864 
3491601666603 0.005152 0.005808 -0.999907 0.011219 
3491621533546 0.005053 0.005760 -0.999901 0.011773 
3491641400490 0.004943 0.005597 -0.999896 0.012308 
3491661267433 0.005127 0.005794 -0.999891 0.012594 
3491681134376 0.005061 0.005803 -0.999885 0.013042 
3491701031837 0.004937 0.005628 -0.999886 0.013096 
3491720898781 0.005139 0.005774 -0.999902 0.011658 
3491740765724 0.005145 0.005802 -0.999911 0.010864 
3491760632667 0.005004 0.005632 -0.999919 0.010238 
3491780499611 0.005158 0.005746 -0.999926 0.009442 
3491800336037 0.005163 0.005809 -0.999931 0.008802 
3491820233498 0.005038 0.005624 -0.999937 0.008298 
3491840100441 0.005141 0.005688 -0.999941 0.007675 
3491859967384 0.005154 0.005788 -0.999944 0.007153 
3491879864845 0.004982 0.005605 -0.999949 0.006795 
3491899731789 0.005104 0.005661 -0.999951 0.006251 
3491919598732 0.005186 0.005772 -0.999953 0.005767 
3491939496193 0.005051 0.005602 -0.999954 0.005897 
3491959363136 0.005101 0.005644 -0.999954 0.005890 
3491979260597 0.005196 0.005798 -0.999953 0.005839 
3491999127540 0.005027 0.005634 -0.999954 0.005969 
3492018994484 0.005048 0.005602 -0.999954 0.005960 
3492038861427 0.005210 0.005781 -0.999953 0.005850 
3492058728371 0.005074 0.005618 -0.999954 0.005959 
3492078625832 0.005042 0.005554 -0.999954 0.005983 
3492098492775 0.005214 0.005746 -0.999953 0.005862 
3492118359718 0.005093 0.005610 -0.999954 0.005953 
3492138226662 0.005019 0.005514 -0.999954 0.006009 
3492158124123 0.005227 0.005693 -0.999953 0.005863 
3492177991066 0.005080 0.005568 -0.999954 0.005971 
3492197888527 0.004974 0.005450 -0.999954 0.006050 
3492217755470 0.005217 0.005660 -0.999952 0.006089 
3492237622414 0.005061 0.005571 -0.999951 0.006405 
3492257489357 0.004955 0.005436 -0.999951 0.006651 
3492277356300 0.005191 0.005632 -0.999949 0.006639 
3492297223244 0.005086 0.005601 -0.999948 0.006872 
3492317120705 0.005002 0.005431 -0.999948 0.007080 
3492336987648 0.005207 0.005592 -0.999950 0.006435 
3492356854591 0.005112 0.005545 -0.999953 0.006041 
3492376721535 0.004953 0.005400 -0.999944 0.007626 
3492396588478 0.005173 0.005584 -0.999941 0.007783 
3492416455421 0.005116 0.005614 -0.999938 0.008117 
3492436322365 0.004940 0.005437 -0.999937 0.008520 
3492456250343 0.005079 0.005544 -0.999934 0.008674 
3492476117287 0.005086 0.005601 -0.999934 0.008700 
3492495984230 0.004939 0.005408 -0.999934 0.008834 
3492515851173 0.005078 0.005507 -0.999934 0.008754 
3492535718117 0.005093 0.005623 -0.999933 0.008766 
3492555615578 0.004971 0.005446 -0.999933 0.008876 
3492575482521 0.005033 0.005541 -0.999933 0.008849 
3492595349464 0.005159 0.005671 -0.999934 0.008561 
3492615216408 0.005010 0.005500 -0.999936 0.008490 
3492635083351 0.004992 0.005461 -0.999938 0.008334 
3492654950294 0.005178 0.005624 -0.999942 0.007616 
3492674817238 0.005053 0.005526 -0.999946 0.007166 
3492694714699 0.004993 0.005401 -0.999950 0.006705 
3492714581642 0.005172 0.005610 -0.999952 0.006100 
3492734479103 0.005048 0.005514 -0.999956 0.005752 
3492754346046 0.004979 0.005405 -0.999958 0.005392 
3492774212990 0.005168 0.005623 -0.999959 0.004867 
3492794079933 0.005044 0.005533 -0.999961 0.004601 
3492813946876 0.004959 0.005400 -0.999964 0.004330 
3492833844337 0.005166 0.005601 -0.999964 0.003864 
3492853711281 0.005042 0.005489 -0.999965 0.003665 
3492873578224 0.004956 0.005373 -0.999967 0.003457 
3492893445167 0.005181 0.005561 -0.999967 0.003039 
3492913312111 0.005104 0.005524 -0.999968 0.002860 
3492933179054 0.004957 0.005349 -0.999970 0.002750 
3492953076515 0.005174 0.005548 -0.999968 0.002383 
3492972943458 0.005079 0.005547 -0.999968 0.002689 
3492992810402 0.004964 0.005363 -0.999969 0.002994 
3493012707863 0.005179 0.005547 -0.999967 0.003038 
3493032574806 0.005116 0.005530 -0.999966 0.003276 
3493052441749 0.005023 0.005372 -0.999967 0.003524 
3493072339210 0.005241 0.005555 -0.999965 0.003527 
3493092206154 0.005125 0.005529 -0.999964 0.003769 
3493112073097 0.004973 0.005363 -0.999965 0.004027 
3493131940040 0.005179 0.005522 -0.999963 0.004006 
3493151806984 0.005132 0.005547 -0.999963 0.004159 
3493171673927 0.004965 0.005389 -0.999964 0.004394 
3493191571388 0.005130 0.005505 -0.999962 0.004372 
3493211438332 0.005086 0.005563 -0.999961 0.004500 
3493231274757 0.004914 0.005404 -0.999962 0.004719 
3493251141701 0.005097 0.005561 -0.999960 0.004876 
3493271008644 0.005046 0.005568 -0.999958 0.005191 
3493290906105 0.004891 0.005392 -0.999958 0.005565 
3493310803566 0.005109 0.005559 -0.999956 0.005641 
3493330670509 0.005107 0.005606 -0.999954 0.005867 
3493350537453 0.004980 0.005428 -0.999954 0.006176 
3493370404396 0.005200 0.005601 -0.999952 0.006209 
3493390301857 0.005159 0.005613 -0.999950 0.006426 
3493410168800 0.005030 0.005460 -0.999950 0.006696 
3493430066261 0.005172 0.005564 -0.999948 0.006751 
3493449933205 0.005189 0.005660 -0.999947 0.006889 
3493469800148 0.005028 0.005495 -0.999948 0.006938 
3493489667091 0.005154 0.005545 -0.999948 0.006782 
3493509534035 0.005190 0.005666 -0.999948 0.006703 
3493529431496 0.004989 0.005477 -0.999949 0.006803 
3493549298439 0.005084 0.005529 -0.999949 0.006693 
3493569165382 0.005142 0.005618 -0.999949 0.006614 
3493589062843 0.005002 0.005467 -0.999950 0.006691 
3493608929787 0.005047 0.005511 -0.999950 0.006629 
3493628827248 0.005139 0.005650 -0.999950 0.006533 
3493648694191 0.004999 0.005480 -0.999951 0.006616 
3493668561134 0.005061 0.005522 -0.999951 0.006546 
3493688428078 0.005136 0.005645 -0.999950 0.006469 
3493708295021 0.004995 0.005477 -0.999950 0.006775 
3493728161964 0.005056 0.005473 -0.999947 0.007127 
3493748028908 0.005177 0.005616 -0.999944 0.007386 
3493767926369 0.005000 0.005451 -0.999942 0.007845 
3493787793312 0.005052 0.005488 -0.999941 0.007894 
3493807660255 0.005126 0.005598 -0.999940 0.007921 
3493827527199 0.004970 0.005432 -0.999940 0.008118 
3493847394142 0.005032 0.005486 -0.999939 0.008143 
3493867261085 0.005124 0.005596 -0.999938 0.008139 
3493887158546 0.004976 0.005422 -0.999938 0.008316 
3493907056007 0.005088 0.005495 -0.999938 0.008288 
3493926922951 0.005152 0.005596 -0.999937 0.008294 
3493946789894 0.005009 0.005429 -0.999937 0.008467 
3493966656837 0.005128 0.005519 -0.999936 0.008436 
3493986523781 0.005115 0.005593 -0.999935 0.008502 
3494006390724 0.004975 0.005402 -0.999936 0.008661 
3494026257667 0.005104 0.005501 -0.999935 0.008611 
3494046155128 0.005110 0.005592 -0.999936 0.008436 
3494066022072 0.004946 0.005416 -0.999938 0.008393 
3494085889015 0.005054 0.005514 -0.999939 0.008143 
3494105755958 0.005073 0.005588 -0.999940 0.007979 
3494125622902 0.004943 0.005386 -0.999942 0.007939 
3494145489845 0.005126 0.005503 -0.999942 0.007669 
3494165387306 0.005148 0.005537 -0.999943 0.007531 
3494185284767 0.005037 0.005387 -0.999945 0.007502 
3494205151710 0.005214 0.005505 -0.999945 0.007270 
3494225018654 0.005173 0.005555 -0.999945 0.007212 
3494244885597 0.005061 0.005364 -0.999947 0.007212 
3494264752540 0.005228 0.005507 -0.999947 0.007016 
3494284619484 0.005194 0.005533 -0.999947 0.006978 
3494304516945 0.005056 0.005367 -0.999948 0.007023 
3494324383888 0.005210 0.005491 -0.999952 0.006208 
3494344250832 0.005206 0.005537 -0.999957 0.005343 
3494364117775 0.005079 0.005369 -0.999961 0.004842 
3494383984718 0.005273 0.005508 -0.999962 0.004141 
3494403851662 0.005264 0.005539 -0.999964 0.003628 
3494423718605 0.005141 0.005361 -0.999967 0.003236 
3494443646583 0.005315 0.005510 -0.999967 0.002651 
3494463513527 0.005312 0.005557 -0.999968 0.002229 
3494483380470 0.005169 0.005354 -0.999970 0.001941 
3494503247414 0.005349 0.005478 -0.999970 0.001434 
3494523114357 0.005272 0.005510 -0.999970 0.000931 
3494542981300 0.005131 0.005310 -0.999972 0.000729 
3494562848244 0.005305 0.005463 -0.999971 0.000525 
3494582715187 0.005212 0.005458 -0.999971 0.000528 
3494602612648 0.005082 0.005304 -0.999973 0.000563 
3494622479591 0.005292 0.005482 -0.999971 0.000345 
3494642346535 0.005208 0.005467 -0.999971 0.000354 
3494662213478 0.005092 0.005290 -0.999973 0.000826 
3494682080421 0.005334 0.005493 -0.999970 0.000589 
3494701947365 0.005256 0.005421 -0.999971 0.000590 
3494721814308 0.005132 0.005278 -0.999973 0.000630 
3494741742287 0.005312 0.005463 -0.999971 0.000442 
3494761609230 0.005178 0.005386 -0.999972 0.000492 
3494781476173 0.005115 0.005292 -0.999973 0.000487 
3494801343117 0.005264 0.005494 -0.999971 0.000326 
3494821210060 0.005180 0.005490 -0.999971 0.000769 
3494841077003 0.005077 0.005347 -0.999971 0.002057 
3494860974464 0.005250 0.005478 -0.999968 0.002622 
3494880841408 0.005214 0.005506 -0.999967 0.003061 
3494900708351 0.005089 0.005320 -0.999967 0.003550 
3494920575294 0.005278 0.005483 -0.999964 0.003779 
3494940442238 0.005241 0.005479 -0.999963 0.004153 
3494960309181 0.005107 0.005301 -0.999963 0.004361 
3494980176124 0.005296 0.005489 -0.999962 0.004318 
3495000043068 0.005198 0.005406 -0.999965 0.003629 
3495019971046 0.005090 0.005285 -0.999969 0.002800 
3495039837990 0.005299 0.005485 -0.999969 0.001999 
3495059704933 0.005152 0.005386 -0.999971 0.001506 
3495079571876 0.005071 0.005301 -0.999973 0.001002 
3495099438820 0.005248 0.005514 -0.999971 0.000340 
3495119305763 -0.005129 -0.005390 0.999972 0.000062 
3495139203224 -0.005040 -0.005288 0.999973 0.000454 
3495159070167 -0.005137 -0.005373 0.999972 0.000742 
3495178937111 -0.005137 -0.005379 0.999972 0.000944 
3495198804054 -0.005121 -0.005361 0.999972 0.001120 
3495218670998 -0.005139 -0.005384 0.999971 0.001309 
3495238537941 -0.005155 -0.005406 0.999971 0.001485 
3495258404884 -0.005146 -0.005411 0.999971 0.001631 
3495278302345 -0.005146 -0.005406 0.999971 0.001773 
3495298169289 -0.005154 -0.005419 0.999970 0.001912 
3495318066749 -0.005145 -0.005423 0.999970 0.002027 
3495337933693 -0.005137 -0.005426 0.999970 0.002135 
3495357800636 -0.005154 -0.005437 0.999969 0.002254 
