3271016721918 -0.607300 -24.406433 18.159485  
3271036588862 -0.607300 -24.107361 18.157959  
3271056455805 -0.607300 -24.107361 18.157959  
3271076353266 -0.758362 -24.107361 18.157959  
3271096220210 -0.759888 -24.105835 17.709351  
3271116087153 -0.608826 -24.105835 17.561340  
3271135954096 -0.457764 -24.107361 17.710876  
3271155821040 -0.457764 -24.107361 17.562866  
3271175718501 -0.457764 -24.107361 17.562866  
3271195585444 -0.457764 -24.105835 17.263794  
3271215452387 -0.457764 -24.105835 17.263794  
3271235319331 -0.457764 -24.105835 17.263794  
3271255186274 -0.457764 -24.105835 17.263794  
3271275083735 -0.457764 -24.105835 17.263794  
3271294981196 -0.457764 -24.105835 17.263794  
3271314848139 -0.457764 -24.105835 17.263794  
3271334715083 -0.457764 -24.105835 17.263794  
3271354582026 -0.457764 -24.105835 17.263794  
3271374448969 -0.457764 -24.105835 17.263794  
3271394346430 -0.457764 -24.105835 17.263794  
3271414213374 -0.457764 -24.105835 17.263794  
3271434080317 -0.457764 -24.105835 17.263794  
3271453947260 -0.457764 -24.105835 17.263794  
3271473814204 -0.457764 -24.105835 17.263794  
3271493681147 -0.459290 -23.953247 17.263794  
3271513548090 -0.459290 -23.953247 17.263794  
3271533415034 -0.459290 -23.953247 17.263794  
3271553343012 -0.460815 -23.654175 17.262268  
3271573209956 -0.460815 -23.654175 17.262268  
3271593076899 -0.611877 -23.652649 17.260742  
3271612943842 -0.613403 -23.202515 17.259216  
3271632810786 -0.611877 -23.501587 17.259216  
3271652677729 -0.764465 -23.204041 17.558289  
3271672575190 -0.764465 -23.204041 17.558289  
3271692442133 -0.764465 -23.204041 17.558289  
3271712309077 -0.613403 -23.204041 17.558289  
3271732176020 -0.611877 -23.205566 18.154907  
3271752042963 -0.611877 -23.205566 18.154907  
3271771909907 -0.611877 -23.057556 18.450928  
3271791807368 -0.460815 -23.207092 18.005371  
3271811674311 -0.611877 -23.205566 18.003845  
3271831571772 -0.611877 -23.205566 18.003845  
3271851438715 -0.611877 -23.205566 18.003845  
3271871305659 -0.611877 -23.205566 18.003845  
3271891172602 -0.459290 -23.657227 18.006897  
3271911070063 -0.459290 -23.506165 18.005371  
3271930937006 -0.459290 -23.506165 18.005371  
3271950803950 -0.610352 -23.504639 18.003845  
3271970670893 -0.610352 -23.504639 18.003845  
3271990537836 -0.610352 -23.655701 18.005371  
3272010435297 -0.608826 -23.805237 18.005371  
3272030302241 -0.607300 -24.107361 18.006897  
3272050169184 -0.607300 -24.107361 18.006897  
3272070036127 -0.607300 -24.107361 18.006897  
3272089903071 -0.758362 -24.107361 18.006897  
3272109770014 -0.758362 -24.107361 18.006897  
3272129667475 -0.758362 -24.107361 18.006897  
3272149564936 -0.758362 -24.107361 18.157959  
3272169431879 -0.759888 -23.954773 18.157959  
3272189298823 -0.759888 -23.805237 18.156433  
3272209165766 -0.761414 -23.655701 18.156433  
3272229063227 -0.610352 -23.504639 18.154907  
3272248930170 -0.611877 -23.205566 18.154907  
3272268797114 -0.610352 -23.655701 18.156433  
3272288664057 -0.610352 -23.655701 18.156433  
3272308531001 -0.610352 -23.655701 18.156433  
3272328397944 -0.610352 -23.655701 18.156433  
3272348295405 -0.610352 -23.655701 18.156433  
3272368162348 -0.610352 -23.655701 18.156433  
3272388029292 -0.610352 -23.655701 18.156433  
3272407926752 -0.610352 -23.655701 18.156433  
3272427793696 -0.610352 -23.504639 18.154907  
3272447660639 -0.610352 -23.504639 18.154907  
3272467558100 -0.613403 -22.904968 18.450928  
3272487425043 -0.613403 -22.904968 18.450928  
3272507291987 -0.613403 -22.904968 18.450928  
3272527158930 -0.613403 -22.904968 18.450928  
3272547025874 -0.764465 -22.904968 18.450928  
3272566892817 -0.764465 -22.904968 18.450928  
3272586759760 -0.762939 -23.057556 18.450928  
3272606626704 -0.762939 -23.205566 18.154907  
3272626524165 -0.761414 -23.504639 18.154907  
3272646391108 -0.761414 -23.504639 18.154907  
3272666258051 -0.761414 -23.504639 18.154907  
3272686124995 -0.759888 -23.805237 18.156433  
3272706022456 -0.759888 -23.805237 18.156433  
3272725919917 -0.755310 -24.856567 18.161011  
3272745786860 -0.758362 -24.107361 18.157959  
3272765653803 -0.759888 -23.954773 18.157959  
3272785520747 -0.759888 -23.954773 18.157959  
3272805387690 -0.608826 -23.954773 18.157959  
3272825254633 -0.608826 -23.954773 18.157959  
3272845121577 -0.608826 -23.954773 18.157959  
3272864988520 -0.608826 -23.954773 18.157959  
3272884885981 -0.608826 -23.954773 18.157959  
3272904752924 -0.608826 -23.954773 18.157959  
3272924619868 -0.608826 -23.954773 18.157959  
3272944486811 -0.608826 -23.954773 18.157959  
3272964384272 -0.608826 -23.954773 18.157959  
3272984281733 -0.608826 -23.954773 18.157959  
3273004148676 -0.608826 -23.954773 18.157959  
