# Created at Tue Jun 01 16:12:47 GMT+02:00 2021 in Burnaby Canada 
2969262999627 1018.566467 
2969296324822 1018.561584 
2969329650018 1018.567322 
2969362975213 1018.532898 
2969396300408 1018.628174 
2969429625604 1018.791504 
2969462950799 1019.049316 
2969496275994 1019.410095 
2969529601189 1019.876770 
2969562926385 1020.178406 
2969596251580 1020.495178 
2969629576775 1020.661621 
2969662901971 1020.711853 
2969696227166 1020.640137 
2969729552361 1020.537292 
2969762877557 1020.443665 
2969796202752 1020.362244 
2969829527947 1020.276123 
2969862853143 1020.193604 
2969896178338 1020.109558 
2969929503533 1020.026428 
2969962828729 1019.945007 
2969996153924 1019.870300 
2970029479119 1019.808533 
2970062804314 1019.750977 
2970096129510 1019.691650 
2970129454705 1019.630188 
2970162779900 1019.577698 
2970196105096 1019.515930 
2970229430291 1019.466309 
2970262755486 1019.420593 
2970296080682 1019.376221 
2970329405877 1019.342468 
2970362731072 1019.295715 
2970396056268 1019.283508 
2970429381463 1019.225586 
2970462706658 1019.199951 
2970496031854 1019.174744 
2970529357049 1019.136230 
2970562682244 1019.107422 
2970596007439 1019.094788 
2970629332635 1019.066711 
2970662657830 1019.031982 
2970695983025 1019.013855 
2970729308221 1018.969482 
2970762633416 1018.953308 
2970795958611 1018.926086 
2970829283807 1018.902283 
2970862609002 1018.901184 
2970895934197 1018.878906 
2970929259393 1018.888733 
2970962584588 1018.851074 
2970995909783 1018.870300 
2971029234979 1018.828125 
2971062560174 1018.845886 
2971095885369 1018.797180 
2971129210564 1018.811829 
2971162535760 1018.760803 
2971195860955 1018.770996 
2971229186150 1018.726318 
2971262511346 1018.750000 
2971295836541 1018.713562 
2971329161736 1018.739685 
2971362486932 1018.718689 
2971395812127 1018.736267 
2971429137322 1018.702087 
2971462462518 1018.709656 
2971495787713 1018.682617 
2971529112908 1018.685059 
2971562438104 1018.658752 
2971595763299 1018.666565 
2971629088494 1018.650208 
2971662413689 1018.662109 
2971695738885 1018.648926 
2971729064080 1018.646545 
2971762389275 1018.638000 
2971795714471 1018.630554 
2971829039666 1018.618958 
2971862364861 1018.615906 
2971895690057 1018.615479 
2971929015252 1018.601501 
2971962340447 1018.623230 
2971995665643 1018.592285 
2972028990838 1018.628113 
2972062316033 1018.588074 
2972095641229 1018.618347 
2972128966424 1018.582703 
2972162291619 1018.611816 
2972195616814 1018.578613 
2972228942010 1018.617371 
2972262267205 1018.571289 
2972295592400 1018.598450 
2972328917596 1018.566650 
2972362242791 1018.595947 
2972395567986 1018.555176 
2972428893182 1018.593750 
2972462218377 1018.561523 
2972495543572 1018.601074 
2972528868768 1018.560730 
2972562193963 1018.595398 
2972595519158 1018.564636 
2972628844354 1018.571716 
2972662169549 1018.560730 
2972695494744 1018.575500 
2972728819939 1018.570251 
2972762145135 1018.579285 
2972795470330 1018.580627 
2972828795525 1018.572571 
2972862120721 1018.580811 
2972895445916 1018.563660 
2972928771111 1018.577576 
2972962096307 1018.565979 
2972995421502 1018.580322 
2973028746697 1018.563782 
2973062071893 1018.574768 
2973095397088 1018.563171 
2973128722283 1018.582275 
2973162047479 1018.559814 
2973195372674 1018.585510 
2973228697869 1018.550476 
2973262023064 1018.578430 
2973295348260 1018.554443 
2973328673455 1018.592712 
2973361998650 1018.555481 
2973395323846 1018.591797 
2973428649041 1018.553040 
2973461974236 1018.581604 
2973495299432 1018.548096 
2973528624627 1018.578918 
2973561949822 1018.541260 
2973595275018 1018.565674 
2973628600213 1018.533936 
2973661925408 1018.561707 
2973695250604 1018.536560 
2973728575799 1018.566406 
2973761900994 1018.544128 
2973795226189 1018.557434 
2973828551385 1018.533203 
2973861876580 1018.546204 
2973895201775 1018.534363 
2973928526971 1018.547058 
2973961852166 1018.536560 
2973995177361 1018.551819 
2974028502557 1018.548889 
2974061827752 1018.551086 
2974095152947 1018.546570 
2974128478143 1018.545593 
2974161803338 1018.547119 
2974195128533 1018.537354 
2974228453729 1018.547363 
2974261778924 1018.538269 
2974295104119 1018.551208 
2974328429314 1018.527161 
2974361754510 1018.543213 
2974395079705 1018.511902 
2974428404900 1018.541809 
2974461730096 1018.519836 
2974495055291 1018.560486 
2974528380486 1018.535889 
2974561705682 1018.581848 
2974595030877 1018.552185 
2974628356072 1018.588562 
2974661681268 1018.551819 
2974695006463 1018.584778 
2974728331658 1018.547791 
2974761656854 1018.574036 
2974794982049 1018.541016 
2974828307244 1018.571045 
2974861632439 1018.534241 
2974894957635 1018.571838 
2974928282830 1018.542053 
2974961608025 1018.573792 
2974994933221 1018.539307 
2975028258416 1018.568420 
2975061583611 1018.543457 
2975094908807 1018.563660 
2975128234002 1018.551086 
2975161559197 1018.563416 
2975194884393 1018.551758 
2975228209588 1018.553162 
2975261534783 1018.550842 
2975294859979 1018.547668 
2975328185174 1018.549622 
2975361510369 1018.539734 
2975394835564 1018.553894 
2975428160760 1018.543945 
2975461485955 1018.535889 
2975494811150 1018.535339 
2975528136346 1018.539795 
2975561461541 1018.537170 
2975594786736 1018.545349 
2975628111932 1018.532959 
2975661437127 1018.398621 
2975694762322 1018.110291 
2975728087518 1017.689697 
2975761412713 1017.235352 
2975794737908 1016.832520 
2975828063104 1016.624939 
2975861388299 1016.666687 
2975894713494 1016.793152 
2975928038689 1016.858704 
2975961363885 1016.923523 
2975994689080 1016.916504 
2976028014275 1016.848450 
2976061339471 1016.844421 
2976094664666 1016.905762 
2976127989861 1016.967529 
2976161315057 1017.034180 
2976194640252 1017.100769 
2976227965447 1017.164307 
2976261290643 1017.223877 
2976294615838 1017.282227 
2976327941033 1017.334656 
2976361266229 1017.382813 
