# Created at Tue Jun 01 16:12:47 GMT+02:00 2021 in Burnaby Canada 
2969273161980 0.006274 0.004994 -0.999927 0.009036 
2969292998406 0.006270 0.004985 -0.999927 0.009024 
2969312804314 0.006272 0.004992 -0.999927 0.009004 
2969332610223 0.006292 0.005003 -0.999927 0.008974 
2969352446648 0.006306 0.005010 -0.999928 0.008947 
2969372252557 0.006309 0.005005 -0.999928 0.008932 
2969392088982 0.006256 0.005180 -0.999927 0.008959 
2969411925408 0.006162 0.005203 -0.999927 0.009019 
2969431731316 0.006184 0.005283 -0.999927 0.008992 
2969451537225 0.006222 0.005258 -0.999927 0.008951 
2969471373650 0.006255 0.005237 -0.999927 0.008915 
2969491179559 0.006287 0.005240 -0.999927 0.008880 
2969511015984 0.006289 0.005317 -0.999927 0.008826 
2969530821893 0.006280 0.005384 -0.999927 0.008781 
2969550627801 0.006267 0.005390 -0.999927 0.008785 
2969570464227 0.006286 0.005396 -0.999927 0.008765 
2969590270135 0.006280 0.005397 -0.999927 0.008762 
2969610076043 0.006267 0.005419 -0.999927 0.008766 
2969629912469 0.006263 0.005428 -0.999927 0.008763 
2969649718377 0.006255 0.005428 -0.999927 0.008765 
2969669524285 0.006246 0.005444 -0.999927 0.008766 
2969689360711 0.006250 0.005452 -0.999927 0.008759 
2969709197137 0.006250 0.005464 -0.999927 0.008754 
2969729033563 0.006238 0.005460 -0.999927 0.008760 
2969748839471 0.006226 0.005452 -0.999927 0.008764 
2969768645379 0.006247 0.005459 -0.999927 0.008743 
2969788481805 0.006263 0.005447 -0.999927 0.008724 
2969808287713 0.006270 0.005456 -0.999928 0.008714 
2969828093621 0.006290 0.005459 -0.999928 0.008694 
2969847930047 0.006300 0.005455 -0.999928 0.008681 
2969867735955 0.006307 0.005470 -0.999928 0.008671 
2969887541863 0.006293 0.005481 -0.999928 0.008676 
2969907378289 0.006287 0.005496 -0.999928 0.008674 
2969927184197 0.006302 0.005498 -0.999928 0.008655 
2969947020623 0.006309 0.005504 -0.999928 0.008642 
2969966857049 0.006311 0.005487 -0.999928 0.008641 
2969986662957 0.006333 0.005486 -0.999928 0.008624 
2970006499383 0.006330 0.005480 -0.999928 0.008626 
2970026305291 0.006339 0.005468 -0.999928 0.008619 
2970046111199 0.006341 0.005467 -0.999928 0.008618 
2970065947625 0.006333 0.005458 -0.999928 0.008624 
2970085753533 0.006339 0.005454 -0.999928 0.008619 
2970105559441 0.006332 0.005446 -0.999928 0.008625 
2970125395867 0.006313 0.005457 -0.999928 0.008639 
2970145201775 0.006323 0.005465 -0.999928 0.008632 
2970165038201 0.006320 0.005452 -0.999928 0.008633 
2970184844109 0.006326 0.005468 -0.999928 0.008629 
2970204650018 0.006323 0.005488 -0.999928 0.008631 
2970224486443 0.006317 0.005494 -0.999928 0.008636 
2970244292352 0.006320 0.005480 -0.999928 0.008634 
2970264128777 0.006309 0.005471 -0.999928 0.008642 
2970283965203 0.006303 0.005470 -0.999928 0.008647 
2970303771111 0.006305 0.005458 -0.999928 0.008645 
2970323577020 0.006279 0.005438 -0.999928 0.008665 
2970343413445 0.006339 0.005491 -0.999928 0.008619 
2970363219354 0.006374 0.005531 -0.999927 0.008593 
2970383025262 0.006366 0.005565 -0.999927 0.008599 
2970402861688 0.006475 0.005667 -0.999927 0.008515 
2970422667596 0.006399 0.005607 -0.999927 0.008574 
2970442504021 0.006312 0.005520 -0.999928 0.008640 
2970462309930 0.006396 0.005595 -0.999927 0.008576 
2970482115838 0.006435 0.005627 -0.999927 0.008546 
2970501952264 0.006336 0.005506 -0.999928 0.008622 
2970521758172 0.006374 0.005504 -0.999928 0.008593 
2970541594598 0.006459 0.005609 -0.999927 0.008528 
2970561431023 0.006327 0.005518 -0.999928 0.008629 
2970581236932 0.006267 0.005498 -0.999928 0.008674 
2970601042840 0.006341 0.005603 -0.999927 0.008617 
2970620879266 0.006302 0.005544 -0.999927 0.008648 
2970640685174 0.006183 0.005472 -0.999928 0.008739 
2970660521600 0.006299 0.005578 -0.999927 0.008650 
2970680327508 0.006310 0.005545 -0.999927 0.008642 
2970700133416 0.006198 0.005455 -0.999928 0.008727 
2970719969842 0.006281 0.005566 -0.999927 0.008663 
2970739775750 0.006288 0.005562 -0.999927 0.008658 
2970759581658 0.006223 0.005444 -0.999928 0.008708 
2970779418084 0.006301 0.005522 -0.999928 0.008649 
2970799223992 0.006279 0.005524 -0.999927 0.008666 
2970819029900 0.006181 0.005411 -0.999928 0.008740 
2970838866326 0.006301 0.005511 -0.999928 0.008648 
2970858702752 0.006271 0.005509 -0.999928 0.008671 
2970878539178 0.006165 0.005417 -0.999928 0.008752 
2970898345086 0.006294 0.005516 -0.999928 0.008653 
2970918150994 0.006277 0.005490 -0.999928 0.008667 
2970937987420 0.006162 0.005382 -0.999928 0.008755 
2970957793328 0.006275 0.005483 -0.999928 0.008668 
2970977599236 0.006266 0.005462 -0.999928 0.008675 
2970997435662 0.006164 0.005356 -0.999928 0.008753 
2971017241570 0.006277 0.005457 -0.999928 0.008667 
2971037047479 0.006265 0.005416 -0.999928 0.008676 
2971056883904 0.006208 0.005335 -0.999928 0.008719 
2971076689813 0.006312 0.005450 -0.999928 0.008640 
2971096495721 0.006261 0.005397 -0.999928 0.008679 
2971116332146 0.006200 0.005345 -0.999928 0.008726 
2971136168572 0.006308 0.005459 -0.999928 0.008643 
2971156004998 0.006249 0.005381 -0.999928 0.008688 
2971175810906 0.006217 0.005322 -0.999929 0.008713 
2971195616814 0.006324 0.005430 -0.999928 0.008631 
2971215453240 0.006260 0.005356 -0.999928 0.008680 
2971235259148 0.006248 0.005334 -0.999929 0.008689 
2971255065057 0.006366 0.005444 -0.999928 0.008599 
2971274901482 0.006260 0.005318 -0.999929 0.008679 
2971294707391 0.006284 0.005318 -0.999929 0.008661 
2971314513299 0.006368 0.005408 -0.999928 0.008597 
2971334349725 0.006243 0.005291 -0.999929 0.008693 
2971354155633 0.006271 0.005329 -0.999929 0.008671 
2971373992059 0.006344 0.005398 -0.999928 0.008616 
2971393797967 0.006227 0.005289 -0.999929 0.008705 
2971413634393 0.006276 0.005348 -0.999928 0.008668 
2971433470818 0.006319 0.005400 -0.999928 0.008635 
2971453276727 0.006231 0.005302 -0.999929 0.008702 
2971473082635 0.006313 0.005369 -0.999928 0.008639 
2971492919061 0.006335 0.005396 -0.999928 0.008623 
2971512724969 0.006206 0.005299 -0.999929 0.008721 
2971532530877 0.006317 0.005385 -0.999928 0.008636 
2971552367303 0.006302 0.005383 -0.999928 0.008648 
2971572173211 0.006206 0.005299 -0.999929 0.008721 
2971592009637 0.006333 0.005418 -0.999928 0.008624 
2971611815545 0.006293 0.005382 -0.999928 0.008654 
2971631621453 0.006230 0.005326 -0.999929 0.008703 
2971651457879 0.006336 0.005440 -0.999928 0.008622 
2971671263787 0.006283 0.005398 -0.999928 0.008662 
2971691100213 0.006268 0.005359 -0.999928 0.008673 
2971710936639 0.006389 0.005452 -0.999928 0.008581 
2971730742547 0.006286 0.005369 -0.999928 0.008660 
2971750548455 0.006252 0.005343 -0.999928 0.008685 
2971770384881 0.006353 0.005448 -0.999928 0.008608 
2971790190789 0.006259 0.005369 -0.999928 0.008680 
2971809996697 0.006271 0.005408 -0.999928 0.008672 
2971829833123 0.006362 0.005506 -0.999928 0.008602 
2971849639031 0.006264 0.005397 -0.999928 0.008676 
2971869475457 0.006304 0.005435 -0.999928 0.008646 
2971889281365 0.006378 0.005513 -0.999928 0.008589 
2971909087273 0.006251 0.005419 -0.999928 0.008687 
2971928923699 0.006299 0.005453 -0.999928 0.008650 
2971948729607 0.006350 0.005498 -0.999928 0.008611 
2971968566033 0.006224 0.005397 -0.999928 0.008707 
2971988402459 0.006293 0.005468 -0.999928 0.008654 
2972008208367 0.006316 0.005496 -0.999928 0.008637 
2972028014275 0.006223 0.005403 -0.999928 0.008708 
2972047850701 0.006329 0.005507 -0.999928 0.008627 
2972067656609 0.006313 0.005516 -0.999928 0.008639 
2972087493035 0.006214 0.005407 -0.999928 0.008715 
2972107298943 0.006345 0.005502 -0.999928 0.008615 
2972127104852 0.006292 0.005471 -0.999928 0.008655 
2972146941277 0.006206 0.005404 -0.999928 0.008721 
2972166747186 0.006320 0.005524 -0.999928 0.008634 
2972186553094 0.006260 0.005467 -0.999928 0.008679 
2972206389520 0.006243 0.005426 -0.999928 0.008693 
2972226195428 0.006356 0.005556 -0.999927 0.008607 
2972246001336 0.006262 0.005483 -0.999928 0.008678 
2972265837762 0.006233 0.005444 -0.999928 0.008701 
2972285674188 0.006318 0.005567 -0.999927 0.008635 
2972305480096 0.006210 0.005472 -0.999928 0.008718 
2972325316521 0.006208 0.005459 -0.999928 0.008720 
2972345122430 0.006229 0.005446 -0.999928 0.008704 
2972364958855 0.006127 0.005339 -0.999928 0.008781 
2972384764764 0.006168 0.005375 -0.999928 0.008750 
2972404570672 0.006215 0.005451 -0.999928 0.008714 
2972424407098 0.006118 0.005348 -0.999928 0.008788 
2972444213006 0.006204 0.005404 -0.999928 0.008723 
2972464018914 0.006205 0.005446 -0.999928 0.008722 
2972483855340 0.006129 0.005336 -0.999928 0.008780 
2972503661248 0.006244 0.005433 -0.999928 0.008692 
2972523497674 0.006256 0.005454 -0.999928 0.008683 
2972543334100 0.006162 0.005347 -0.999928 0.008754 
2972563140008 0.006262 0.005441 -0.999928 0.008678 
2972582976434 0.006270 0.005461 -0.999928 0.008672 
2972602782342 0.006152 0.005343 -0.999928 0.008762 
2972622588250 0.006216 0.005376 -0.999928 0.008713 
2972642424676 0.006261 0.005435 -0.999928 0.008679 
2972662230584 0.006167 0.005325 -0.999929 0.008751 
2972682036492 0.006214 0.005378 -0.999928 0.008715 
2972701872918 0.006259 0.005421 -0.999928 0.008680 
2972721678826 0.006141 0.005315 -0.999929 0.008771 
2972741515252 0.006225 0.005389 -0.999928 0.008706 
2972761321160 0.006262 0.005415 -0.999928 0.008678 
2972781127068 0.006188 0.005309 -0.999929 0.008735 
2972800963494 0.006287 0.005424 -0.999928 0.008659 
2972820769402 0.006257 0.005416 -0.999928 0.008682 
2972840605828 0.006176 0.005347 -0.999928 0.008744 
2972860442254 0.006283 0.005469 -0.999928 0.008662 
2972880248162 0.006245 0.005415 -0.999928 0.008691 
2972900054070 0.006224 0.005378 -0.999928 0.008707 
2972919890496 0.006322 0.005479 -0.999928 0.008632 
2972939696404 0.006230 0.005408 -0.999928 0.008703 
2972959532830 0.006210 0.005380 -0.999928 0.008718 
2972979338738 0.006308 0.005485 -0.999928 0.008643 
2972999144646 0.006204 0.005393 -0.999928 0.008722 
2973018981072 0.006218 0.005402 -0.999928 0.008712 
2973038786980 0.006312 0.005502 -0.999928 0.008640 
2973058592889 0.006224 0.005413 -0.999928 0.008707 
2973078429314 0.006221 0.005387 -0.999928 0.008710 
2973098235223 0.006327 0.005475 -0.999928 0.008629 
2973118071648 0.006226 0.005379 -0.999928 0.008706 
2973137908074 0.006231 0.005389 -0.999928 0.008702 
2973157713982 0.006308 0.005505 -0.999928 0.008643 
2973177550408 0.006192 0.005416 -0.999928 0.008732 
2973197356316 0.006205 0.005449 -0.999928 0.008721 
2973217162225 0.006267 0.005511 -0.999928 0.008674 
2973236998650 0.006153 0.005402 -0.999928 0.008762 
2973256804559 0.006213 0.005452 -0.999928 0.008716 
2973276610467 0.006246 0.005520 -0.999928 0.008690 
2973296446893 0.006136 0.005435 -0.999928 0.008774 
2973316252801 0.006233 0.005533 -0.999927 0.008700 
2973336058709 0.006229 0.005526 -0.999927 0.008704 
2973355895135 0.006148 0.005457 -0.999928 0.008765 
2973375701043 0.006237 0.005547 -0.999927 0.008697 
2973395506951 0.006184 0.005483 -0.999928 0.008738 
2973415343377 0.006129 0.005400 -0.999928 0.008780 
2973435179803 0.006246 0.005508 -0.999928 0.008690 
2973455016229 0.006189 0.005477 -0.999928 0.008734 
2973474822137 0.006151 0.005438 -0.999928 0.008763 
2973494628045 0.006251 0.005546 -0.999927 0.008687 
2973514464471 0.006138 0.005448 -0.999928 0.008773 
2973534270379 0.006169 0.005452 -0.999928 0.008749 
2973554076287 0.006248 0.005518 -0.999928 0.008689 
2973573912713 0.006154 0.005393 -0.999928 0.008760 
2973593718621 0.006223 0.005429 -0.999928 0.008708 
2973613524529 0.006232 0.005478 -0.999928 0.008701 
2973633360955 0.006136 0.005367 -0.999928 0.008775 
2973653166863 0.006232 0.005480 -0.999928 0.008701 
2973673003289 0.006197 0.005458 -0.999928 0.008728 
2973692839715 0.006150 0.005408 -0.999928 0.008764 
2973712645623 0.006259 0.005496 -0.999928 0.008681 
2973732482049 0.006157 0.005412 -0.999928 0.008758 
2973752287957 0.006156 0.005398 -0.999928 0.008759 
2973772093865 0.006261 0.005498 -0.999928 0.008679 
2973791930291 0.006150 0.005389 -0.999928 0.008764 
2973811736199 0.006186 0.005420 -0.999928 0.008736 
2973831542107 0.006249 0.005466 -0.999928 0.008688 
2973851378533 0.006135 0.005363 -0.999928 0.008775 
2973871184441 0.006224 0.005444 -0.999928 0.008707 
2973891020867 0.006204 0.005451 -0.999928 0.008723 
2973910826775 0.006144 0.005373 -0.999928 0.008769 
2973930632684 0.006249 0.005462 -0.999928 0.008688 
2973950469109 0.006224 0.005445 -0.999928 0.008707 
2973970305535 0.006172 0.005391 -0.999928 0.008747 
2973990111443 0.006276 0.005499 -0.999928 0.008668 
2974009947869 0.006181 0.005436 -0.999928 0.008740 
2974029753777 0.006159 0.005424 -0.999928 0.008757 
2974049559686 0.006263 0.005522 -0.999927 0.008678 
2974069396111 0.006177 0.005426 -0.999928 0.008743 
2974089202020 0.006192 0.005442 -0.999928 0.008732 
2974109007928 0.006254 0.005508 -0.999928 0.008684 
2974128844354 0.006145 0.005412 -0.999928 0.008768 
2974148650262 0.006221 0.005470 -0.999928 0.008709 
2974168486688 0.006238 0.005490 -0.999928 0.008697 
2974188292596 0.006153 0.005413 -0.999928 0.008762 
2974208098504 0.006270 0.005513 -0.999928 0.008672 
2974227934930 0.006220 0.005474 -0.999928 0.008710 
2974247740838 0.006176 0.005412 -0.999928 0.008744 
2974267577264 0.006271 0.005515 -0.999928 0.008671 
2974287413689 0.006189 0.005422 -0.999928 0.008734 
2974307219598 0.006195 0.005427 -0.999928 0.008729 
2974327025506 0.006266 0.005490 -0.999928 0.008675 
2974346861932 0.006160 0.005374 -0.999928 0.008757 
2974366667840 0.006256 0.005442 -0.999928 0.008683 
2974386504266 0.006235 0.005458 -0.999928 0.008699 
2974406310174 0.006178 0.005392 -0.999928 0.008743 
2974426116082 0.006318 0.005496 -0.999928 0.008635 
2974445952508 0.006239 0.005416 -0.999928 0.008696 
2974465758416 0.006251 0.005421 -0.999928 0.008687 
2974485564324 0.006324 0.005508 -0.999928 0.008631 
2974505400750 0.006216 0.005391 -0.999928 0.008714 
2974525206658 0.006249 0.005410 -0.999928 0.008688 
2974545043084 0.006305 0.005484 -0.999928 0.008645 
2974564879510 0.006189 0.005380 -0.999928 0.008734 
2974584685418 0.006247 0.005443 -0.999928 0.008689 
2974604491326 0.006262 0.005499 -0.999928 0.008678 
2974624327752 0.006172 0.005411 -0.999928 0.008747 
2974644133660 0.006291 0.005506 -0.999928 0.008656 
2974663970086 0.006268 0.005475 -0.999928 0.008674 
2974683775994 0.006222 0.005445 -0.999928 0.008708 
2974703581902 0.006324 0.005547 -0.999927 0.008631 
2974723418328 0.006248 0.005465 -0.999928 0.008689 
2974743224236 0.006252 0.005469 -0.999928 0.008686 
2974763030145 0.006256 0.005461 -0.999928 0.008683 
2974782866570 0.006141 0.005341 -0.999928 0.008770 
2974802672479 0.006214 0.005386 -0.999928 0.008715 
2974822478387 0.006223 0.005436 -0.999928 0.008708 
2974842314813 0.006129 0.005346 -0.999928 0.008780 
2974862151238 0.006230 0.005440 -0.999928 0.008703 
2974881987664 0.006339 0.005530 -0.999927 0.008619 
2974901793572 0.006283 0.005514 -0.999928 0.008662 
2974921599480 0.006431 0.005615 -0.999927 0.008549 
2974941435906 0.006295 0.005506 -0.999928 0.008653 
2974961241814 0.006302 0.005529 -0.999927 0.008648 
2974981047723 0.006372 0.005588 -0.999927 0.008594 
2975000884148 0.006286 0.005468 -0.999928 0.008660 
2975020690057 0.006362 0.005509 -0.999928 0.008601 
2975040526482 0.006378 0.005548 -0.999927 0.008589 
2975060332391 0.006292 0.005434 -0.999928 0.008655 
2975080138299 0.006388 0.005545 -0.999927 0.008582 
2975099974725 0.006346 0.005533 -0.999927 0.008614 
2975119811150 0.006286 0.005452 -0.999928 0.008660 
2975139617059 0.006378 0.005554 -0.999927 0.008589 
2975159453484 0.006283 0.005452 -0.999928 0.008662 
2975179259393 0.006290 0.005452 -0.999928 0.008657 
2975199065301 0.006360 0.005518 -0.999928 0.008603 
2975218901727 0.006258 0.005425 -0.999928 0.008681 
2975238707635 0.006344 0.005491 -0.999928 0.008615 
2975258513543 0.006281 0.005469 -0.999928 0.008663 
2975278349969 0.006212 0.005428 -0.999928 0.008717 
2975298155877 0.006221 0.005445 -0.999928 0.008710 
2975317992303 0.006249 0.005457 -0.999928 0.008688 
2975337798211 0.006260 0.005468 -0.999928 0.008679 
2975357604119 0.006259 0.005455 -0.999928 0.008680 
2975377440545 0.006258 0.005454 -0.999928 0.008681 
2975397246453 0.006265 0.005442 -0.999928 0.008676 
2975417082879 0.006276 0.005429 -0.999928 0.008668 
2975436919305 0.006282 0.005421 -0.999928 0.008663 
2975456725213 0.006272 0.005430 -0.999928 0.008670 
2975476561639 0.006271 0.005435 -0.999928 0.008672 
2975496367547 0.006269 0.005439 -0.999928 0.008673 
2975516173455 0.006264 0.005447 -0.999928 0.008677 
2975536009881 0.006262 0.005451 -0.999928 0.008678 
2975555815789 0.006274 0.005446 -0.999928 0.008669 
2975575621697 0.006264 0.005433 -0.999928 0.008677 
2975595458123 0.006278 0.005414 -0.999928 0.008666 
2975615264031 0.006316 0.005301 -0.999929 0.008637 
2975635100457 0.006338 0.005264 -0.999929 0.008620 
2975654906365 0.006313 0.005418 -0.999928 0.008639 
2975674712273 0.006261 0.005449 -0.999928 0.008679 
2975694548699 0.006250 0.005292 -0.999929 0.008688 
2975714385125 0.006305 0.005188 -0.999929 0.008645 
2975734191033 0.006306 0.005156 -0.999929 0.008644 
2975754027459 0.006319 0.005150 -0.999929 0.008635 
2975773833367 0.006315 0.005139 -0.999930 0.008637 
2975793639275 0.006308 0.005137 -0.999930 0.008643 
2975813475701 0.006317 0.005139 -0.999930 0.008636 
2975833281609 0.006330 0.005102 -0.999930 0.008626 
2975853087518 0.006338 0.005093 -0.999930 0.008620 
2975872923943 0.006330 0.005088 -0.999930 0.008626 
2975892729852 0.006322 0.005086 -0.999930 0.008632 
2975912566277 0.006335 0.005113 -0.999930 0.008622 
2975932372186 0.006331 0.005127 -0.999930 0.008626 
2975952178094 0.006323 0.005121 -0.999930 0.008632 
2975972014520 0.006311 0.005107 -0.999930 0.008641 
2975991850945 0.006308 0.005114 -0.999930 0.008643 
2976011656854 0.006304 0.005116 -0.999930 0.008646 
2976031493279 0.006309 0.005122 -0.999930 0.008642 
2976051299188 0.006323 0.005144 -0.999930 0.008632 
2976071105096 0.006319 0.005158 -0.999929 0.008635 
2976090941521 0.006303 0.005154 -0.999929 0.008647 
2976110747430 0.006304 0.005143 -0.999930 0.008646 
2976130583855 0.006301 0.005157 -0.999929 0.008648 
2976150389764 0.006306 0.005149 -0.999929 0.008644 
2976170195672 0.006292 0.005154 -0.999929 0.008655 
2976190032098 0.006285 0.005144 -0.999929 0.008660 
2976209838006 0.006283 0.005145 -0.999929 0.008662 
2976229643914 0.006289 0.005155 -0.999929 0.008658 
2976249480340 0.006299 0.005159 -0.999929 0.008650 
2976269316766 0.006292 0.005152 -0.999929 0.008655 
2976289122674 0.006306 0.005165 -0.999929 0.008645 
2976308959100 0.006303 0.005154 -0.999929 0.008647 
2976328765008 0.006300 0.005146 -0.999929 0.008649 
2976348601434 0.006318 0.005136 -0.999930 0.008636 
2976368407342 0.006315 0.005141 -0.999930 0.008638 
2976388213250 0.006316 0.005147 -0.999929 0.008637 
