2746438470593 0.000198 -0.000153 -0.000168  
2746458276501 0.000198 0.001068 -0.000168  
2746478112927 0.000198 -0.000153 0.001053  
2746497949353 0.001404 -0.000153 0.001053  
2746517785779 0.000198 -0.000153 0.001053  
2746537591687 0.000198 -0.000153 0.001053  
2746557397595 0.000198 0.001068 -0.001389  
2746577234021 0.000198 -0.000153 -0.000168  
2746597039929 0.000198 -0.000153 -0.000168  
2746616845837 -0.001038 -0.000153 -0.000168  
2746636682263 -0.001038 -0.001373 0.001053  
2746656488171 0.001404 0.001068 0.001053  
2746676294080 0.000198 0.001068 0.001053  
2746696130505 -0.001038 -0.000153 0.001053  
2746715936413 0.000198 0.001068 -0.000168  
2746735742322 0.001404 -0.000153 0.001053  
2746755578747 0.000198 -0.000153 0.001053  
2746775384656 0.000198 -0.000153 -0.000168  
2746795221081 0.001404 0.001068 -0.000168  
2746815057507 0.000198 -0.000153 -0.000168  
2746834863415 0.001404 -0.000153 -0.000168  
2746854699841 0.000198 -0.000153 -0.000168  
2746874505749 0.000198 -0.000153 -0.000168  
2746894342175 0.000198 -0.000153 -0.000168  
2746914148083 0.000198 -0.000153 -0.000168  
2746933953992 0.000198 -0.000153 -0.000168  
2746953790417 0.001404 0.001068 -0.000168  
2746973596326 0.000198 -0.000153 -0.000168  
2746993402234 -0.001038 -0.000153 -0.001389  
2747013238660 0.001404 -0.000153 0.001053  
2747033044568 0.000198 0.001068 -0.000168  
2747052850476 0.000198 0.001068 -0.000168  
2747072686902 -0.001038 -0.000153 0.001053  
2747092523328 -0.001038 -0.000153 0.001053  
2747112359753 0.000198 -0.001373 -0.000168  
2747132165662 -0.001038 -0.000153 -0.000168  
2747151971570 -0.001038 -0.000153 0.001053  
2747171807996 0.000198 -0.000153 0.001053  
2747191613904 0.001404 0.001068 -0.000168  
2747211419812 -0.001038 -0.000153 -0.000168  
2747231256238 -0.001038 -0.001373 0.001053  
2747251062146 -0.001038 -0.001373 -0.000168  
2747270898572 -0.002258 -0.001373 -0.001389  
2747290704480 -0.001038 -0.000153 -0.000168  
2747310510388 0.000198 -0.000153 -0.000168  
2747330346814 0.000198 -0.001373 0.001053  
2747350152722 0.001404 -0.001373 0.001053  
2747369989148 -0.001038 -0.000153 -0.000168  
2747389825574 -0.001038 -0.000153 -0.000168  
2747409631482 0.000198 0.002304 -0.001389  
2747429437390 -0.001038 0.001068 -0.000168  
2747449273816 0.000198 -0.001373 -0.000168  
2747469079724 0.000198 0.001068 -0.000168  
2747488916150 0.000198 -0.000153 -0.000168  
2747508722058 0.000198 -0.000153 -0.000168  
2747528527966 0.000198 0.001068 -0.000168  
2747548364392 0.001404 -0.000153 -0.000168  
2747568170300 0.000198 -0.000153 -0.000168  
2747587976208 -0.001038 -0.000153 -0.000168  
2747607812634 0.000198 0.001068 0.001053  
2747627618542 -0.001038 -0.000153 0.001053  
2747647454968 0.000198 -0.000153 0.001053  
2747667291394 0.000198 -0.000153 0.001053  
2747687097302 0.000198 -0.000153 -0.000168  
2747706933728 0.001404 -0.000153 0.001053  
2747726739636 0.000198 -0.000153 -0.000168  
2747746545544 -0.001038 -0.000153 -0.000168  
2747766381970 0.000198 -0.000153 -0.000168  
2747786187878 0.000198 -0.000153 -0.000168  
2747805993787 0.000198 0.001068 0.001053  
2747825830212 0.000198 -0.000153 -0.000168  
2747845636121 0.000198 -0.000153 -0.000168  
2747865472546 -0.001038 -0.000153 -0.000168  
2747885278455 -0.001038 -0.001373 -0.000168  
2747905084363 -0.001038 -0.000153 -0.000168  
2747924920788 0.000198 0.001068 -0.000168  
2747944757214 0.000198 0.001068 -0.000168  
2747964593640 -0.001038 -0.000153 -0.000168  
2747984399548 0.000198 -0.000153 -0.000168  
2748004205456 0.000198 -0.000153 -0.000168  
2748024041882 0.000198 -0.000153 -0.000168  
2748043847790 0.001404 -0.000153 -0.000168  
2748063653699 -0.001038 -0.000153 -0.000168  
2748083490124 0.000198 -0.000153 -0.000168  
2748103296033 0.001404 -0.002609 0.001053  
2748123101941 0.000198 -0.002609 0.001053  
2748142938367 0.001404 -0.001373 -0.000168  
2748162744275 0.001404 -0.001373 -0.000168  
2748182580701 0.000198 -0.000153 -0.000168  
2748202386609 -0.001038 0.002304 -0.000168  
2748222223035 0.000198 -0.001373 -0.000168  
2748242059460 -0.001038 -0.000153 -0.000168  
2748261865369 0.000198 -0.001373 -0.000168  
2748281671277 0.000198 -0.001373 -0.000168  
2748301507703 0.000198 -0.001373 0.001053  
2748321313611 0.000198 -0.001373 -0.000168  
2748341150037 -0.001038 -0.000153 -0.001389  
2748360955945 0.000198 -0.002609 -0.000168  
2748380761853 0.000198 -0.000153 -0.000168  
2748400598279 0.001404 0.001068 -0.000168  
2748420404187 -0.001038 -0.000153 -0.000168  
