# Created at Tue Jun 01 16:09:02 GMT+02:00 2021 in Burnaby Canada 
2744496179333 -0.007521 -0.000461 0.730038 0.683365 
2744516015759 -0.007518 -0.000457 0.730039 0.683365 
2744535821667 -0.007523 -0.000455 0.730039 0.683364 
2744555658093 -0.007531 -0.000440 0.730039 0.683364 
2744575464001 -0.007524 -0.000422 0.730039 0.683364 
2744595300427 -0.007530 -0.000394 0.730039 0.683364 
2744615106335 -0.007548 -0.000410 0.730039 0.683364 
2744634912244 -0.007541 -0.000410 0.730039 0.683364 
2744654748669 -0.007542 -0.000418 0.730039 0.683364 
2744674554578 -0.007559 -0.000379 0.730039 0.683364 
2744694360486 -0.007559 -0.000395 0.730039 0.683364 
2744714196912 -0.007554 -0.000387 0.730039 0.683364 
2744734002820 -0.007538 -0.000379 0.730039 0.683364 
2744753808728 -0.007543 -0.000369 0.730039 0.683364 
2744773645154 -0.007547 -0.000371 0.730039 0.683364 
2744793481580 -0.007545 -0.000378 0.730039 0.683364 
2744813287488 -0.007554 -0.000396 0.730039 0.683364 
2744833123913 -0.007564 -0.000379 0.730039 0.683364 
2744852929822 -0.007564 -0.000383 0.730039 0.683364 
2744872766247 -0.007559 -0.000398 0.730039 0.683364 
2744892572156 -0.007573 -0.000400 0.730039 0.683364 
2744912378064 -0.007579 -0.000408 0.730038 0.683364 
2744932214490 -0.007578 -0.000434 0.730038 0.683364 
2744952020398 -0.007591 -0.000451 0.730038 0.683364 
2744971856824 -0.007593 -0.000455 0.730038 0.683364 
2744991662732 -0.007579 -0.000443 0.730038 0.683364 
2745011468640 -0.007576 -0.000442 0.730038 0.683364 
2745031305066 -0.007574 -0.000435 0.730038 0.683364 
2745051110974 -0.007582 -0.000441 0.730038 0.683364 
2745070947400 -0.007582 -0.000443 0.730038 0.683364 
2745090783826 -0.007579 -0.000447 0.730038 0.683364 
2745110589734 -0.007582 -0.000458 0.730038 0.683364 
2745130426160 -0.007591 -0.000456 0.730038 0.683364 
2745150232068 -0.007587 -0.000461 0.730038 0.683364 
2745170037976 -0.007580 -0.000473 0.730038 0.683364 
2745189874402 -0.007597 -0.000469 0.730038 0.683364 
2745209680310 -0.007613 -0.000465 0.730038 0.683364 
2745229486218 -0.007646 -0.000456 0.730038 0.683364 
2745249322644 -0.007649 -0.000458 0.730038 0.683364 
2745269128552 -0.007647 -0.000442 0.730038 0.683364 
2745288934460 -0.007653 -0.000441 0.730038 0.683364 
2745308770886 -0.007662 -0.000432 0.730038 0.683364 
2745328576794 -0.007653 -0.000423 0.730038 0.683364 
2745348413220 -0.007648 -0.000429 0.730038 0.683364 
2745368249646 -0.007674 -0.000438 0.730038 0.683364 
2745388055554 -0.007671 -0.000440 0.730038 0.683364 
2745407891980 -0.007656 -0.000436 0.730038 0.683364 
2745427697888 -0.007651 -0.000429 0.730038 0.683364 
2745447503796 -0.007652 -0.000423 0.730038 0.683364 
2745467340222 -0.007649 -0.000426 0.730038 0.683364 
2745487146130 -0.007632 -0.000419 0.730038 0.683364 
2745506982556 -0.007630 -0.000422 0.730038 0.683364 
2745526788464 -0.007633 -0.000441 0.730038 0.683364 
2745546594372 -0.007588 -0.000456 0.730038 0.683364 
2745566430798 -0.007574 -0.000430 0.730038 0.683364 
2745586236706 -0.007577 -0.000491 0.730038 0.683364 
2745606042615 -0.007560 -0.000484 0.730038 0.683365 
2745625879040 -0.007572 -0.000455 0.730038 0.683364 
2745645715466 -0.007573 -0.000494 0.730038 0.683364 
2745665551892 -0.007546 -0.000525 0.730038 0.683365 
2745685357800 -0.007560 -0.000479 0.730038 0.683364 
2745705163708 -0.007618 -0.000420 0.730038 0.683364 
2745725000134 -0.007620 -0.000469 0.730038 0.683364 
2745744806042 -0.007606 -0.000475 0.730038 0.683364 
2745764611951 -0.007638 -0.000423 0.730038 0.683364 
2745784448376 -0.007663 -0.000449 0.730038 0.683364 
2745804254285 -0.007649 -0.000489 0.730038 0.683364 
2745824060193 -0.007651 -0.000424 0.730038 0.683364 
2745843896619 -0.007654 -0.000426 0.730038 0.683364 
2745863702527 -0.007604 -0.000496 0.730038 0.683364 
2745883538953 -0.007606 -0.000476 0.730038 0.683364 
2745903344861 -0.007596 -0.000445 0.730038 0.683364 
2745923181287 -0.007605 -0.000488 0.730038 0.683364 
2745943017712 -0.007595 -0.000497 0.730038 0.683364 
2745962823621 -0.007620 -0.000454 0.730038 0.683364 
2745982629529 -0.007628 -0.000507 0.730038 0.683364 
2746002465955 -0.007610 -0.000510 0.730038 0.683364 
2746022271863 -0.007602 -0.000504 0.730038 0.683364 
2746042108288 -0.007599 -0.000544 0.730038 0.683365 
2746061914197 -0.007566 -0.000556 0.730038 0.683365 
2746081720105 -0.007593 -0.000506 0.730038 0.683364 
2746101556531 -0.007598 -0.000543 0.730038 0.683365 
2746121362439 -0.007613 -0.000571 0.730037 0.683365 
2746141168347 -0.007598 -0.000586 0.730037 0.683365 
2746161004773 -0.007600 -0.000581 0.730037 0.683365 
2746180810681 -0.007578 -0.000598 0.730037 0.683365 
2746200616589 -0.007602 -0.000549 0.730037 0.683365 
2746220453015 -0.007617 -0.000559 0.730037 0.683365 
2746240289441 -0.007584 -0.000613 0.730037 0.683365 
2746260095349 -0.007611 -0.000550 0.730037 0.683365 
2746279931775 -0.007628 -0.000514 0.730038 0.683364 
2746299737683 -0.007604 -0.000539 0.730038 0.683365 
2746319574109 -0.007627 -0.000486 0.730038 0.683364 
2746339380017 -0.007609 -0.000535 0.730038 0.683365 
2746359185925 -0.007595 -0.000568 0.730037 0.683365 
2746379022351 -0.007601 -0.000508 0.730038 0.683364 
2746398828259 -0.007601 -0.000551 0.730037 0.683365 
2746418634167 -0.007582 -0.000571 0.730037 0.683365 
2746438470593 -0.007588 -0.000529 0.730038 0.683365 
2746458276501 -0.007606 -0.000555 0.730037 0.683365 
2746478112927 -0.007585 -0.000549 0.730038 0.683365 
2746497949353 -0.007594 -0.000499 0.730038 0.683364 
2746517785779 -0.007592 -0.000563 0.730037 0.683365 
2746537591687 -0.007574 -0.000548 0.730038 0.683365 
2746557397595 -0.007603 -0.000502 0.730038 0.683364 
2746577234021 -0.007595 -0.000542 0.730038 0.683365 
2746597039929 -0.007587 -0.000581 0.730037 0.683365 
2746616845837 -0.007603 -0.000567 0.730037 0.683365 
2746636682263 -0.007588 -0.000638 0.730037 0.683365 
2746656488171 -0.007586 -0.000585 0.730037 0.683365 
2746676294080 -0.007611 -0.000552 0.730037 0.683365 
2746696130505 -0.007587 -0.000610 0.730037 0.683365 
2746715936413 -0.007576 -0.000577 0.730037 0.683365 
2746735742322 -0.007582 -0.000552 0.730038 0.683365 
2746755578747 -0.007568 -0.000602 0.730037 0.683365 
2746775384656 -0.007584 -0.000544 0.730038 0.683365 
2746795221081 -0.007590 -0.000538 0.730038 0.683365 
2746815057507 -0.007553 -0.000581 0.730038 0.683365 
2746834863415 -0.007553 -0.000513 0.730038 0.683365 
2746854699841 -0.007561 -0.000527 0.730038 0.683365 
2746874505749 -0.007541 -0.000546 0.730038 0.683365 
2746894342175 -0.007546 -0.000496 0.730038 0.683365 
2746914148083 -0.007552 -0.000513 0.730038 0.683365 
2746933953992 -0.007533 -0.000509 0.730038 0.683365 
2746953790417 -0.007560 -0.000442 0.730038 0.683364 
2746973596326 -0.007565 -0.000478 0.730038 0.683364 
2746993402234 -0.007561 -0.000510 0.730038 0.683365 
2747013238660 -0.007574 -0.000465 0.730038 0.683364 
2747033044568 -0.007576 -0.000481 0.730038 0.683364 
2747052850476 -0.007567 -0.000479 0.730038 0.683364 
2747072686902 -0.007597 -0.000434 0.730038 0.683364 
2747092523328 -0.007605 -0.000499 0.730038 0.683364 
2747112359753 -0.007590 -0.000501 0.730038 0.683364 
2747132165662 -0.007610 -0.000459 0.730038 0.683364 
2747151971570 -0.007612 -0.000500 0.730038 0.683364 
2747171807996 -0.007603 -0.000485 0.730038 0.683364 
2747191613904 -0.007600 -0.000438 0.730038 0.683364 
2747211419812 -0.007588 -0.000517 0.730038 0.683365 
2747231256238 -0.007579 -0.000512 0.730038 0.683365 
2747251062146 -0.007582 -0.000497 0.730038 0.683364 
2747270898572 -0.007572 -0.000588 0.730037 0.683365 
2747290704480 -0.007573 -0.000568 0.730038 0.683365 
2747310510388 -0.007584 -0.000554 0.730038 0.683365 
2747330346814 -0.007553 -0.000620 0.730037 0.683365 
2747350152722 -0.007536 -0.000578 0.730038 0.683365 
2747369989148 -0.007565 -0.000570 0.730038 0.683365 
2747389825574 -0.007557 -0.000625 0.730037 0.683365 
2747409631482 -0.007570 -0.000565 0.730038 0.683365 
2747429437390 -0.007601 -0.000555 0.730037 0.683365 
2747449273816 -0.007579 -0.000595 0.730037 0.683365 
2747469079724 -0.007590 -0.000527 0.730038 0.683365 
2747488916150 -0.007585 -0.000540 0.730038 0.683365 
2747508722058 -0.007552 -0.000564 0.730038 0.683365 
2747528527966 -0.007559 -0.000522 0.730038 0.683365 
2747548364392 -0.007560 -0.000527 0.730038 0.683365 
2747568170300 -0.007549 -0.000526 0.730038 0.683365 
2747587976208 -0.007567 -0.000497 0.730038 0.683365 
2747607812634 -0.007566 -0.000526 0.730038 0.683365 
2747627618542 -0.007551 -0.000539 0.730038 0.683365 
2747647454968 -0.007567 -0.000489 0.730038 0.683364 
2747667291394 -0.007560 -0.000546 0.730038 0.683365 
2747687097302 -0.007538 -0.000533 0.730038 0.683365 
2747706933728 -0.007558 -0.000481 0.730038 0.683364 
2747726739636 -0.007548 -0.000536 0.730038 0.683365 
2747746545544 -0.007537 -0.000534 0.730038 0.683365 
2747766381970 -0.007538 -0.000527 0.730038 0.683365 
2747786187878 -0.007511 -0.000574 0.730038 0.683365 
2747805993787 -0.007517 -0.000529 0.730038 0.683365 
2747825830212 -0.007536 -0.000528 0.730038 0.683365 
2747845636121 -0.007509 -0.000581 0.730038 0.683365 
2747865472546 -0.007530 -0.000539 0.730038 0.683365 
2747885278455 -0.007536 -0.000560 0.730038 0.683365 
2747905084363 -0.007518 -0.000615 0.730038 0.683365 
2747924920788 -0.007529 -0.000568 0.730038 0.683365 
2747944757214 -0.007544 -0.000576 0.730038 0.683365 
2747964593640 -0.007532 -0.000601 0.730038 0.683365 
2747984399548 -0.007538 -0.000561 0.730038 0.683365 
2748004205456 -0.007541 -0.000573 0.730038 0.683365 
2748024041882 -0.007529 -0.000611 0.730038 0.683365 
2748043847790 -0.007527 -0.000544 0.730038 0.683365 
2748063653699 -0.007537 -0.000545 0.730038 0.683365 
2748083490124 -0.007511 -0.000580 0.730038 0.683365 
2748103296033 -0.007495 -0.000534 0.730038 0.683365 
2748123101941 -0.007483 -0.000569 0.730038 0.683365 
2748142938367 -0.007448 -0.000603 0.730038 0.683366 
2748162744275 -0.007443 -0.000553 0.730038 0.683365 
2748182580701 -0.007452 -0.000580 0.730038 0.683366 
2748202386609 -0.007455 -0.000578 0.730038 0.683366 
2748222223035 -0.007469 -0.000526 0.730038 0.683365 
2748242059460 -0.007494 -0.000572 0.730038 0.683365 
2748261865369 -0.007473 -0.000580 0.730038 0.683365 
2748281671277 -0.007481 -0.000540 0.730038 0.683365 
2748301507703 -0.007459 -0.000595 0.730038 0.683366 
2748321313611 -0.007428 -0.000596 0.730038 0.683366 
2748341150037 -0.007456 -0.000570 0.730038 0.683365 
2748360955945 -0.007450 -0.000622 0.730038 0.683366 
2748380761853 -0.007444 -0.000600 0.730038 0.683366 
2748400598279 -0.007453 -0.000549 0.730038 0.683365 
2748420404187 -0.007449 -0.000610 0.730038 0.683366 
2748440210095 -0.007454 -0.000555 0.730038 0.683365 
2748460046521 -0.007467 -0.000528 0.730038 0.683365 
2748479852429 -0.007446 -0.000589 0.730038 0.683366 
2748499688855 -0.007450 -0.000543 0.730038 0.683365 
2748519525281 -0.007465 -0.000542 0.730038 0.683365 
2748539331189 -0.007458 -0.000584 0.730038 0.683366 
2748559167615 -0.007461 -0.000537 0.730038 0.683365 
2748578970343 -0.007473 -0.000551 0.730038 0.683365 
2748598776251 -0.007483 -0.000581 0.730038 0.683365 
2748618612677 -0.007479 -0.000540 0.730038 0.683365 
2748638418585 -0.007476 -0.000573 0.730038 0.683365 
2748658224493 -0.007462 -0.000576 0.730038 0.683365 
2748678060919 -0.007485 -0.000534 0.730038 0.683365 
2748697866827 -0.007484 -0.000576 0.730038 0.683365 
2748717672735 -0.007481 -0.000573 0.730038 0.683365 
2748737509161 -0.007509 -0.000520 0.730038 0.683365 
2748757315069 -0.007501 -0.000574 0.730038 0.683365 
2748777120978 -0.007502 -0.000635 0.730037 0.683366 
2748796957403 -0.007530 -0.000600 0.730038 0.683365 
2748816793829 -0.007519 -0.000647 0.730037 0.683366 
2748836630255 -0.007528 -0.000597 0.730038 0.683365 
2748856436163 -0.007549 -0.000613 0.730037 0.683365 
2748876272589 -0.007540 -0.000647 0.730037 0.683366 
2748896078497 -0.007543 -0.000595 0.730038 0.683365 
2748915884405 -0.007537 -0.000626 0.730037 0.683365 
2748935720831 -0.007515 -0.000639 0.730037 0.683366 
2748955526739 -0.007535 -0.000541 0.730038 0.683365 
2748975332648 -0.007535 -0.000574 0.730038 0.683365 
2748995169073 -0.007519 -0.000588 0.730038 0.683365 
2749014974982 -0.007534 -0.000528 0.730038 0.683365 
2749034780890 -0.007537 -0.000587 0.730038 0.683365 
2749054617316 -0.007524 -0.000580 0.730038 0.683365 
2749074453741 -0.007553 -0.000524 0.730038 0.683365 
2749094290167 -0.007546 -0.000580 0.730038 0.683365 
2749114096075 -0.007514 -0.000554 0.730038 0.683365 
2749133901983 -0.007525 -0.000521 0.730038 0.683365 
2749153738409 -0.007500 -0.000562 0.730038 0.683365 
2749173544317 -0.007513 -0.000529 0.730038 0.683365 
2749193350226 -0.007523 -0.000537 0.730038 0.683365 
2749213186651 -0.007505 -0.000562 0.730038 0.683365 
2749232992560 -0.007501 -0.000499 0.730038 0.683365 
2749252828985 -0.007494 -0.000531 0.730038 0.683365 
2749272634894 -0.007483 -0.000527 0.730038 0.683365 
2749292440802 -0.007492 -0.000455 0.730039 0.683365 
2749312277228 -0.007491 -0.000476 0.730039 0.683365 
2749332083136 -0.007468 -0.000474 0.730039 0.683365 
2749351889044 -0.007473 -0.000428 0.730039 0.683365 
2749371725470 -0.007449 -0.000485 0.730039 0.683365 
2749391561896 -0.007429 -0.000447 0.730039 0.683365 
2749411367804 -0.007446 -0.000421 0.730039 0.683365 
2749431204230 -0.007437 -0.000486 0.730039 0.683365 
2749451010138 -0.007438 -0.000441 0.730039 0.683365 
2749470846564 -0.007455 -0.000443 0.730039 0.683365 
2749490652472 -0.007432 -0.000481 0.730039 0.683365 
2749510458380 -0.007435 -0.000444 0.730039 0.683365 
2749530294806 -0.007446 -0.000459 0.730039 0.683365 
2749550100714 -0.007430 -0.000464 0.730039 0.683365 
2749569906622 -0.007457 -0.000406 0.730039 0.683365 
2749589743048 -0.007457 -0.000476 0.730039 0.683365 
2749609548956 -0.007449 -0.000440 0.730039 0.683365 
2749629385382 -0.007466 -0.000403 0.730039 0.683364 
2749649221808 -0.007450 -0.000444 0.730039 0.683365 
2749669027716 -0.007459 -0.000404 0.730039 0.683364 
2749688864142 -0.007465 -0.000379 0.730039 0.683364 
2749708670050 -0.007447 -0.000432 0.730039 0.683365 
2749728475958 -0.007442 -0.000400 0.730039 0.683365 
2749748312384 -0.007459 -0.000393 0.730039 0.683364 
2749768118292 -0.007463 -0.000437 0.730039 0.683365 
2749787924200 -0.007472 -0.000385 0.730039 0.683364 
2749807760626 -0.007472 -0.000422 0.730039 0.683365 
2749827566534 -0.007460 -0.000451 0.730039 0.683365 
2749847402960 -0.007478 -0.000385 0.730039 0.683364 
2749867208868 -0.007504 -0.000425 0.730039 0.683364 
2749887014776 -0.007513 -0.000389 0.730039 0.683364 
2749906851202 -0.007528 -0.000359 0.730039 0.683364 
2749926657110 -0.007505 -0.000433 0.730039 0.683364 
2749946493536 -0.007521 -0.000390 0.730039 0.683364 
2749966329962 -0.007545 -0.000369 0.730039 0.683364 
2749986135870 -0.007531 -0.000411 0.730039 0.683364 
2750005972296 -0.007537 -0.000372 0.730039 0.683364 
2750025778204 -0.007532 -0.000394 0.730039 0.683364 
2750045584112 -0.007508 -0.000411 0.730039 0.683364 
2750065420538 -0.007535 -0.000358 0.730039 0.683364 
2750085226446 -0.007519 -0.000399 0.730039 0.683364 
2750105062872 -0.007506 -0.000357 0.730039 0.683364 
2750124868780 -0.007541 -0.000321 0.730039 0.683364 
2750144674689 -0.007529 -0.000379 0.730039 0.683364 
2750164511114 -0.007526 -0.000355 0.730039 0.683364 
2750184317023 -0.007546 -0.000355 0.730039 0.683364 
2750204122931 -0.007533 -0.000412 0.730039 0.683364 
2750223959357 -0.007523 -0.000354 0.730039 0.683364 
2750243795782 -0.007522 -0.000397 0.730039 0.683364 
2750263601691 -0.007501 -0.000406 0.730039 0.683364 
2750283438116 -0.007503 -0.000356 0.730039 0.683364 
2750303244025 -0.007479 -0.000404 0.730039 0.683364 
2750323080450 -0.007477 -0.000407 0.730039 0.683364 
2750342886358 -0.007516 -0.000366 0.730039 0.683364 
2750362692267 -0.007523 -0.000418 0.730039 0.683364 
2750382528692 -0.007515 -0.000392 0.730039 0.683364 
2750402334601 -0.007522 -0.000370 0.730039 0.683364 
2750422140509 -0.007497 -0.000418 0.730039 0.683364 
2750441976935 -0.007497 -0.000375 0.730039 0.683364 
2750461782843 -0.007512 -0.000381 0.730039 0.683364 
2750481619269 -0.007511 -0.000376 0.730039 0.683364 
2750501455694 -0.007511 -0.000384 0.730039 0.683364 
2750521261603 -0.007509 -0.000383 0.730039 0.683364 
2750541098028 -0.007510 -0.000379 0.730039 0.683364 
2750560903937 -0.007510 -0.000380 0.730039 0.683364 
2750580709845 -0.007514 -0.000362 0.730039 0.683364 
2750600546271 -0.007519 -0.000371 0.730039 0.683364 
2750620352179 -0.007503 -0.000355 0.730039 0.683364 
2750640188605 -0.007506 -0.000343 0.730039 0.683364 
2750659994513 -0.007507 -0.000329 0.730039 0.683364 
2750679800421 -0.007487 -0.000335 0.730039 0.683364 
