# Created at Tue Jun 01 16:09:02 GMT+02:00 2021 in Burnaby Canada 
2744496179333 -0.101512 -0.107414 9.805536 
2744516015759 -0.101520 -0.107297 9.805537 
2744535821667 -0.101611 -0.107348 9.805536 
2744555658093 -0.101928 -0.107237 9.805534 
2744575464001 -0.102072 -0.106896 9.805536 
2744595300427 -0.102532 -0.106572 9.805535 
2744615106335 -0.102590 -0.107039 9.805530 
2744634912244 -0.102477 -0.106940 9.805532 
2744654748669 -0.102379 -0.107073 9.805532 
2744674554578 -0.103149 -0.106731 9.805527 
2744694360486 -0.102934 -0.106964 9.805526 
2744714196912 -0.102966 -0.106790 9.805529 
2744734002820 -0.102848 -0.106462 9.805533 
2744753808728 -0.103052 -0.106376 9.805532 
2744773645154 -0.103094 -0.106457 9.805531 
2744793481580 -0.102972 -0.106533 9.805531 
2744813287488 -0.102850 -0.106910 9.805529 
2744833123913 -0.103217 -0.106807 9.805525 
2744852929822 -0.103171 -0.106872 9.805525 
2744872766247 -0.102889 -0.107011 9.805527 
2744892572156 -0.103083 -0.107227 9.805522 
2744912378064 -0.103044 -0.107424 9.805520 
2744932214490 -0.102685 -0.107778 9.805520 
2744952020398 -0.102645 -0.108198 9.805516 
2744971856824 -0.102624 -0.108296 9.805515 
2744991662732 -0.102589 -0.107920 9.805520 
2745011468640 -0.102553 -0.107867 9.805521 
2745031305066 -0.102610 -0.107743 9.805521 
2745051110974 -0.102661 -0.107933 9.805519 
2745070947400 -0.102636 -0.107962 9.805518 
2745090783826 -0.102528 -0.107987 9.805520 
2745110589734 -0.102425 -0.108172 9.805518 
2745130426160 -0.102568 -0.108273 9.805515 
2745150232068 -0.102459 -0.108283 9.805516 
2745170037976 -0.102194 -0.108373 9.805518 
2745189874402 -0.102493 -0.108536 9.805514 
2745209680310 -0.102783 -0.108700 9.805510 
2745229486218 -0.103371 -0.109008 9.805499 
2745249322644 -0.103391 -0.109080 9.805498 
2745269128552 -0.103568 -0.108827 9.805499 
2745288934460 -0.103666 -0.108894 9.805498 
2745308770886 -0.103909 -0.108883 9.805495 
2745328576794 -0.103909 -0.108641 9.805497 
2745348413220 -0.103759 -0.108646 9.805499 
2745368249646 -0.104012 -0.109120 9.805492 
2745388055554 -0.103937 -0.109107 9.805491 
2745407891980 -0.103783 -0.108854 9.805497 
2745427697888 -0.103796 -0.108690 9.805498 
2745447503796 -0.103889 -0.108611 9.805498 
2745467340222 -0.103814 -0.108611 9.805499 
2745487146130 -0.103662 -0.108291 9.805505 
2745506982556 -0.103595 -0.108302 9.805505 
2745526788464 -0.103374 -0.108624 9.805504 
2745546594372 -0.102537 -0.108233 9.805517 
2745566430798 -0.102683 -0.107679 9.805522 
2745586236706 -0.101917 -0.108580 9.805519 
2745606042615 -0.101761 -0.108256 9.805525 
2745625879040 -0.102325 -0.108012 9.805521 
2745645715466 -0.101818 -0.108579 9.805520 
2745665551892 -0.101009 -0.108656 9.805528 
2745685357800 -0.101822 -0.108182 9.805525 
2745705163708 -0.103449 -0.108110 9.805509 
2745725000134 -0.102829 -0.108846 9.805507 
2745744806042 -0.102535 -0.108754 9.805511 
2745764611951 -0.103692 -0.108427 9.805502 
2745784448376 -0.103695 -0.109136 9.805494 
2745804254285 -0.102972 -0.109513 9.805498 
2745824060193 -0.103868 -0.108616 9.805498 
2745843896619 -0.103881 -0.108690 9.805498 
2745863702527 -0.102233 -0.109018 9.805511 
2745883538953 -0.102524 -0.108760 9.805511 
2745903344861 -0.102804 -0.108186 9.805514 
2745923181287 -0.102357 -0.108920 9.805511 
2745943017712 -0.102089 -0.108904 9.805513 
2745962823621 -0.103024 -0.108637 9.805507 
2745982629529 -0.102416 -0.109494 9.805504 
2746002465955 -0.102131 -0.109299 9.805509 
2746022271863 -0.102090 -0.109109 9.805511 
2746042108288 -0.101515 -0.109644 9.805511 
2746061914197 -0.100875 -0.109365 9.805522 
2746081720105 -0.101933 -0.109006 9.805514 
2746101556531 -0.101518 -0.109618 9.805512 
2746121362439 -0.101346 -0.110209 9.805508 
2746141168347 -0.100941 -0.110229 9.805511 
2746161004773 -0.101040 -0.110182 9.805511 
2746180810681 -0.100498 -0.110127 9.805517 
2746200616589 -0.101488 -0.109742 9.805511 
2746220453015 -0.101560 -0.110095 9.805507 
2746240289441 -0.100373 -0.110435 9.805514 
2746260095349 -0.101600 -0.109887 9.805508 
2746279931775 -0.102325 -0.109592 9.805504 
2746299737683 -0.101660 -0.109636 9.805510 
2746319574109 -0.102690 -0.109195 9.805505 
2746339380017 -0.101786 -0.109647 9.805509 
2746359185925 -0.101139 -0.109920 9.805512 
2746379022351 -0.102028 -0.109157 9.805511 
2746398828259 -0.101455 -0.109768 9.805511 
2746418634167 -0.100900 -0.109799 9.805517 
2746438470593 -0.101561 -0.109278 9.805515 
2746458276501 -0.101475 -0.109895 9.805510 
2746478112927 -0.101239 -0.109525 9.805516 
2746497949353 -0.102046 -0.108938 9.805513 
2746517785779 -0.101160 -0.109806 9.805513 
2746537591687 -0.101096 -0.109362 9.805520 
2746557397595 -0.102132 -0.109092 9.805512 
2746577234021 -0.101477 -0.109555 9.805513 
2746597039929 -0.100844 -0.110002 9.805514 
2746616845837 -0.101264 -0.110021 9.805510 
2746636682263 -0.100091 -0.110842 9.805513 
2746656488171 -0.100773 -0.110058 9.805514 
2746676294080 -0.101586 -0.109920 9.805508 
2746696130505 -0.100471 -0.110423 9.805514 
2746715936413 -0.100738 -0.109802 9.805517 
2746735742322 -0.101165 -0.109529 9.805517 
2746755578747 -0.100300 -0.110048 9.805519 
2746775384656 -0.101304 -0.109443 9.805516 
2746795221081 -0.101462 -0.109424 9.805514 
2746815057507 -0.100353 -0.109559 9.805524 
2746834863415 -0.101270 -0.108578 9.805526 
2746854699841 -0.101200 -0.108895 9.805523 
2746874505749 -0.100657 -0.108886 9.805529 
2746894342175 -0.101410 -0.108240 9.805529 
2746914148083 -0.101260 -0.108574 9.805526 
2746933953992 -0.101035 -0.108257 9.805532 
2746953790417 -0.102324 -0.107644 9.805526 
2746973596326 -0.101905 -0.108238 9.805523 
2746993402234 -0.101416 -0.108645 9.805524 
2747013238660 -0.102223 -0.108174 9.805521 
2747033044568 -0.102037 -0.108431 9.805520 
2747052850476 -0.101934 -0.108277 9.805523 
2747072686902 -0.102958 -0.108032 9.805514 
2747092523328 -0.102198 -0.109078 9.805511 
2747112359753 -0.101951 -0.108904 9.805515 
2747132165662 -0.102812 -0.108560 9.805511 
2747151971570 -0.102297 -0.109190 9.805509 
2747171807996 -0.102359 -0.108850 9.805511 
2747191613904 -0.102959 -0.108132 9.805513 
2747211419812 -0.101720 -0.109100 9.805515 
2747231256238 -0.101654 -0.108918 9.805518 
2747251062146 -0.101899 -0.108736 9.805518 
2747270898572 -0.100543 -0.109916 9.805519 
2747290704480 -0.100819 -0.109626 9.805519 
2747310510388 -0.101163 -0.109588 9.805516 
2747330346814 -0.099835 -0.110113 9.805524 
2747350152722 -0.100149 -0.109276 9.805530 
2747369989148 -0.100672 -0.109560 9.805522 
2747389825574 -0.099828 -0.110241 9.805523 
2747409631482 -0.100829 -0.109553 9.805520 
2747429437390 -0.101401 -0.109830 9.805511 
2747449273816 -0.100543 -0.110110 9.805516 
2747469079724 -0.101610 -0.109265 9.805515 
2747488916150 -0.101369 -0.109400 9.805516 
2747508722058 -0.100580 -0.109293 9.805526 
2747528527966 -0.101243 -0.108790 9.805524 
2747548364392 -0.101177 -0.108877 9.805524 
2747568170300 -0.101033 -0.108708 9.805528 
2747587976208 -0.101692 -0.108538 9.805523 
2747607812634 -0.101286 -0.108940 9.805522 
2747627618542 -0.100901 -0.108919 9.805527 
2747647454968 -0.101802 -0.108422 9.805523 
2747667291394 -0.100925 -0.109147 9.805524 
2747687097302 -0.100793 -0.108655 9.805530 
2747706933728 -0.101777 -0.108179 9.805525 
2747726739636 -0.100900 -0.108837 9.805528 
2747746545544 -0.100766 -0.108664 9.805530 
2747766381970 -0.100869 -0.108576 9.805531 
2747786187878 -0.099856 -0.108895 9.805537 
2747805993787 -0.100549 -0.108326 9.805536 
2747825830212 -0.100822 -0.108572 9.805532 
2747845636121 -0.099732 -0.108973 9.805537 
2747865472546 -0.100596 -0.108635 9.805532 
2747885278455 -0.100401 -0.109025 9.805530 
2747905084363 -0.099406 -0.109564 9.805534 
2747924920788 -0.100187 -0.109051 9.805532 
2747944757214 -0.100307 -0.109357 9.805527 
2747964593640 -0.099795 -0.109567 9.805531 
2747984399548 -0.100416 -0.109056 9.805531 
2748004205456 -0.100298 -0.109281 9.805528 
2748024041882 -0.099623 -0.109656 9.805532 
2748043847790 -0.100490 -0.108678 9.805532 
2748063653699 -0.100609 -0.108827 9.805531 
2748083490124 -0.099766 -0.108981 9.805537 
2748103296033 -0.100168 -0.108101 9.805543 
2748123101941 -0.099522 -0.108437 9.805545 
2748142938367 -0.098564 -0.108455 9.805554 
2748162744275 -0.099156 -0.107673 9.805557 
2748182580701 -0.098919 -0.108183 9.805553 
2748202386609 -0.098991 -0.108189 9.805554 
2748222223035 -0.099890 -0.107646 9.805551 
2748242059460 -0.099633 -0.108632 9.805543 
2748261865369 -0.099229 -0.108469 9.805549 
2748281671277 -0.099876 -0.107991 9.805548 
2748301507703 -0.098831 -0.108490 9.805552 
2748321313611 -0.098377 -0.108095 9.805561 
2748341150037 -0.099118 -0.108104 9.805553 
2748360955945 -0.098345 -0.108762 9.805553 
2748380761853 -0.098541 -0.108364 9.805555 
2748400598279 -0.099353 -0.107745 9.805555 
2748420404187 -0.098475 -0.108570 9.805555 
2748440210095 -0.099294 -0.107858 9.805554 
2748460046521 -0.099851 -0.107642 9.805551 
2748479852429 -0.098727 -0.108239 9.805556 
2748499688855 -0.099393 -0.107621 9.805555 
2748519525281 -0.099621 -0.107810 9.805552 
2748539331189 -0.098966 -0.108315 9.805552 
2748559167615 -0.099623 -0.107688 9.805552 
2748578970343 -0.099615 -0.108043 9.805549 
2748598776251 -0.099358 -0.108619 9.805545 
2748618612677 -0.099849 -0.107980 9.805548 
2748638418585 -0.099368 -0.108408 9.805548 
2748658224493 -0.099131 -0.108262 9.805552 
2748678060919 -0.100020 -0.107960 9.805546 
2748697866827 -0.099444 -0.108552 9.805546 
2748717672735 -0.099433 -0.108480 9.805546 
2748737509161 -0.100540 -0.108089 9.805538 
2748757315069 -0.099707 -0.108756 9.805540 
2748777120978 -0.098905 -0.109630 9.805538 
2748796957403 -0.099787 -0.109517 9.805531 
2748816793829 -0.098977 -0.110042 9.805532 
2748836630255 -0.099795 -0.109440 9.805532 
2748856436163 -0.099875 -0.109967 9.805525 
2748876272589 -0.099301 -0.110322 9.805527 
2748896078497 -0.100023 -0.109622 9.805527 
2748915884405 -0.099534 -0.109981 9.805529 
2748935720831 -0.099050 -0.109874 9.805535 
2748955526739 -0.100638 -0.108727 9.805531 
2748975332648 -0.100196 -0.109208 9.805530 
2748995169073 -0.099783 -0.109190 9.805534 
2749014974982 -0.100809 -0.108536 9.805532 
2749034780890 -0.100057 -0.109419 9.805529 
2749054617316 -0.099957 -0.109160 9.805532 
2749074453741 -0.101124 -0.108736 9.805527 
2749094290167 -0.100271 -0.109448 9.805527 
2749114096075 -0.100157 -0.108645 9.805536 
2749133901983 -0.100767 -0.108325 9.805534 
2749153738409 -0.099853 -0.108580 9.805540 
2749173544317 -0.100485 -0.108266 9.805537 
2749193350226 -0.100517 -0.108521 9.805534 
2749213186651 -0.099925 -0.108628 9.805539 
2749232992560 -0.100704 -0.107684 9.805542 
2749252828985 -0.100197 -0.108046 9.805543 
2749272634894 -0.100083 -0.107834 9.805547 
2749292440802 -0.101175 -0.106921 9.805546 
2749312277228 -0.100880 -0.107221 9.805545 
2749332083136 -0.100582 -0.106875 9.805552 
2749351889044 -0.101261 -0.106297 9.805552 
2749371725470 -0.100164 -0.106784 9.805557 
2749391561896 -0.100374 -0.105976 9.805564 
2749411367804 -0.100981 -0.105829 9.805559 
2749431204230 -0.099981 -0.106642 9.805561 
2749451010138 -0.100599 -0.106002 9.805561 
2749470846564 -0.100802 -0.106258 9.805557 
2749490652472 -0.099963 -0.106504 9.805561 
2749510458380 -0.100506 -0.106014 9.805563 
2749530294806 -0.100468 -0.106369 9.805559 
2749550100714 -0.100180 -0.106227 9.805563 
2749569906622 -0.101337 -0.105766 9.805556 
2749589743048 -0.100392 -0.106757 9.805555 
2749609548956 -0.100752 -0.106141 9.805558 
2749629385382 -0.101502 -0.105845 9.805554 
2749649221808 -0.100715 -0.106205 9.805557 
2749669027716 -0.101397 -0.105756 9.805555 
2749688864142 -0.101807 -0.105473 9.805555 
2749708670050 -0.100847 -0.106004 9.805558 
2749728475958 -0.101199 -0.105476 9.805560 
2749748312384 -0.101538 -0.105597 9.805555 
2749768118292 -0.100990 -0.106283 9.805553 
2749787924200 -0.101815 -0.105660 9.805552 
2749807760626 -0.101332 -0.106179 9.805552 
2749827566534 -0.100779 -0.106440 9.805554 
2749847402960 -0.101922 -0.105742 9.805551 
2749867208868 -0.101743 -0.106655 9.805542 
2749887014776 -0.102363 -0.106267 9.805540 
2749906851202 -0.102979 -0.106042 9.805536 
2749926657110 -0.101661 -0.106792 9.805542 
2749946493536 -0.102469 -0.106393 9.805537 
2749966329962 -0.103074 -0.106410 9.805532 
2749986135870 -0.102313 -0.106823 9.805534 
2750005972296 -0.102931 -0.106335 9.805533 
2750025778204 -0.102577 -0.106595 9.805534 
2750045584112 -0.101999 -0.106519 9.805541 
2750065420538 -0.103093 -0.106124 9.805533 
2750085226446 -0.102316 -0.106488 9.805538 
2750105062872 -0.102679 -0.105715 9.805543 
2750124868780 -0.103672 -0.105670 9.805533 
2750144674689 -0.102722 -0.106346 9.805535 
2750164511114 -0.103014 -0.105956 9.805537 
2750184317023 -0.103282 -0.106216 9.805531 
2750204122931 -0.102348 -0.106869 9.805534 
2750223959357 -0.102969 -0.105907 9.805538 
2750243795782 -0.102381 -0.106494 9.805537 
2750263601691 -0.101962 -0.106350 9.805544 
2750283438116 -0.102667 -0.105659 9.805543 
2750303244025 -0.101677 -0.106022 9.805550 
2750323080450 -0.101603 -0.106048 9.805551 
2750342886358 -0.102711 -0.105983 9.805539 
2750362692267 -0.102124 -0.106812 9.805536 
2750382528692 -0.102356 -0.106340 9.805539 
2750402334601 -0.102737 -0.106121 9.805537 
2750422140509 -0.101747 -0.106470 9.805544 
2750441976935 -0.102313 -0.105851 9.805545 
2750461782843 -0.102457 -0.106129 9.805540 
2750481619269 -0.102506 -0.106065 9.805540 
2750501455694 -0.102405 -0.106171 9.805541 
2750521261603 -0.102390 -0.106123 9.805541 
2750541098028 -0.102457 -0.106077 9.805541 
2750560903937 -0.102439 -0.106102 9.805541 
2750580709845 -0.102729 -0.105894 9.805540 
2750600546271 -0.102692 -0.106087 9.805539 
2750620352179 -0.102669 -0.105637 9.805543 
2750640188605 -0.102880 -0.105515 9.805543 
2750659994513 -0.103076 -0.105326 9.805543 
2750679800421 -0.102716 -0.105143 9.805549 
