# Created at Tue Jun 01 16:07:21 GMT+02:00 2021 in Burnaby Canada 
2643913835710 -0.007353 -0.000470 0.707043 0.707133 
2643933672135 -0.007349 -0.000481 0.707043 0.707133 
2643953478044 -0.007361 -0.000464 0.707043 0.707133 
2643973283952 -0.007362 -0.000493 0.707042 0.707133 
2643993120378 -0.007377 -0.000496 0.707042 0.707133 
2644012926286 -0.007395 -0.000512 0.707042 0.707133 
2644032732194 -0.007392 -0.000524 0.707042 0.707133 
2644052568620 -0.007374 -0.000548 0.707042 0.707133 
2644072405046 -0.007424 -0.000546 0.707042 0.707133 
2644092241471 -0.007410 -0.000552 0.707042 0.707133 
2644112047380 -0.007414 -0.000560 0.707042 0.707133 
2644131853288 -0.007411 -0.000555 0.707042 0.707133 
2644151689714 -0.007416 -0.000574 0.707042 0.707133 
2644171495622 -0.007414 -0.000602 0.707041 0.707133 
2644191301530 -0.007418 -0.000626 0.707041 0.707133 
2644211137956 -0.007418 -0.000615 0.707041 0.707133 
2644230943864 -0.007417 -0.000583 0.707042 0.707133 
2644250749772 -0.007412 -0.000558 0.707042 0.707133 
2644270586198 -0.007398 -0.000575 0.707042 0.707133 
2644290392106 -0.007387 -0.000544 0.707042 0.707133 
2644310228532 -0.007388 -0.000542 0.707042 0.707133 
2644330034440 -0.007397 -0.000538 0.707042 0.707133 
2644349870866 -0.007392 -0.000530 0.707042 0.707133 
2644369707292 -0.007395 -0.000531 0.707042 0.707133 
2644389513200 -0.007403 -0.000538 0.707042 0.707133 
2644409319108 -0.007426 -0.000531 0.707042 0.707133 
2644429155534 -0.007429 -0.000543 0.707042 0.707133 
2644448961442 -0.007419 -0.000527 0.707042 0.707133 
2644468797868 -0.007422 -0.000534 0.707042 0.707133 
2644488603776 -0.007438 -0.000521 0.707042 0.707132 
2644508409684 -0.007460 -0.000531 0.707042 0.707132 
2644528246110 -0.007474 -0.000529 0.707042 0.707132 
2644548052018 -0.007478 -0.000521 0.707042 0.707132 
2644567857926 -0.007484 -0.000535 0.707042 0.707132 
2644587694352 -0.007485 -0.000570 0.707041 0.707132 
2644607500260 -0.007490 -0.000569 0.707041 0.707132 
2644627306169 -0.007485 -0.000557 0.707041 0.707132 
2644647142594 -0.007499 -0.000560 0.707041 0.707132 
2644666979020 -0.007505 -0.000572 0.707041 0.707132 
2644686815446 -0.007504 -0.000577 0.707041 0.707132 
2644706621354 -0.007503 -0.000589 0.707041 0.707132 
2644726427262 -0.007510 -0.000591 0.707041 0.707132 
2644746263688 -0.007527 -0.000590 0.707041 0.707132 
2644766069596 -0.007520 -0.000572 0.707041 0.707132 
2644785875505 -0.007522 -0.000558 0.707041 0.707132 
2644805711930 -0.007501 -0.000555 0.707041 0.707132 
2644825517839 -0.007481 -0.000558 0.707041 0.707132 
2644845354264 -0.007471 -0.000553 0.707041 0.707132 
2644865160173 -0.007460 -0.000542 0.707042 0.707132 
2644884966081 -0.007444 -0.000548 0.707042 0.707133 
2644904802507 -0.007443 -0.000557 0.707042 0.707133 
2644924638932 -0.007442 -0.000577 0.707041 0.707133 
2644944444840 -0.007447 -0.000591 0.707041 0.707133 
2644964281266 -0.007456 -0.000586 0.707041 0.707133 
2644984087174 -0.007296 -0.000579 0.707042 0.707134 
2645003893083 -0.007560 -0.000551 0.707041 0.707132 
2645023729508 -0.007402 -0.000586 0.707042 0.707133 
2645043535417 -0.007261 -0.000610 0.707042 0.707134 
2645063371842 -0.007427 -0.000579 0.707041 0.707133 
2645083177751 -0.007492 -0.000596 0.707041 0.707133 
2645102983659 -0.007262 -0.000615 0.707042 0.707134 
2645122820085 -0.007295 -0.000591 0.707042 0.707134 
2645142625993 -0.007503 -0.000574 0.707041 0.707132 
2645162431901 -0.007418 -0.000591 0.707042 0.707133 
2645182268327 -0.007241 -0.000598 0.707042 0.707134 
2645202074235 -0.007415 -0.000560 0.707042 0.707133 
2645221910661 -0.007505 -0.000558 0.707041 0.707132 
2645241747087 -0.007485 -0.000577 0.707041 0.707132 
2645261552995 -0.007583 -0.000559 0.707041 0.707132 
2645281389421 -0.007610 -0.000569 0.707041 0.707132 
2645301195329 -0.007589 -0.000590 0.707041 0.707132 
2645321001237 -0.007619 -0.000597 0.707040 0.707132 
2645340837663 -0.007661 -0.000598 0.707040 0.707132 
2645360643571 -0.007633 -0.000609 0.707040 0.707132 
2645380449479 -0.007650 -0.000610 0.707040 0.707132 
2645400285905 -0.007693 -0.000612 0.707040 0.707131 
2645420091813 -0.007667 -0.000623 0.707040 0.707132 
2645439928239 -0.007689 -0.000631 0.707040 0.707132 
2645459734147 -0.007723 -0.000623 0.707040 0.707131 
2645479540055 -0.007712 -0.000617 0.707040 0.707131 
2645499376481 -0.007714 -0.000617 0.707040 0.707131 
2645519212907 -0.007747 -0.000611 0.707040 0.707131 
2645539018815 -0.007731 -0.000621 0.707040 0.707131 
2645558855241 -0.007765 -0.000630 0.707040 0.707131 
2645578661149 -0.007777 -0.000640 0.707039 0.707131 
2645598467057 -0.007751 -0.000659 0.707039 0.707131 
2645618303483 -0.007798 -0.000657 0.707039 0.707131 
2645638109391 -0.007818 -0.000648 0.707039 0.707131 
2645657945817 -0.007806 -0.000660 0.707039 0.707131 
2645677751725 -0.007827 -0.000660 0.707039 0.707131 
2645697557633 -0.007846 -0.000662 0.707039 0.707131 
2645717394059 -0.007819 -0.000672 0.707039 0.707131 
2645737199967 -0.007856 -0.000662 0.707039 0.707131 
2645757005876 -0.007846 -0.000662 0.707039 0.707131 
2645776842301 -0.007833 -0.000663 0.707039 0.707131 
2645796678727 -0.007881 -0.000662 0.707039 0.707130 
2645816484635 -0.007876 -0.000663 0.707039 0.707130 
2645836321061 -0.007875 -0.000681 0.707039 0.707131 
2645856126969 -0.007922 -0.000678 0.707039 0.707130 
2645875963395 -0.007907 -0.000680 0.707039 0.707130 
2645895769303 -0.007916 -0.000681 0.707039 0.707130 
2645915575212 -0.007961 -0.000663 0.707038 0.707130 
2645935411637 -0.007931 -0.000674 0.707039 0.707130 
2645955217546 -0.007953 -0.000673 0.707038 0.707130 
2645975023454 -0.007980 -0.000667 0.707038 0.707130 
2645994859880 -0.007946 -0.000677 0.707038 0.707130 
2646014665788 -0.007972 -0.000685 0.707038 0.707130 
2646034502214 -0.007988 -0.000676 0.707038 0.707130 
2646054308122 -0.007947 -0.000695 0.707038 0.707130 
2646074144548 -0.007992 -0.000693 0.707038 0.707130 
2646093980973 -0.007983 -0.000696 0.707038 0.707130 
2646113786882 -0.007961 -0.000707 0.707038 0.707130 
2646133592790 -0.008002 -0.000714 0.707038 0.707130 
2646153429215 -0.007995 -0.000718 0.707038 0.707130 
2646173235124 -0.007987 -0.000728 0.707038 0.707130 
2646193071549 -0.008034 -0.000726 0.707038 0.707130 
2646212877458 -0.008016 -0.000728 0.707038 0.707130 
2646232683366 -0.008020 -0.000737 0.707038 0.707130 
2646252519792 -0.008049 -0.000744 0.707038 0.707130 
2646272325700 -0.008017 -0.000774 0.707038 0.707130 
2646292131608 -0.008066 -0.000773 0.707037 0.707130 
2646311968034 -0.008083 -0.000766 0.707037 0.707130 
2646331773942 -0.008052 -0.000776 0.707037 0.707130 
2646351610368 -0.008095 -0.000774 0.707037 0.707130 
2646371446794 -0.008109 -0.000776 0.707037 0.707130 
2646391252702 -0.008093 -0.000778 0.707037 0.707130 
2646411089128 -0.008130 -0.000770 0.707037 0.707129 
2646430895036 -0.008125 -0.000773 0.707037 0.707129 
2646450700944 -0.008124 -0.000791 0.707037 0.707130 
2646470537370 -0.008161 -0.000800 0.707037 0.707129 
2646490343278 -0.008124 -0.000817 0.707037 0.707130 
2646510149186 -0.008130 -0.000824 0.707037 0.707130 
2646529985612 -0.008170 -0.000820 0.707036 0.707129 
2646549791520 -0.008147 -0.000840 0.707036 0.707130 
2646569627946 -0.008162 -0.000848 0.707036 0.707130 
2646589433854 -0.008184 -0.000839 0.707036 0.707129 
2646609239762 -0.008141 -0.000859 0.707036 0.707130 
2646629076188 -0.008160 -0.000859 0.707036 0.707130 
2646648912614 -0.008169 -0.000853 0.707036 0.707130 
2646668718522 -0.008150 -0.000872 0.707036 0.707130 
2646688554948 -0.008193 -0.000870 0.707036 0.707129 
2646708360856 -0.008186 -0.000862 0.707036 0.707129 
2646728166764 -0.008177 -0.000881 0.707036 0.707130 
2646748003190 -0.008215 -0.000870 0.707036 0.707129 
2646767809098 -0.008173 -0.000870 0.707036 0.707130 
2646787615007 -0.008144 -0.000879 0.707036 0.707130 
2646807451432 -0.008190 -0.000878 0.707036 0.707130 
2646827257340 -0.008169 -0.000872 0.707036 0.707130 
2646847093766 -0.008165 -0.000879 0.707036 0.707130 
2646866899674 -0.008201 -0.000867 0.707036 0.707129 
2646886705583 -0.008172 -0.000875 0.707036 0.707130 
2646906542008 -0.008187 -0.000875 0.707036 0.707130 
2646926378434 -0.008206 -0.000874 0.707036 0.707129 
2646946214860 -0.008179 -0.000892 0.707036 0.707130 
2646966020768 -0.008198 -0.000899 0.707036 0.707130 
2646985826676 -0.008217 -0.000890 0.707036 0.707129 
2647005663102 -0.008191 -0.000909 0.707036 0.707130 
2647025469010 -0.008230 -0.000890 0.707036 0.707129 
2647045274919 -0.008239 -0.000899 0.707036 0.707129 
2647065111344 -0.008219 -0.000915 0.707036 0.707130 
2647084917253 -0.008280 -0.000914 0.707035 0.707129 
2647104753678 -0.008271 -0.000924 0.707035 0.707129 
2647124559587 -0.008261 -0.000922 0.707035 0.707129 
2647144365495 -0.008300 -0.000913 0.707035 0.707129 
2647164201921 -0.008265 -0.000914 0.707035 0.707129 
2647184007829 -0.008276 -0.000914 0.707035 0.707129 
2647203813737 -0.008313 -0.000911 0.707035 0.707129 
2647223650163 -0.008279 -0.000919 0.707035 0.707129 
2647243486589 -0.008307 -0.000917 0.707035 0.707129 
2647263292497 -0.008330 -0.000920 0.707035 0.707129 
2647283128923 -0.008298 -0.000928 0.707035 0.707129 
2647302934831 -0.008341 -0.000924 0.707035 0.707129 
2647322771257 -0.008335 -0.000915 0.707035 0.707129 
2647342577165 -0.008316 -0.000924 0.707035 0.707129 
2647362383073 -0.008347 -0.000921 0.707035 0.707129 
2647382219499 -0.008310 -0.000922 0.707035 0.707129 
2647402025407 -0.008314 -0.000930 0.707035 0.707129 
2647421831315 -0.008342 -0.000921 0.707035 0.707129 
2647441667741 -0.008305 -0.000928 0.707035 0.707129 
2647461473649 -0.008329 -0.000918 0.707035 0.707129 
2647481310075 -0.008329 -0.000915 0.707035 0.707129 
2647501146501 -0.008292 -0.000916 0.707035 0.707129 
2647520952409 -0.008318 -0.000913 0.707035 0.707129 
2647540788835 -0.008286 -0.000923 0.707035 0.707129 
2647560594743 -0.008275 -0.000931 0.707035 0.707129 
2647580400651 -0.008303 -0.000927 0.707035 0.707129 
2647600237077 -0.008272 -0.000937 0.707035 0.707129 
2647620042985 -0.008284 -0.000941 0.707035 0.707129 
2647639848893 -0.008305 -0.000931 0.707035 0.707129 
2647659685319 -0.008271 -0.000940 0.707035 0.707129 
2647679491227 -0.008292 -0.000951 0.707035 0.707129 
2647699297135 -0.008306 -0.000940 0.707035 0.707129 
2647719133561 -0.008261 -0.000955 0.707035 0.707129 
2647738939469 -0.008291 -0.000951 0.707035 0.707129 
2647758775895 -0.008255 -0.000950 0.707035 0.707129 
2647778612321 -0.008279 -0.000941 0.707035 0.707129 
2647798418229 -0.008280 -0.000941 0.707035 0.707129 
2647818254655 -0.008228 -0.000951 0.707035 0.707130 
2647838060563 -0.008283 -0.000932 0.707035 0.707129 
2647857866471 -0.008294 -0.000955 0.707035 0.707129 
2647877702897 -0.008305 -0.000973 0.707035 0.707129 
2647897508805 -0.008282 -0.000964 0.707035 0.707129 
2647917345231 -0.008222 -0.000973 0.707035 0.707130 
2647937151139 -0.008208 -0.000999 0.707035 0.707130 
2647956957048 -0.008246 -0.000996 0.707035 0.707130 
2647976793473 -0.008210 -0.001006 0.707035 0.707130 
2647996599382 -0.008239 -0.000995 0.707035 0.707130 
2648016405290 -0.008258 -0.001009 0.707035 0.707130 
2648036241715 -0.008269 -0.001001 0.707035 0.707130 
2648056047624 -0.008327 -0.000989 0.707035 0.707129 
2648075884049 -0.008305 -0.000999 0.707035 0.707129 
2648095720475 -0.008289 -0.001015 0.707035 0.707130 
2648115526383 -0.008318 -0.001012 0.707035 0.707129 
2648135362809 -0.008296 -0.001022 0.707035 0.707130 
2648155168717 -0.008289 -0.001028 0.707035 0.707130 
2648174974626 -0.008325 -0.001017 0.707035 0.707129 
2648194811051 -0.008295 -0.001027 0.707035 0.707130 
2648214616960 -0.008296 -0.001034 0.707035 0.707130 
2648234453385 -0.008313 -0.001022 0.707034 0.707129 
2648254259294 -0.008271 -0.001022 0.707035 0.707130 
2648274065202 -0.008286 -0.001030 0.707035 0.707130 
2648293901628 -0.008296 -0.001028 0.707035 0.707130 
2648313707536 -0.008262 -0.001038 0.707035 0.707130 
2648333513444 -0.008297 -0.001026 0.707035 0.707130 
2648353349870 -0.008297 -0.001018 0.707035 0.707129 
2648373186296 -0.008267 -0.001016 0.707035 0.707130 
2648393022721 -0.008289 -0.001005 0.707035 0.707129 
2648412828630 -0.008255 -0.001004 0.707035 0.707130 
2648432634538 -0.008242 -0.001012 0.707035 0.707130 
2648452470964 -0.008262 -0.000992 0.707035 0.707130 
2648472276872 -0.008211 -0.000983 0.707035 0.707130 
2648492082780 -0.008256 -0.000971 0.707035 0.707130 
2648511919206 -0.008260 -0.000965 0.707035 0.707130 
2648531725114 -0.008228 -0.000982 0.707035 0.707130 
2648551531022 -0.008260 -0.000977 0.707035 0.707130 
2648571380852 -0.008223 -0.000985 0.707035 0.707130 
2648591186760 -0.008209 -0.000998 0.707035 0.707130 
2648611023186 -0.008236 -0.000994 0.707035 0.707130 
2648630829094 -0.008197 -0.000995 0.707035 0.707130 
2648650665520 -0.008198 -0.000992 0.707035 0.707130 
2648670501946 -0.008213 -0.000973 0.707035 0.707130 
2648690307854 -0.008171 -0.000990 0.707035 0.707130 
2648710113762 -0.008212 -0.000988 0.707035 0.707130 
2648729950188 -0.008185 -0.000985 0.707035 0.707130 
2648749756096 -0.008173 -0.000986 0.707035 0.707130 
2648769562004 -0.008161 -0.000951 0.707036 0.707130 
2648789398430 -0.008124 -0.000933 0.707036 0.707130 
2648809204338 -0.008149 -0.000906 0.707036 0.707130 
2648829040764 -0.008206 -0.000864 0.707036 0.707129 
2648848846672 -0.008181 -0.000847 0.707036 0.707129 
2648868652580 -0.008210 -0.000837 0.707036 0.707129 
2648888489006 -0.008205 -0.000837 0.707036 0.707129 
2648908294914 -0.008185 -0.000857 0.707036 0.707129 
2648928131340 -0.008220 -0.000846 0.707036 0.707129 
2648947967766 -0.008192 -0.000855 0.707036 0.707129 
2648967773674 -0.008185 -0.000855 0.707036 0.707129 
2648987610100 -0.008224 -0.000844 0.707036 0.707129 
2649007416008 -0.008197 -0.000837 0.707036 0.707129 
2649027221916 -0.008183 -0.000845 0.707036 0.707129 
2649047058342 -0.008197 -0.000836 0.707036 0.707129 
2649066864250 -0.008154 -0.000852 0.707036 0.707130 
2649086670159 -0.008171 -0.000848 0.707036 0.707130 
2649106506584 -0.008185 -0.000831 0.707036 0.707129 
2649126312493 -0.008117 -0.000847 0.707037 0.707130 
2649146148918 -0.008132 -0.000861 0.707036 0.707130 
2649165954827 -0.008120 -0.000862 0.707036 0.707130 
2649185760735 -0.008102 -0.000870 0.707036 0.707130 
2649205597161 -0.008134 -0.000877 0.707036 0.707130 
2649225433586 -0.008090 -0.000878 0.707037 0.707130 
2649245239494 -0.008072 -0.000873 0.707037 0.707130 
2649265075920 -0.008034 -0.000874 0.707037 0.707131 
2649284881828 -0.007992 -0.000885 0.707037 0.707131 
2649304718254 -0.008047 -0.000855 0.707037 0.707130 
2649324524162 -0.008015 -0.000835 0.707037 0.707130 
2649344330071 -0.007990 -0.000852 0.707037 0.707131 
2649364166496 -0.007975 -0.000869 0.707037 0.707131 
2649383972405 -0.007906 -0.000895 0.707037 0.707132 
2649403778313 -0.007893 -0.000910 0.707037 0.707132 
2649423614739 -0.007870 -0.000910 0.707037 0.707132 
2649443420647 -0.007877 -0.000909 0.707037 0.707132 
2649463226555 -0.007917 -0.000899 0.707037 0.707131 
2649483062981 -0.007856 -0.000906 0.707038 0.707132 
2649502899407 -0.007892 -0.000888 0.707037 0.707132 
2649522735832 -0.007902 -0.000861 0.707038 0.707131 
2649542541741 -0.007827 -0.000878 0.707038 0.707132 
2649562347649 -0.007870 -0.000876 0.707038 0.707132 
2649582184075 -0.007895 -0.000859 0.707038 0.707131 
2649601989983 -0.007862 -0.000867 0.707038 0.707132 
2649621795891 -0.007910 -0.000864 0.707037 0.707131 
2649641632317 -0.007852 -0.000883 0.707038 0.707132 
2649661438225 -0.007866 -0.000890 0.707038 0.707132 
2649681274651 -0.007884 -0.000887 0.707037 0.707132 
2649701080559 -0.007851 -0.000898 0.707038 0.707132 
2649720886467 -0.007867 -0.000902 0.707038 0.707132 
2649740722893 -0.007848 -0.000912 0.707038 0.707132 
2649760528801 -0.007813 -0.000938 0.707038 0.707132 
2649780334709 -0.007864 -0.000936 0.707037 0.707132 
2649800171135 -0.007828 -0.000920 0.707038 0.707132 
2649820007561 -0.007846 -0.000918 0.707038 0.707132 
2649839843987 -0.007850 -0.000917 0.707037 0.707132 
2649859649895 -0.007832 -0.000926 0.707037 0.707132 
2649879455803 -0.007882 -0.000914 0.707037 0.707132 
2649899292229 -0.007892 -0.000896 0.707037 0.707132 
2649919098137 -0.007885 -0.000896 0.707037 0.707132 
2649938904045 -0.007888 -0.000878 0.707038 0.707132 
2649958740471 -0.007913 -0.000870 0.707037 0.707131 
2649978546379 -0.007925 -0.000863 0.707037 0.707131 
2649998382805 -0.007918 -0.000851 0.707038 0.707131 
2650018188713 -0.007915 -0.000835 0.707038 0.707131 
2650037994621 -0.007910 -0.000812 0.707038 0.707131 
2650057831047 -0.007893 -0.000818 0.707038 0.707131 
2650077667473 -0.007874 -0.000798 0.707038 0.707131 
2650097473381 -0.007858 -0.000782 0.707038 0.707131 
2650117309807 -0.007846 -0.000757 0.707038 0.707131 
2650137115715 -0.007836 -0.000726 0.707039 0.707131 
2650156921623 -0.007839 -0.000712 0.707039 0.707131 
2650176758049 -0.007819 -0.000698 0.707039 0.707131 
2650196563957 -0.007817 -0.000679 0.707039 0.707131 
2650216400383 -0.007806 -0.000681 0.707039 0.707131 
2650236206291 -0.007793 -0.000674 0.707039 0.707131 
2650256012200 -0.007786 -0.000662 0.707039 0.707131 
2650275848625 -0.007779 -0.000656 0.707039 0.707131 
2650295654534 -0.007773 -0.000644 0.707039 0.707131 
2650315460442 -0.007755 -0.000633 0.707040 0.707131 
2650335296868 -0.007744 -0.000617 0.707040 0.707131 
2650355133293 -0.007730 -0.000609 0.707040 0.707131 
2650374969719 -0.007725 -0.000610 0.707040 0.707131 
2650394775627 -0.007712 -0.000591 0.707040 0.707131 
2650414581536 -0.007696 -0.000587 0.707040 0.707131 
2650434417961 -0.007681 -0.000567 0.707040 0.707131 
2650454223869 -0.007667 -0.000537 0.707041 0.707131 
2650474029778 -0.007661 -0.000538 0.707041 0.707131 
2650493866203 -0.007650 -0.000522 0.707041 0.707131 
2650513672112 -0.007631 -0.000498 0.707041 0.707131 
2650533508537 -0.007620 -0.000495 0.707041 0.707131 
2650553314446 -0.007614 -0.000494 0.707041 0.707131 
2650573120354 -0.007593 -0.000485 0.707041 0.707131 
2650592926262 -0.007556 -0.000482 0.707041 0.707132 
2650612762688 -0.007548 -0.000462 0.707042 0.707132 
2650632568596 -0.007552 -0.000437 0.707042 0.707131 
2650652405022 -0.007531 -0.000444 0.707042 0.707132 
2650672241448 -0.007441 -0.000332 0.707002 0.707173 
2650692047356 -0.007400 -0.000252 0.707002 0.707173 
2650711883782 -0.007452 -0.000288 0.707002 0.707172 
2650731689690 -0.007433 -0.000314 0.707002 0.707173 
2650751495598 -0.007423 -0.000332 0.707002 0.707173 
2650771332024 -0.007420 -0.000351 0.707002 0.707173 
2650791137932 -0.007414 -0.000349 0.707002 0.707173 
2650810974358 -0.007426 -0.000365 0.707001 0.707173 
2650830780266 -0.007435 -0.000371 0.707001 0.707173 
2650850586174 -0.007421 -0.000389 0.707001 0.707173 
2650870422600 -0.007427 -0.000387 0.707001 0.707173 
2650890228508 -0.007426 -0.000384 0.707001 0.707173 
2650910064934 -0.007415 -0.000376 0.707001 0.707173 
2650929901360 -0.007396 -0.000371 0.707002 0.707173 
2650949707268 -0.007443 -0.000374 0.707001 0.707173 
2650969543694 -0.007301 -0.000366 0.707002 0.707174 
2650989349602 -0.007517 -0.000401 0.707001 0.707173 
2651009155510 -0.007224 -0.000360 0.707002 0.707174 
2651028991936 -0.007393 -0.000382 0.707002 0.707173 
2651048797844 -0.007387 -0.000371 0.707002 0.707173 
2651068603752 -0.007363 -0.000360 0.707002 0.707173 
2651088440178 -0.007357 -0.000361 0.707002 0.707173 
2651108246086 -0.007348 -0.000353 0.707002 0.707173 
2651128082512 -0.007334 -0.000351 0.707002 0.707173 
2651147888420 -0.007322 -0.000359 0.707002 0.707174 
2651167694328 -0.007315 -0.000357 0.707002 0.707174 
2651187530754 -0.007313 -0.000333 0.707002 0.707173 
2651207336662 -0.007309 -0.000318 0.707002 0.707173 
2651227173088 -0.007304 -0.000304 0.707002 0.707173 
2651247009514 -0.007326 -0.000299 0.707002 0.707173 
2651266815422 -0.007313 -0.000288 0.707002 0.707173 
