# Created at Tue Jun 01 15:59:04 GMT+02:00 2021 in Burnaby Canada 
2146243336683 -0.138275 -0.126328 9.824814 
2146263142591 -0.097595 -0.116745 9.827209 
2146282948499 -0.102386 -0.102402 9.820038 
2146302784925 -0.099991 -0.097610 9.810471 
2146322590833 -0.092819 -0.109573 9.812851 
2146342396741 -0.092819 -0.100006 9.808075 
2146362233167 -0.099991 -0.100006 9.824814 
2146382039075 -0.102386 -0.104782 9.810471 
2146401844983 -0.104782 -0.095215 9.810471 
2146421681409 -0.099991 -0.111969 9.805679 
2146441487317 -0.090424 -0.100006 9.808075 
2146461293226 -0.107178 -0.100006 9.808075 
2146481129651 -0.097595 -0.097610 9.800888 
2146500966077 -0.099991 -0.095215 9.805679 
2146520771985 -0.097595 -0.100006 9.808075 
2146540608411 -0.092819 -0.104782 9.803284 
2146560414319 -0.092819 -0.102402 9.805679 
2146580220228 -0.102386 -0.097610 9.800888 
2146600026136 -0.097595 -0.104782 9.808075 
2146619862562 -0.092819 -0.107178 9.798492 
2146639668470 -0.095215 -0.104782 9.796112 
2146659474378 -0.088028 -0.097610 9.800888 
2146679310804 -0.097595 -0.107178 9.791321 
2146699116712 -0.097595 -0.102402 9.798492 
2146718953138 -0.097595 -0.102402 9.805679 
2146738759046 -0.097595 -0.092819 9.810471 
2146758564954 -0.097595 -0.097610 9.798492 
2146778401380 -0.097595 -0.100006 9.803284 
2146798237806 -0.095215 -0.102402 9.798492 
2146818043714 -0.104782 -0.095215 9.800888 
2146837880140 -0.102386 -0.104782 9.800888 
2146857686048 -0.090424 -0.104782 9.805679 
2146877491956 -0.102386 -0.107178 9.800888 
2146897328382 -0.097595 -0.102402 9.808075 
2146917134290 -0.104782 -0.100006 9.808075 
2146936940198 -0.102386 -0.104782 9.808075 
2146956776624 -0.102386 -0.100006 9.815247 
2146976582532 -0.099991 -0.100006 9.812851 
2146996388440 -0.092819 -0.100006 9.810471 
2147016224866 -0.104782 -0.104782 9.810471 
2147036030774 -0.102386 -0.100006 9.827209 
2147055867200 -0.097595 -0.104782 9.820038 
2147075703626 -0.099991 -0.104782 9.820038 
2147095509534 -0.099991 -0.104782 9.815247 
2147115315442 -0.095215 -0.102402 9.815247 
2147135151868 -0.097595 -0.100006 9.812851 
2147154957776 -0.102386 -0.095215 9.820038 
2147174763685 -0.097595 -0.100006 9.810471 
2147194600110 -0.097595 -0.100006 9.808075 
2147214406019 -0.097595 -0.102402 9.815247 
2147234211927 -0.092819 -0.100006 9.808075 
2147254048353 -0.107178 -0.102402 9.815247 
2147273854261 -0.104782 -0.102402 9.781754 
2147293660169 -0.064102 -0.054535 9.906174 
2147313496595 -0.099991 -0.140686 9.695602 
2147333333021 -0.104782 -0.083252 9.999496 
2147353138929 -0.164597 -0.224426 9.590317 
2147372975355 -0.032990 -0.025818 9.832001 
2147392781263 -0.047348 -0.021042 10.013855 
2147412587171 -0.176559 -0.195709 9.810471 
2147432423597 -0.123917 -0.174179 9.585541 
2147452229505 -0.009064 0.019638 9.963608 
2147472035413 -0.121521 -0.104782 9.958817 
2147491871839 -0.183746 -0.229218 9.628616 
2147511677747 -0.030594 -0.030609 9.800888 
2147531483655 -0.076065 -0.030609 10.032990 
2147551320081 -0.188522 -0.233994 9.707565 
2147571125989 -0.059311 -0.083252 9.695602 
2147590931897 -0.044952 0.002884 10.054535 
2147610768323 -0.193314 -0.226822 9.774567 
2147630604749 -0.083237 -0.119141 9.652542 
2147650410657 -0.028214 0.019638 10.054535 
2147670247083 -0.188522 -0.210068 9.808075 
2147690052991 -0.095215 -0.128708 9.642960 
2147709858899 -0.030594 0.024429 10.056931 
2147729695325 -0.190918 -0.207672 9.829605 
2147749501233 -0.085632 -0.128708 9.650146 
2147769307142 -0.023422 0.029205 10.066498 
2147789143567 -0.190918 -0.224426 9.822433 
2147808949476 -0.078461 -0.114365 9.650146 
2147828755384 -0.013855 0.010071 10.059311 
2147848591810 -0.195709 -0.231613 9.808075 
2147868397718 -0.083237 -0.109573 9.671677 
2147888234144 -0.037781 0.012466 10.073669 
2147908070569 -0.193314 -0.233994 9.779358 
2147927876478 -0.064102 -0.088043 9.693222 
2147947682386 -0.047348 0.002884 10.066498 
2147967518812 -0.205276 -0.250748 9.733887 
2147987324720 -0.054535 -0.052139 9.738678 
2148007130628 -0.066498 -0.030609 10.059311 
2148026967054 -0.198105 -0.250748 9.666901 
2148046772962 -0.018631 -0.016251 9.798492 
2148066609388 -0.088028 -0.066498 10.030609 
2148086415296 -0.193314 -0.253143 9.626221 
2148106221204 -0.009064 0.022034 9.879852 
2148126057630 -0.116745 -0.095215 9.997101 
2148145863538 -0.176559 -0.226822 9.575974 
2148165669446 0.000504 0.033997 9.934891 
2148185505872 -0.145462 -0.143066 9.956421 
2148205342298 -0.143066 -0.202896 9.566391 
2148225148206 0.000504 0.043564 9.994705 
2148244984632 -0.171783 -0.186142 9.896606 
2148264790540 -0.116745 -0.167007 9.585541 
2148284596448 -0.006668 0.036392 10.035385 
2148304432874 -0.188522 -0.212463 9.827209 
2148324238782 -0.078461 -0.116745 9.638184 
2148344044690 -0.032990 0.022034 10.068893 
2148363881116 -0.198105 -0.245956 9.741074 
2148383687024 -0.047348 -0.059326 9.721924 
2148403492933 -0.061707 -0.025818 10.066498 
2148423329358 -0.195709 -0.257935 9.654938 
2148443135267 -0.013855 -0.011475 9.832001 
2148462941175 -0.104782 -0.073685 10.021027 
2148482777601 -0.186142 -0.245956 9.609467 
2148502614026 0.007690 0.031601 9.922928 
2148522419935 -0.140671 -0.135895 9.968384 
2148542280845 -0.150238 -0.198105 9.578354 
2148562086754 -0.004288 0.043564 10.006683 
2148581892662 -0.174164 -0.195709 9.870285 
2148601698570 -0.104782 -0.138290 9.609467 
2148621534996 -0.018631 0.019638 10.059311 
2148641340904 -0.193314 -0.241180 9.781754 
2148661177330 -0.049744 -0.073685 9.702789 
2148680983238 -0.061707 -0.018646 10.066498 
2148700789146 -0.198105 -0.253143 9.659714 
2148720625572 -0.013855 -0.016251 9.824814 
2148740431480 -0.102386 -0.076080 10.016251 
2148760237388 -0.176559 -0.236389 9.587936 
2148780073814 0.000504 0.029205 9.939682 
2148799910240 -0.147842 -0.150253 9.942062 
2148819716148 -0.133499 -0.188538 9.578354 
2148839552574 -0.009064 0.038788 10.028214 
2148859358482 -0.193314 -0.210068 9.832001 
2148879164390 -0.080856 -0.119141 9.626221 
2148899000816 -0.032990 0.012466 10.059311 
2148918806724 -0.202881 -0.255539 9.719543 
2148938612632 -0.030594 -0.044968 9.745865 
2148958449058 -0.083237 -0.052139 10.035385 
2148978254966 -0.190918 -0.248352 9.611862 
2148998060875 -0.001892 0.017242 9.884644 
2149017897300 -0.140671 -0.114365 9.975571 
2149037703209 -0.152634 -0.217255 9.563995 
2149057539634 0.010071 0.038788 9.987534 
2149077376060 -0.174164 -0.186142 9.882248 
2149097181968 -0.116745 -0.162216 9.597504 
2149116987877 -0.021027 0.031601 10.049744 
2149136824302 -0.202881 -0.238785 9.772186 
2149156630211 -0.056915 -0.080856 9.695602 
2149176436119 -0.059311 -0.016251 10.056931 
2149196272545 -0.198105 -0.250748 9.654938 
2149216078453 -0.023422 -0.016251 9.815247 
2149235884361 -0.102386 -0.083252 10.009064 
2149255720787 -0.174164 -0.245956 9.583145 
2149275526695 0.005295 0.031601 9.920532 
2149295332603 -0.147842 -0.147858 9.937286 
2149315169029 -0.131104 -0.181351 9.571182 
2149335005455 -0.006668 0.031601 10.021027 
2149354811363 -0.186142 -0.217255 9.793716 
2149374647789 -0.076065 -0.109573 9.638184 
2149394453697 -0.032990 0.010071 10.049744 
2149414259605 -0.212463 -0.245956 9.695602 
2149434096031 -0.035385 -0.042572 9.731506 
2149453901939 -0.076065 -0.044968 10.018646 
2149473707847 -0.186142 -0.241180 9.595108 
2149493544273 -0.011459 0.024429 9.879852 
2149513350181 -0.138275 -0.126328 9.939682 
2149533156090 -0.147842 -0.200500 9.549652 
2149552992515 0.005295 0.048355 9.994705 
2149572798424 -0.183746 -0.198105 9.839172 
2149592604332 -0.099991 -0.138290 9.592712 
2149612440757 -0.018631 0.017242 10.025818 
2149632277183 -0.195709 -0.245956 9.712357 
2149652083091 -0.044952 -0.054535 9.697998 
2149671919517 -0.088028 -0.040176 10.013855 
2149691725425 -0.188522 -0.255539 9.583145 
2149711531334 -0.004288 0.017242 9.846359 
2149731367759 -0.140671 -0.116745 9.934891 
2149751173668 -0.143066 -0.202896 9.530502 
2149770979576 0.005295 0.045959 9.963608 
2149790816002 -0.183746 -0.188538 9.815247 
2149810621910 -0.092819 -0.128708 9.571182 
2149830427818 -0.030594 0.019638 10.016251 
2149850264244 -0.214844 -0.243576 9.662109 
2149870070152 -0.028214 -0.023438 9.721924 
2149889876060 -0.102386 -0.056931 9.997101 
2149909712486 -0.171783 -0.233994 9.537689 
2149929548912 0.002899 0.036392 9.879852 
2149949354820 -0.155029 -0.152649 9.889420 
2149969191246 -0.126312 -0.171783 9.537689 
2149988997154 -0.006668 0.053146 9.994705 
2150008803062 -0.198105 -0.222031 9.757828 
2150028639488 -0.076065 -0.097610 9.609467 
2150048445396 -0.042572 0.007675 10.021027 
2150068251304 -0.200485 -0.250748 9.640579 
2150088087730 -0.018631 -0.013855 9.753036 
2150107893638 -0.099991 -0.078461 9.975571 
2150127699547 -0.169388 -0.224426 9.540070 
2150147535972 0.007690 0.045959 9.944458 
2150167341881 -0.171783 -0.176575 9.848755 
2150187147789 -0.102386 -0.133499 9.566391 
2150206984215 -0.030594 0.024429 10.016251 
2150226820640 -0.198105 -0.241180 9.693222 
2150246626549 -0.035385 -0.056931 9.693222 
2150266462974 -0.080856 -0.037781 10.013855 
2150286268882 -0.195709 -0.253143 9.587936 
2150306074791 -0.001892 0.019638 9.841568 
2150325911216 -0.138275 -0.116745 9.942062 
2150345717125 -0.145462 -0.205292 9.532898 
2150365523033 0.005295 0.033997 9.915741 
2150385359459 -0.147842 -0.143066 9.915741 
2150405165367 -0.143066 -0.202896 9.532898 
2150424971275 0.010071 0.050751 9.966003 
2150444807701 -0.178955 -0.190933 9.832001 
2150464613609 -0.097595 -0.123932 9.573578 
2150484450035 -0.018631 0.026825 10.021027 
2150504286461 -0.205276 -0.245956 9.678864 
2150524092369 -0.042572 -0.035400 9.707565 
2150543898277 -0.088028 -0.054535 9.992325 
2150563734703 -0.176559 -0.243576 9.542465 
2150583540611 0.005295 0.045959 9.891815 
2150603346519 -0.162201 -0.164612 9.870285 
2150623182945 -0.107178 -0.143066 9.554428 
2150642988853 -0.028214 0.033997 10.013855 
2150662825279 -0.202881 -0.255539 9.678864 
2150682631187 -0.030594 -0.028214 9.693222 
2150702437095 -0.090424 -0.054535 9.992325 
2150722273521 -0.181351 -0.236389 9.552032 
2150742079429 0.002899 0.043564 9.884644 
2150761885338 -0.152634 -0.155029 9.877457 
2150781721763 -0.121521 -0.178970 9.530502 
2150801558189 -0.009064 0.045959 9.963608 
2150821364097 -0.176559 -0.181351 9.812851 
2150841200523 -0.107178 -0.155029 9.549652 
2150861006431 -0.013855 0.043564 9.994705 
2150880812340 -0.193314 -0.222031 9.736282 
2150900648765 -0.061707 -0.088043 9.616638 
2150920454674 -0.056915 0.002884 10.021027 
2150940260582 -0.198105 -0.253143 9.604675 
2150960097007 -0.013855 0.010071 9.776962 
2150979902916 -0.121521 -0.100006 9.944458 
2150999708824 -0.152634 -0.214859 9.520935 
2151019545250 0.000504 0.055527 9.966003 
2151039351158 -0.188522 -0.200500 9.788925 
2151059187584 -0.076065 -0.102402 9.595108 
2151079024009 -0.047348 0.000504 10.016251 
2151098829918 -0.198105 -0.253143 9.592712 
2151118635826 -0.004288 0.012466 9.812851 
2151138472252 -0.123917 -0.107178 9.937286 
2151158278160 -0.140671 -0.202896 9.523331 
2151178084068 0.000504 0.043564 9.973175 
2151197920494 -0.193314 -0.217255 9.757828 
2151217726402 -0.066498 -0.080856 9.621429 
2151237532310 -0.054535 -0.018646 10.021027 
2151257368736 -0.198105 -0.255539 9.585541 
2151277174644 -0.001892 0.019638 9.829605 
2151296980552 -0.126312 -0.114365 9.937286 
2151316816978 -0.145462 -0.200500 9.535294 
2151336622886 -0.004288 0.050751 9.992325 
2151356459312 -0.195709 -0.214859 9.762604 
2151376295738 -0.056915 -0.078461 9.638184 
2151396101646 -0.068893 -0.013855 10.009064 
2151415907554 -0.202881 -0.248352 9.583145 
2151435743980 0.002899 0.031601 9.858322 
2151455549888 -0.150238 -0.143066 9.899002 
2151475355797 -0.126312 -0.176575 9.547256 
2151495192222 -0.006668 0.045959 9.997101 
2151514998131 -0.198105 -0.217255 9.750641 
2151534804039 -0.059311 -0.090424 9.630997 
2151554640465 -0.054535 -0.018646 10.016251 
2151574446373 -0.198105 -0.260315 9.590317 
2151594252281 0.000504 0.022034 9.843964 
2151614088707 -0.135880 -0.128708 9.920532 
2151633925132 -0.138275 -0.183746 9.528107 
2151653731041 0.010071 0.038788 9.992325 
2151673567466 -0.205276 -0.238785 9.714752 
2151693373375 -0.028214 -0.044968 9.695602 
2151713179283 -0.088028 -0.028214 10.009064 
2151733015709 -0.190918 -0.255539 9.602295 
2151752821617 -0.011459 -0.049759 9.791321 
2151772627525 -0.052139 0.019638 9.956421 
2151792463951 -0.219635 -0.265106 9.621429 
2151812269859 -0.023422 -0.042572 9.726715 
2151832075767 -0.071274 -0.042572 10.001892 
2151851912193 -0.195709 -0.248352 9.585541 
2151871718101 -0.004288 0.010071 9.829605 
2151891524009 -0.119141 -0.100006 9.963608 
2151911360435 -0.157425 -0.224426 9.528107 
2151931196861 0.014862 0.045959 9.963608 
2151951033287 -0.186142 -0.188538 9.836792 
2151970839195 -0.085632 -0.131104 9.590317 
2151990645103 -0.035385 0.014847 10.040176 
2152010481529 -0.150238 -0.181351 9.628616 
2152030287437 -0.121521 -0.123932 9.870285 
2152050093345 -0.078461 -0.076080 9.796112 
2152069929771 -0.102386 -0.097610 9.812851 
2152089735679 -0.097595 -0.109573 9.810471 
2152109541588 -0.090424 -0.104782 9.800888 
2152129378013 -0.102386 -0.102402 9.808075 
2152149183922 -0.097595 -0.107178 9.820038 
2152168989830 -0.102386 -0.102402 9.820038 
