# Created at Tue Jun 01 15:59:04 GMT+02:00 2021 in Burnaby Canada 
2146243336683 -0.005204 0.005048 0.000094 0.999974 
2146263142591 -0.005286 0.005039 0.000094 0.999973 
2146282948499 -0.005305 0.005038 0.000093 0.999973 
2146302784925 -0.005305 0.005034 0.000093 0.999973 
2146322590833 -0.005313 0.005018 0.000093 0.999973 
2146342396741 -0.005304 0.005002 0.000093 0.999973 
2146362233167 -0.005296 0.004998 0.000093 0.999973 
2146382039075 -0.005308 0.004988 0.000093 0.999973 
2146401844983 -0.005303 0.004993 0.000093 0.999973 
2146421681409 -0.005316 0.005002 0.000093 0.999973 
2146441487317 -0.005319 0.004982 0.000093 0.999973 
2146461293226 -0.005322 0.005003 0.000093 0.999973 
2146481129651 -0.005333 0.005008 0.000093 0.999973 
2146500966077 -0.005328 0.005016 0.000093 0.999973 
2146520771985 -0.005331 0.005008 0.000093 0.999973 
2146540608411 -0.005342 0.004993 0.000093 0.999973 
2146560414319 -0.005349 0.004978 0.000093 0.999973 
2146580220228 -0.005347 0.004991 0.000093 0.999973 
2146600026136 -0.005358 0.004984 0.000093 0.999973 
2146619862562 -0.005372 0.004969 0.000093 0.999973 
2146639668470 -0.005382 0.004947 0.000093 0.999973 
2146659474378 -0.005379 0.004926 0.000093 0.999973 
2146679310804 -0.005393 0.004921 0.000093 0.999973 
2146699116712 -0.005398 0.004917 0.000092 0.999973 
2146718953138 -0.005391 0.004912 0.000093 0.999973 
2146738759046 -0.005379 0.004908 0.000093 0.999973 
2146758564954 -0.005377 0.004916 0.000093 0.999973 
2146778401380 -0.005378 0.004923 0.000093 0.999973 
2146798237806 -0.005384 0.004926 0.000093 0.999973 
2146818043714 -0.005365 0.004934 0.000093 0.999973 
2146837880140 -0.005375 0.004937 0.000093 0.999973 
2146857686048 -0.005384 0.004920 0.000093 0.999973 
2146877491956 -0.005386 0.004924 0.000093 0.999973 
2146897328382 -0.005379 0.004919 0.000093 0.999973 
2146917134290 -0.005368 0.004915 0.000093 0.999973 
2146936940198 -0.005366 0.004919 0.000093 0.999974 
2146956776624 -0.005356 0.004922 0.000093 0.999974 
2146976582532 -0.005334 0.004922 0.000093 0.999974 
2146996388440 -0.005325 0.004909 0.000093 0.999974 
2147016224866 -0.005324 0.004905 0.000093 0.999974 
2147036030774 -0.005327 0.004909 0.000093 0.999974 
2147055867200 -0.005326 0.004917 0.000093 0.999974 
2147075703626 -0.005325 0.004916 0.000093 0.999974 
2147095509534 -0.005324 0.004916 0.000093 0.999974 
2147115315442 -0.005331 0.004907 0.000093 0.999974 
2147135151868 -0.005334 0.004903 0.000093 0.999974 
2147154957776 -0.005328 0.004907 0.000093 0.999974 
2147174763685 -0.005319 0.004903 0.000093 0.999974 
2147194600110 -0.005310 0.004887 0.000093 0.999974 
2147214406019 -0.005318 0.004884 0.000093 0.999974 
2147234211927 -0.005321 0.004872 0.000093 0.999974 
2147254048353 -0.005328 0.004886 0.000093 0.999974 
2147273854261 -0.005335 0.004906 0.000093 0.999974 
2147293660169 -0.005259 0.004867 0.000093 0.999974 
2147313496595 -0.005324 0.004906 0.000093 0.999974 
2147333333021 -0.005271 0.004899 0.000093 0.999974 
2147353138929 -0.005468 0.005000 0.000093 0.999973 
2147372975355 -0.005682 0.005111 0.000092 0.999971 
2147392781263 -0.005535 0.005011 0.000092 0.999972 
2147412587171 -0.005682 0.005114 0.000092 0.999971 
2147432423597 -0.005780 0.005128 0.000091 0.999970 
2147452229505 -0.005562 0.004963 0.000092 0.999972 
2147472035413 -0.005550 0.004995 0.000092 0.999972 
2147491871839 -0.005608 0.005043 0.000092 0.999972 
2147511677747 -0.005569 0.005016 0.000092 0.999972 
2147531483655 -0.005541 0.005010 0.000092 0.999972 
2147551320081 -0.005611 0.005070 0.000092 0.999971 
2147571125989 -0.005598 0.005046 0.000092 0.999972 
2147590931897 -0.005556 0.005013 0.000092 0.999972 
2147610768323 -0.005620 0.005050 0.000092 0.999971 
2147630604749 -0.005624 0.005037 0.000092 0.999972 
2147650410657 -0.005576 0.004985 0.000092 0.999972 
2147670247083 -0.005631 0.005031 0.000092 0.999972 
2147690052991 -0.005639 0.005024 0.000092 0.999971 
2147709858899 -0.005577 0.004987 0.000092 0.999972 
2147729695325 -0.005643 0.005032 0.000092 0.999971 
2147749501233 -0.005638 0.005044 0.000092 0.999971 
2147769307142 -0.005576 0.005017 0.000092 0.999972 
2147789143567 -0.005623 0.005049 0.000092 0.999971 
2147808949476 -0.005625 0.005046 0.000092 0.999971 
2147828755384 -0.005572 0.004980 0.000092 0.999972 
2147848591810 -0.005634 0.005025 0.000092 0.999972 
2147868397718 -0.005633 0.005001 0.000092 0.999972 
2147888234144 -0.005605 0.004993 0.000092 0.999972 
2147908070569 -0.005641 0.005013 0.000092 0.999972 
2147927876478 -0.005607 0.004969 0.000092 0.999972 
2147947682386 -0.005560 0.004906 0.000092 0.999972 
2147967518812 -0.005603 0.004942 0.000092 0.999972 
2147987324720 -0.005592 0.004943 0.000092 0.999972 
2148007130628 -0.005559 0.004900 0.000092 0.999973 
2148026967054 -0.005625 0.004957 0.000092 0.999972 
2148046772962 -0.005588 0.004908 0.000092 0.999972 
2148066609388 -0.005582 0.004910 0.000092 0.999972 
2148086415296 -0.005623 0.004928 0.000091 0.999972 
2148106221204 -0.005572 0.004901 0.000092 0.999972 
2148126057630 -0.005577 0.004889 0.000091 0.999972 
2148145863538 -0.005620 0.004925 0.000091 0.999972 
2148165669446 -0.005566 0.004882 0.000092 0.999973 
2148185505872 -0.005576 0.004893 0.000092 0.999972 
2148205342298 -0.005609 0.004928 0.000092 0.999972 
2148225148206 -0.005553 0.004886 0.000092 0.999973 
2148244984632 -0.005591 0.004918 0.000092 0.999972 
2148264790540 -0.005611 0.004932 0.000092 0.999972 
2148284596448 -0.005557 0.004893 0.000092 0.999973 
2148304432874 -0.005592 0.004930 0.000092 0.999972 
2148324238782 -0.005582 0.004918 0.000092 0.999972 
2148344044690 -0.005559 0.004877 0.000092 0.999973 
2148363881116 -0.005604 0.004905 0.000091 0.999972 
2148383687024 -0.005574 0.004882 0.000091 0.999973 
2148403492933 -0.005556 0.004863 0.000091 0.999973 
2148423329358 -0.005605 0.004903 0.000091 0.999972 
2148443135267 -0.005571 0.004869 0.000091 0.999973 
2148462941175 -0.005558 0.004865 0.000091 0.999973 
2148482777601 -0.005602 0.004901 0.000091 0.999972 
2148502614026 -0.005554 0.004848 0.000091 0.999973 
2148522419935 -0.005573 0.004855 0.000091 0.999973 
2148542280845 -0.005601 0.004879 0.000091 0.999972 
2148562086754 -0.005550 0.004843 0.000091 0.999973 
2148581892662 -0.005576 0.004861 0.000091 0.999973 
2148601698570 -0.005573 0.004870 0.000091 0.999973 
2148621534996 -0.005581 0.004867 0.000091 0.999973 
2148641340904 -0.005633 0.004891 0.000091 0.999972 
2148661177330 -0.005621 0.004870 0.000091 0.999972 
2148680983238 -0.005603 0.004853 0.000091 0.999973 
2148700789146 -0.005646 0.004890 0.000091 0.999972 
2148720625572 -0.005616 0.004859 0.000091 0.999972 
2148740431480 -0.005628 0.004841 0.000091 0.999972 
2148760237388 -0.005677 0.004860 0.000091 0.999972 
2148780073814 -0.005634 0.004824 0.000091 0.999972 
2148799910240 -0.005644 0.004845 0.000091 0.999972 
2148819716148 -0.005654 0.004850 0.000091 0.999972 
2148839552574 -0.005609 0.004806 0.000091 0.999973 
2148859358482 -0.005649 0.004828 0.000091 0.999972 
2148879164390 -0.005638 0.004830 0.000091 0.999972 
2148899000816 -0.005601 0.004805 0.000091 0.999973 
2148918806724 -0.005642 0.004830 0.000091 0.999972 
2148938612632 -0.005622 0.004793 0.000091 0.999973 
2148958449058 -0.005616 0.004783 0.000091 0.999973 
2148978254966 -0.005654 0.004816 0.000091 0.999972 
2148998060875 -0.005605 0.004783 0.000091 0.999973 
2149017897300 -0.005616 0.004789 0.000091 0.999973 
2149037703209 -0.005645 0.004799 0.000091 0.999973 
2149057539634 -0.005615 0.004752 0.000091 0.999973 
2149077376060 -0.005634 0.004767 0.000091 0.999973 
2149097181968 -0.005623 0.004791 0.000091 0.999973 
2149116987877 -0.005583 0.004764 0.000091 0.999973 
2149136824302 -0.005617 0.004787 0.000091 0.999973 
2149156630211 -0.005608 0.004783 0.000091 0.999973 
2149176436119 -0.005593 0.004778 0.000091 0.999973 
2149196272545 -0.005630 0.004800 0.000091 0.999973 
2149216078453 -0.005604 0.004762 0.000091 0.999973 
2149235884361 -0.005607 0.004758 0.000091 0.999973 
2149255720787 -0.005630 0.004785 0.000091 0.999973 
2149275526695 -0.005592 0.004764 0.000091 0.999973 
2149295332603 -0.005600 0.004771 0.000091 0.999973 
2149315169029 -0.005606 0.004787 0.000091 0.999973 
2149335005455 -0.005568 0.004757 0.000091 0.999973 
2149354811363 -0.005606 0.004786 0.000091 0.999973 
2149374647789 -0.005606 0.004776 0.000091 0.999973 
2149394453697 -0.005597 0.004741 0.000091 0.999973 
2149414259605 -0.005643 0.004777 0.000091 0.999973 
2149434096031 -0.005637 0.004756 0.000091 0.999973 
2149453901939 -0.005630 0.004745 0.000091 0.999973 
2149473707847 -0.005663 0.004774 0.000091 0.999973 
2149493544273 -0.005627 0.004747 0.000091 0.999973 
2149513350181 -0.005617 0.004751 0.000091 0.999973 
2149533156090 -0.005640 0.004759 0.000091 0.999973 
2149552992515 -0.005610 0.004715 0.000091 0.999973 
2149572798424 -0.005643 0.004732 0.000091 0.999973 
2149592604332 -0.005649 0.004727 0.000090 0.999973 
2149612440757 -0.005627 0.004677 0.000090 0.999973 
2149632277183 -0.005673 0.004709 0.000090 0.999973 
2149652083091 -0.005658 0.004691 0.000090 0.999973 
2149671919517 -0.005650 0.004683 0.000090 0.999973 
2149691725425 -0.005674 0.004701 0.000090 0.999973 
2149711531334 -0.005640 0.004672 0.000090 0.999973 
2149731367759 -0.005652 0.004678 0.000090 0.999973 
2149751173668 -0.005651 0.004709 0.000090 0.999973 
2149770979576 -0.005610 0.004677 0.000090 0.999973 
2149790816002 -0.005628 0.004706 0.000090 0.999973 
2149810621910 -0.005621 0.004712 0.000091 0.999973 
2149830427818 -0.005586 0.004689 0.000091 0.999973 
2149850264244 -0.005619 0.004714 0.000091 0.999973 
2149870070152 -0.005596 0.004691 0.000091 0.999973 
2149889876060 -0.005593 0.004687 0.000091 0.999973 
2149909712486 -0.005612 0.004713 0.000091 0.999973 
2149929548912 -0.005573 0.004682 0.000091 0.999973 
2149949354820 -0.005583 0.004692 0.000091 0.999973 
2149969191246 -0.005598 0.004707 0.000091 0.999973 
2149988997154 -0.005567 0.004678 0.000091 0.999974 
2150008803062 -0.005595 0.004710 0.000091 0.999973 
2150028639488 -0.005591 0.004712 0.000091 0.999973 
2150048445396 -0.005572 0.004692 0.000091 0.999973 
2150068251304 -0.005619 0.004725 0.000091 0.999973 
2150088087730 -0.005593 0.004688 0.000091 0.999973 
2150107893638 -0.005596 0.004671 0.000090 0.999973 
2150127699547 -0.005625 0.004709 0.000091 0.999973 
2150147535972 -0.005571 0.004677 0.000091 0.999974 
2150167341881 -0.005575 0.004666 0.000091 0.999974 
2150187147789 -0.005581 0.004699 0.000091 0.999973 
2150206984215 -0.005544 0.004653 0.000091 0.999974 
2150226820640 -0.005577 0.004685 0.000091 0.999973 
2150246626549 -0.005551 0.004677 0.000091 0.999974 
2150266462974 -0.005543 0.004667 0.000091 0.999974 
2150286268882 -0.005580 0.004687 0.000091 0.999973 
2150306074791 -0.005545 0.004658 0.000091 0.999974 
2150325911216 -0.005558 0.004663 0.000091 0.999974 
2150345717125 -0.005594 0.004682 0.000091 0.999973 
2150365523033 -0.005568 0.004651 0.000091 0.999974 
2150385359459 -0.005575 0.004695 0.000091 0.999973 
2150405165367 -0.005587 0.004726 0.000091 0.999973 
2150424971275 -0.005544 0.004693 0.000091 0.999974 
2150444807701 -0.005564 0.004708 0.000091 0.999973 
2150464613609 -0.005567 0.004703 0.000091 0.999973 
2150484450035 -0.005543 0.004678 0.000091 0.999974 
2150504286461 -0.005577 0.004712 0.000091 0.999973 
2150524092369 -0.005557 0.004705 0.000091 0.999973 
2150543898277 -0.005541 0.004673 0.000091 0.999974 
2150563734703 -0.005600 0.004713 0.000091 0.999973 
2150583540611 -0.005570 0.004705 0.000091 0.999973 
2150603346519 -0.005583 0.004729 0.000091 0.999973 
2150623182945 -0.005567 0.004714 0.000091 0.999973 
2150642988853 -0.005516 0.004643 0.000091 0.999974 
2150662825279 -0.005541 0.004653 0.000091 0.999974 
2150682631187 -0.005520 0.004643 0.000091 0.999974 
2150702437095 -0.005517 0.004648 0.000091 0.999974 
2150722273521 -0.005549 0.004665 0.000091 0.999974 
2150742079429 -0.005533 0.004646 0.000091 0.999974 
2150761885338 -0.005543 0.004643 0.000091 0.999974 
2150781721763 -0.005560 0.004657 0.000091 0.999974 
2150801558189 -0.005531 0.004641 0.000091 0.999974 
2150821364097 -0.005561 0.004668 0.000091 0.999974 
2150841200523 -0.005560 0.004678 0.000091 0.999974 
2150861006431 -0.005519 0.004651 0.000091 0.999974 
2150880812340 -0.005547 0.004683 0.000091 0.999974 
2150900648765 -0.005529 0.004669 0.000091 0.999974 
2150920454674 -0.005511 0.004641 0.000091 0.999974 
2150940260582 -0.005547 0.004662 0.000091 0.999974 
2150960097007 -0.005516 0.004648 0.000091 0.999974 
2150979902916 -0.005512 0.004601 0.000091 0.999974 
2150999708824 -0.005527 0.004598 0.000091 0.999974 
2151019545250 -0.005496 0.004592 0.000091 0.999974 
2151039351158 -0.005543 0.004659 0.000091 0.999974 
2151059187584 -0.005553 0.004685 0.000091 0.999974 
2151079024009 -0.005535 0.004667 0.000091 0.999974 
2151098829918 -0.005571 0.004712 0.000091 0.999973 
2151118635826 -0.005551 0.004732 0.000091 0.999973 
2151138472252 -0.005573 0.004757 0.000091 0.999973 
2151158278160 -0.005596 0.004799 0.000091 0.999973 
2151178084068 -0.005568 0.004804 0.000091 0.999973 
2151197920494 -0.005618 0.004859 0.000091 0.999972 
2151217726402 -0.005598 0.004834 0.000091 0.999973 
2151237532310 -0.005573 0.004756 0.000091 0.999973 
2151257368736 -0.005610 0.004764 0.000091 0.999973 
2151277174644 -0.005575 0.004735 0.000091 0.999973 
2151296980552 -0.005587 0.004736 0.000091 0.999973 
2151316816978 -0.005586 0.004744 0.000091 0.999973 
2151336622886 -0.005531 0.004666 0.000091 0.999974 
2151356459312 -0.005545 0.004662 0.000091 0.999974 
2151376295738 -0.005536 0.004659 0.000091 0.999974 
2151396101646 -0.005535 0.004671 0.000091 0.999974 
2151415907554 -0.005558 0.004681 0.000091 0.999974 
2151435743980 -0.005520 0.004650 0.000091 0.999974 
2151455549888 -0.005540 0.004658 0.000091 0.999974 
2151475355797 -0.005545 0.004637 0.000091 0.999974 
2151495192222 -0.005516 0.004609 0.000091 0.999974 
2151514998131 -0.005555 0.004630 0.000091 0.999974 
2151534804039 -0.005549 0.004616 0.000090 0.999974 
2151554640465 -0.005536 0.004599 0.000090 0.999974 
2151574446373 -0.005587 0.004657 0.000090 0.999974 
2151594252281 -0.005552 0.004614 0.000090 0.999974 
2151614088707 -0.005555 0.004595 0.000090 0.999974 
2151633925132 -0.005574 0.004626 0.000090 0.999974 
2151653731041 -0.005534 0.004581 0.000090 0.999974 
2151673567466 -0.005566 0.004616 0.000090 0.999974 
2151693373375 -0.005537 0.004594 0.000090 0.999974 
2151713179283 -0.005490 0.004611 0.000091 0.999974 
2151733015709 -0.005443 0.004678 0.000091 0.999974 
2151752821617 -0.005391 0.004628 0.000091 0.999975 
2151772627525 -0.005406 0.004599 0.000091 0.999975 
2151792463951 -0.005518 0.004626 0.000091 0.999974 
2151812269859 -0.005536 0.004590 0.000090 0.999974 
2151832075767 -0.005542 0.004578 0.000090 0.999974 
2151851912193 -0.005577 0.004611 0.000090 0.999974 
2151871718101 -0.005545 0.004571 0.000090 0.999974 
2151891524009 -0.005541 0.004571 0.000090 0.999974 
2151911360435 -0.005570 0.004583 0.000090 0.999974 
2151931196861 -0.005529 0.004537 0.000090 0.999974 
2151951033287 -0.005560 0.004591 0.000090 0.999974 
2151970839195 -0.005541 0.004572 0.000090 0.999974 
2151990645103 -0.005507 0.004515 0.000090 0.999975 
2152010481529 -0.005525 0.004524 0.000090 0.999974 
2152030287437 -0.005540 0.004514 0.000090 0.999974 
2152050093345 -0.005530 0.004517 0.000090 0.999974 
2152069929771 -0.005526 0.004526 0.000090 0.999974 
2152089735679 -0.005525 0.004522 0.000090 0.999974 
2152109541588 -0.005535 0.004516 0.000090 0.999974 
2152129378013 -0.005535 0.004533 0.000090 0.999974 
2152149183922 -0.005543 0.004553 0.000090 0.999974 
2152168989830 -0.005542 0.004569 0.000090 0.999974 
