2486143488453 1018.512390  
2486176813648 1018.514404  
2486210138844 1018.512634  
2486243464039 1018.508972  
2486276789234 1018.507324  
2486310114430 1018.510437  
2486343439625 1018.515076  
2486376764820 1018.514648  
2486410090016 1018.518616  
2486443415211 1018.509094  
2486476740406 1018.513184  
2486510065601 1018.498535  
2486543390797 1018.510925  
2486576715992 1018.498962  
2486610041187 1018.505188  
2486643366383 1018.494080  
2486676691578 1018.508972  
2486710016773 1018.487976  
2486743341969 1018.505920  
2486776667164 1018.501953  
2486809992359 1018.515930  
2486843317555 1018.504700  
2486876642750 1018.520020  
2486909967945 1018.499023  
2486943293141 1018.509216  
2486976618336 1018.494080  
2487009943531 1018.505920  
2487043268726 1018.488586  
2487076593922 1018.508484  
2487109919117 1018.502747  
2487143244312 1018.515808  
2487176569508 1018.504700  
2487209894703 1018.510010  
2487243219898 1018.504333  
2487276545094 1018.505676  
2487309870289 1018.498718  
2487343195484 1018.499695  
2487376520680 1018.507141  
2487409845875 1018.505371  
2487443171070 1018.513367  
2487476496266 1018.507629  
2487509821461 1018.511536  
2487543146656 1018.496826  
2487576471851 1018.505188  
2487609797047 1018.495605  
2487643122242 1018.509460  
2487676447437 1018.497864  
2487709772633 1018.507324  
2487743097828 1018.494080  
2487776423023 1018.505920  
2487809748219 1018.482727  
2487843073414 1018.489258  
2487876398609 1018.478516  
2487909723805 1018.484680  
2487943049000 1018.470703  
2487976374195 1018.484070  
2488009699391 1018.478210  
2488043024586 1018.476624  
2488076349781 1018.473206  
2488109674976 1018.473450  
2488143000172 1018.469971  
2488176325367 1018.468262  
2488209650562 1018.465515  
2488242975758 1018.457336  
2488276300953 1018.462952  
2488309626148 1018.454590  
2488342951344 1018.468750  
2488376276539 1018.458313  
2488409601734 1018.469971  
2488442926930 1018.470398  
2488476252125 1018.475769  
2488509577320 1018.472351  
2488542898485 1018.470215  
2488576223680 1018.471375  
2488609548875 1018.460449  
2488642874070 1018.469238  
2488676199266 1018.454102  
2488709524461 1018.468262  
2488742849656 1018.457703  
2488776174852 1018.468750  
2488809500047 1018.461609  
2488842825242 1018.482971  
2488876150438 1018.468323  
2488909475633 1018.367615  
2488942800828 1018.187317  
2488976126024 1017.957581  
2489009451219 1017.729675  
2489042776414 1017.543274  
2489076101610 1017.464417  
2489109426805 1017.447266  
2489142752000 1017.590576  
2489176077195 1017.802551  
2489209402391 1017.921326  
2489242727586 1017.961731  
2489276052781 1017.985046  
2489309377977 1017.861389  
2489342703172 1017.725647  
2489376028367 1017.686829  
2489409353563 1017.702942  
2489442678758 1017.737305  
2489476003953 1017.768616  
