# Created at Tue Jun 01 16:04:40 GMT+02:00 2021 in Burnaby Canada 
2482899927662 -0.096491 -0.105658 9.805605 
2482919764088 -0.096796 -0.106060 9.805599 
2482939569996 -0.097001 -0.106374 9.805593 
2482959375904 -0.096878 -0.106143 9.805596 
2482979212330 -0.097002 -0.105824 9.805600 
2482999048756 -0.096048 -0.107040 9.805596 
2483018854664 -0.096362 -0.107486 9.805589 
2483038691090 -0.096027 -0.107753 9.805588 
2483058496998 -0.095868 -0.107619 9.805592 
2483078302906 -0.095796 -0.107482 9.805593 
2483098139332 -0.095722 -0.107751 9.805591 
2483117945240 -0.095797 -0.107945 9.805588 
2483137781666 -0.096346 -0.107647 9.805586 
2483157587574 -0.096092 -0.107978 9.805585 
2483177424000 -0.095693 -0.107991 9.805589 
2483197229908 -0.095465 -0.107627 9.805595 
2483217035816 -0.095243 -0.107972 9.805593 
2483236872242 -0.095420 -0.107755 9.805594 
2483256708668 -0.095669 -0.107464 9.805594 
2483276514576 -0.095983 -0.107278 9.805593 
2483296351002 -0.096376 -0.107084 9.805592 
2483316156910 -0.096125 -0.107289 9.805593 
2483335993336 -0.096111 -0.107094 9.805594 
2483355799244 -0.096027 -0.107064 9.805595 
2483375605152 -0.096178 -0.107350 9.805591 
2483395441578 -0.096160 -0.107462 9.805590 
2483415247486 -0.096302 -0.107579 9.805587 
2483435053394 -0.096122 -0.107628 9.805589 
2483454889820 -0.095874 -0.107576 9.805592 
2483474695728 -0.095946 -0.107289 9.805593 
2483494532154 -0.096489 -0.107412 9.805587 
2483514338062 -0.096141 -0.107532 9.805590 
2483534143971 -0.096443 -0.107405 9.805588 
2483553980396 -0.096655 -0.107674 9.805583 
2483573816822 -0.096622 -0.107937 9.805580 
2483593622730 -0.096659 -0.108184 9.805576 
2483613459156 -0.096537 -0.108184 9.805578 
2483633265064 -0.096745 -0.108673 9.805571 
2483653101490 -0.096879 -0.108981 9.805566 
2483672907398 -0.097289 -0.108899 9.805563 
2483692713307 -0.097702 -0.108807 9.805560 
2483712549732 -0.097402 -0.108798 9.805563 
2483732355641 -0.097502 -0.108949 9.805560 
2483752161549 -0.096899 -0.109310 9.805563 
2483771997975 -0.096623 -0.109039 9.805568 
2483791803883 -0.096829 -0.109017 9.805566 
2483811640308 -0.096559 -0.109075 9.805568 
2483831476734 -0.096764 -0.109054 9.805566 
2483851282642 -0.096655 -0.108870 9.805570 
2483871119068 -0.096781 -0.108775 9.805569 
2483890924976 -0.096981 -0.108524 9.805571 
2483910761402 -0.097166 -0.108684 9.805566 
2483930567310 -0.097118 -0.108742 9.805566 
2483950373219 -0.097728 -0.109078 9.805556 
2483970209644 -0.097622 -0.108865 9.805559 
2483990015553 -0.098170 -0.109390 9.805550 
2484009821461 -0.094693 -0.107914 9.805599 
2484029657887 -0.096120 -0.108756 9.805576 
2484049463795 -0.097999 -0.110719 9.805535 
2484069269703 -0.095434 -0.109021 9.805579 
2484089106129 -0.094738 -0.108386 9.805593 
2484108912037 -0.097432 -0.110193 9.805547 
2484128748463 -0.097811 -0.110035 9.805545 
2484148584889 -0.094497 -0.107769 9.805603 
2484168390797 -0.096522 -0.109469 9.805565 
2484188227223 -0.099161 -0.111321 9.805517 
2484208033131 -0.096275 -0.109017 9.805572 
2484227869557 -0.096645 -0.109380 9.805564 
2484247675465 -0.099461 -0.111403 9.805512 
2484267481373 -0.096052 -0.109118 9.805572 
2484287317799 -0.095776 -0.109455 9.805572 
2484307123707 -0.098627 -0.111409 9.805522 
2484326929615 -0.096114 -0.108913 9.805573 
2484346766041 -0.095592 -0.109093 9.805577 
2484366571949 -0.098437 -0.111676 9.805520 
2484386408375 -0.095862 -0.109792 9.805567 
2484406244801 -0.095343 -0.109316 9.805577 
2484426050709 -0.097888 -0.111510 9.805527 
2484445887135 -0.095013 -0.109068 9.805583 
2484465693043 -0.095075 -0.109087 9.805582 
2484485498951 -0.098243 -0.111589 9.805523 
2484505335377 -0.095245 -0.109372 9.805578 
2484525141285 -0.095172 -0.109785 9.805573 
2484544977711 -0.097183 -0.111646 9.805532 
2484564783619 -0.094057 -0.109332 9.805591 
2484584589527 -0.095422 -0.110462 9.805565 
2484604425953 -0.097312 -0.111587 9.805532 
2484624231861 -0.093862 -0.109106 9.805593 
2484644068287 -0.096202 -0.110904 9.805551 
2484663874195 -0.097510 -0.112230 9.805523 
2484683710621 -0.093880 -0.109873 9.805585 
2484703547047 -0.096500 -0.111590 9.805541 
2484723352955 -0.097460 -0.111936 9.805527 
2484743158863 -0.094698 -0.110391 9.805571 
2484762995289 -0.097868 -0.112516 9.805516 
2484782801197 -0.097412 -0.111844 9.805529 
2484802637623 -0.095699 -0.110711 9.805558 
2484822443531 -0.098929 -0.113321 9.805496 
2484842249439 -0.096749 -0.111582 9.805538 
2484862085865 -0.096028 -0.111270 9.805549 
2484881891773 -0.099256 -0.113236 9.805493 
2484901697682 -0.096164 -0.110968 9.805551 
2484921534107 -0.096519 -0.111894 9.805536 
2484941340016 -0.098542 -0.113448 9.805499 
2484961176441 -0.095197 -0.110748 9.805562 
2484981012867 -0.096811 -0.112672 9.805525 
2485000818775 -0.097928 -0.113226 9.805507 
2485020655201 -0.095235 -0.110919 9.805560 
2485040461109 -0.098001 -0.113498 9.805504 
2485060267017 -0.097061 -0.112560 9.805523 
2485080103443 -0.095439 -0.111642 9.805550 
2485099909351 -0.098840 -0.113993 9.805489 
2485119715260 -0.096726 -0.112037 9.805533 
2485139551685 -0.096652 -0.112196 9.805532 
2485159357594 -0.099310 -0.113979 9.805485 
2485179194019 -0.095882 -0.111351 9.805550 
2485198999928 -0.097535 -0.113002 9.805514 
2485218836353 -0.098719 -0.113869 9.805491 
2485238642262 -0.095601 -0.111462 9.805551 
2485258478687 -0.098263 -0.113710 9.805499 
2485278315113 -0.097573 -0.113010 9.805513 
2485298121021 -0.095293 -0.112140 9.805546 
2485317926930 -0.098625 -0.114547 9.805485 
2485337763355 -0.096436 -0.112656 9.805529 
2485357569264 -0.096048 -0.112709 9.805532 
2485377405689 -0.099112 -0.115186 9.805472 
2485397211598 -0.095687 -0.112518 9.805538 
2485417017506 -0.097026 -0.113640 9.805511 
2485436853932 -0.098541 -0.114479 9.805488 
2485456659840 -0.095436 -0.111974 9.805547 
2485476465748 -0.098488 -0.114210 9.805490 
2485496302174 -0.097850 -0.113175 9.805509 
2485516108082 -0.095565 -0.111749 9.805548 
2485535944508 -0.098878 -0.114172 9.805488 
2485555780933 -0.096526 -0.112450 9.805531 
2485575586842 -0.096371 -0.112022 9.805537 
2485595423267 -0.098943 -0.113963 9.805489 
2485615229176 -0.095601 -0.111720 9.805547 
2485635035084 -0.097262 -0.112940 9.805517 
2485654871510 -0.098373 -0.113870 9.805495 
2485674677418 -0.095179 -0.111694 9.805552 
2485694513844 -0.097908 -0.113896 9.805501 
2485714319752 -0.097927 -0.113656 9.805503 
2485734125660 -0.095389 -0.112200 9.805545 
2485753962086 -0.098446 -0.114890 9.805483 
2485773767994 -0.097239 -0.113310 9.805513 
2485793573902 -0.095606 -0.112827 9.805535 
2485813410328 -0.098831 -0.115435 9.805473 
2485833246754 -0.096469 -0.113335 9.805521 
2485853083180 -0.096392 -0.113438 9.805520 
2485872889088 -0.099034 -0.115390 9.805471 
2485892694996 -0.095997 -0.112551 9.805534 
2485912531422 -0.097405 -0.113976 9.805505 
2485932337330 -0.099136 -0.115273 9.805471 
2485952173756 -0.095528 -0.113127 9.805532 
2485971979664 -0.097926 -0.115210 9.805485 
2485991785572 -0.097964 -0.115497 9.805481 
2486011621998 -0.095352 -0.113900 9.805525 
2486031427906 -0.098246 -0.116607 9.805464 
2486051233814 -0.097286 -0.115860 9.805484 
2486071070240 -0.095572 -0.114663 9.805514 
2486090876148 -0.098485 -0.116888 9.805458 
2486110682057 -0.096619 -0.115315 9.805496 
2486130518482 -0.096051 -0.115261 9.805502 
2486150354908 -0.099023 -0.117238 9.805449 
2486170191334 -0.095838 -0.114914 9.805509 
2486189997242 -0.096605 -0.115538 9.805493 
2486209803150 -0.098295 -0.117343 9.805455 
2486229639576 -0.095195 -0.114826 9.805516 
2486249445484 -0.097179 -0.116131 9.805481 
2486269281910 -0.098034 -0.116731 9.805465 
2486289087818 -0.094946 -0.114538 9.805521 
2486308893726 -0.098006 -0.116665 9.805467 
2486328730152 -0.097287 -0.115769 9.805485 
2486348536060 -0.095962 -0.114653 9.805510 
2486368341969 -0.099252 -0.117356 9.805446 
2486388178394 -0.096882 -0.115371 9.805493 
2486408014820 -0.096786 -0.115406 9.805494 
2486427820728 -0.099716 -0.117302 9.805442 
2486447657154 -0.096192 -0.114715 9.805507 
2486467463062 -0.097752 -0.116153 9.805474 
2486487299488 -0.099387 -0.117062 9.805448 
2486507105396 -0.096401 -0.114471 9.805508 
2486526911305 -0.093751 -0.111970 9.805563 
2486546747730 -0.093748 -0.111324 9.805571 
2486566553639 -0.091770 -0.110121 9.805602 
2486586359547 -0.094813 -0.112895 9.805543 
2486606195973 -0.092527 -0.110985 9.805585 
2486626001881 -0.090547 -0.109139 9.805624 
2486645838307 -0.093545 -0.110860 9.805577 
2486665644215 -0.090547 -0.108501 9.805632 
2486685480641 -0.092077 -0.110085 9.805600 
2486705317066 -0.093113 -0.110636 9.805585 
2486725122975 -0.090350 -0.108668 9.805632 
2486744928883 -0.093899 -0.111323 9.805568 
2486764765308 -0.092622 -0.110209 9.805593 
2486784571217 -0.091487 -0.109771 9.805609 
2486804407642 -0.094397 -0.112489 9.805551 
2486824213551 -0.091555 -0.110167 9.805603 
2486844019459 -0.092551 -0.111043 9.805584 
2486863855885 -0.094620 -0.112537 9.805549 
2486883661793 -0.091190 -0.109870 9.805612 
2486903467701 -0.093440 -0.111996 9.805565 
2486923304127 -0.093384 -0.111919 9.805566 
2486943110035 -0.091179 -0.110305 9.805606 
2486962946461 -0.094255 -0.112848 9.805549 
2486982782887 -0.092298 -0.110543 9.805593 
2487002619312 -0.092067 -0.111299 9.805587 
2487022425221 -0.094720 -0.113653 9.805533 
2487042231129 -0.091456 -0.110959 9.805596 
2487062067555 -0.092073 -0.111513 9.805584 
2487081873463 -0.093772 -0.112683 9.805554 
2487101679371 -0.090522 -0.110089 9.805614 
2487121515797 -0.093178 -0.111659 9.805572 
2487141321705 -0.093536 -0.111533 9.805571 
2487161158131 -0.090627 -0.109611 9.805619 
2487180964039 -0.094483 -0.112028 9.805554 
2487200769947 -0.091828 -0.109687 9.805607 
2487220606373 -0.090690 -0.109768 9.805616 
2487240412281 -0.092764 -0.111706 9.805574 
2487260248707 -0.089543 -0.109224 9.805633 
2487280085133 -0.091375 -0.110577 9.805601 
2487299891041 -0.092417 -0.111033 9.805586 
2487319727467 -0.089927 -0.109440 9.805627 
2487339533375 -0.093280 -0.112169 9.805565 
2487359339283 -0.091540 -0.110377 9.805601 
2487379175709 -0.091078 -0.110423 9.805606 
2487398981617 -0.094157 -0.112333 9.805554 
2487418787525 -0.091467 -0.109632 9.805611 
2487438623951 -0.091902 -0.109804 9.805605 
2487458429859 -0.094484 -0.111732 9.805558 
2487478266285 -0.091406 -0.109521 9.805613 
2487498072193 -0.091524 -0.109929 9.805608 
2487517878101 -0.094200 -0.111630 9.805562 
2487537714527 -0.091191 -0.108690 9.805624 
2487557550953 -0.092855 -0.109955 9.805594 
2487577387379 -0.094597 -0.110696 9.805570 
2487597193287 -0.091632 -0.108392 9.805623 
2487616999195 -0.094268 -0.110499 9.805574 
2487636835621 -0.093943 -0.110224 9.805581 
2487656641529 -0.091882 -0.109073 9.805613 
2487676447437 -0.095251 -0.111341 9.805556 
2487696283863 -0.092700 -0.109148 9.805605 
2487716089771 -0.092933 -0.109494 9.805598 
2487735926197 -0.095166 -0.110892 9.805562 
2487755732105 -0.091557 -0.108508 9.805622 
2487775538014 -0.094571 -0.110591 9.805571 
2487795374439 -0.094959 -0.110654 9.805567 
2487815180348 -0.093241 -0.109239 9.805598 
2487835016773 -0.096100 -0.111433 9.805545 
2487854853199 -0.093995 -0.110045 9.805582 
2487874659107 -0.094943 -0.110660 9.805567 
2487894495533 -0.097020 -0.112248 9.805527 
2487914301441 -0.093656 -0.109661 9.805590 
2487934107350 -0.096178 -0.111688 9.805542 
2487953943775 -0.096689 -0.111632 9.805538 
2487973749683 -0.093739 -0.110019 9.805585 
2487993555592 -0.096864 -0.112311 9.805529 
2488013392017 -0.095561 -0.110909 9.805558 
2488033197926 -0.094244 -0.110287 9.805577 
2488053003834 -0.097445 -0.112751 9.805517 
2488072840260 -0.094737 -0.110818 9.805566 
2488092646168 -0.094986 -0.111420 9.805557 
2488112482594 -0.097374 -0.112827 9.805517 
2488132319019 -0.093537 -0.109757 9.805590 
2488152124928 -0.096457 -0.111634 9.805541 
2488171961353 -0.097080 -0.111410 9.805537 
2488191767262 -0.094204 -0.109732 9.805584 
2488211603687 -0.096642 -0.111828 9.805536 
2488231409596 -0.093119 -0.109317 9.805599 
2488251215504 -0.092488 -0.109428 9.805604 
2488271051930 -0.093862 -0.110744 9.805575 
2488290857838 -0.090920 -0.108045 9.805633 
2488310694264 -0.094097 -0.110370 9.805577 
2488330500172 -0.094155 -0.110246 9.805579 
2488350306080 -0.092319 -0.109092 9.805609 
2488370142506 -0.096120 -0.111512 9.805545 
2488389948414 -0.093205 -0.109063 9.805601 
2488409784840 -0.094372 -0.110209 9.805575 
2488429621266 -0.096758 -0.111318 9.805541 
2488449427174 -0.093860 -0.109146 9.805593 
2488469263600 -0.097281 -0.111859 9.805531 
2488489069508 -0.095890 -0.110732 9.805555 
2488508875416 -0.095165 -0.110577 9.805565 
2488528711842 -0.098030 -0.112724 9.805511 
2488548517750 -0.095496 -0.110215 9.805566 
2488568319627 -0.097169 -0.111733 9.805532 
2488588156053 -0.097584 -0.112013 9.805526 
2488607961961 -0.093595 -0.110073 9.805586 
2488627798387 -0.096965 -0.112759 9.805523 
2488647604295 -0.094854 -0.111021 9.805562 
2488667410203 -0.094599 -0.111508 9.805560 
2488687246629 -0.097624 -0.113529 9.805507 
2488707083055 -0.094413 -0.110836 9.805570 
2488726888963 -0.095813 -0.111942 9.805542 
2488746725389 -0.096885 -0.112442 9.805527 
2488766531297 -0.093065 -0.110099 9.805591 
2488786367723 -0.096065 -0.112401 9.805535 
2488806173631 -0.094685 -0.111148 9.805563 
2488825979539 -0.093665 -0.111085 9.805573 
2488845815965 -0.096570 -0.113684 9.805516 
2488865621873 -0.091326 -0.108046 9.805629 
2488885427781 -0.095143 -0.112743 9.805540 
2488905264207 -0.095499 -0.110442 9.805563 
2488925070115 -0.095174 -0.110402 9.805568 
2488944876024 -0.095186 -0.110018 9.805572 
2488964712449 -0.095027 -0.109335 9.805581 
2488984548875 -0.094882 -0.108992 9.805585 
2489004385301 -0.094990 -0.108657 9.805589 
2489024191209 -0.094775 -0.108640 9.805591 
2489043997117 -0.094958 -0.108472 9.805591 
2489063833543 -0.094904 -0.108547 9.805591 
2489083639451 -0.094691 -0.108453 9.805593 
2489103475877 -0.094729 -0.108527 9.805593 
2489123281785 -0.094443 -0.108356 9.805596 
2489143087694 -0.097635 -0.104393 9.805609 
2489162924119 -0.095999 -0.102216 9.805648 
2489182730027 -0.096154 -0.103205 9.805635 
2489202535936 -0.095832 -0.103895 9.805632 
2489222372361 -0.095779 -0.104061 9.805631 
2489242178270 -0.095546 -0.105807 9.805614 
2489262014695 -0.095073 -0.106891 9.805607 
2489281851121 -0.094778 -0.107233 9.805606 
2489301657029 -0.094970 -0.107337 9.805603 
2489321493455 -0.094516 -0.107205 9.805609 
2489341299363 -0.094317 -0.107237 9.805611 
2489361105272 -0.094203 -0.107272 9.805611 
2489380941697 -0.093850 -0.107230 9.805614 
2489400747606 -0.094144 -0.106864 9.805615 
2489420584031 -0.093794 -0.107296 9.805614 
2489440389940 -0.093773 -0.107244 9.805616 
2489460195848 -0.094066 -0.107114 9.805614 
2489480032274 -0.094196 -0.107460 9.805610 
2489499838182 -0.094165 -0.107166 9.805613 
2489519674608 -0.094285 -0.107443 9.805608 
2489539480516 -0.094649 -0.107616 9.805603 
2489559316942 -0.094293 -0.107551 9.805607 
2489579153367 -0.094098 -0.108040 9.805604 
2489598959276 -0.094055 -0.108041 9.805604 
2489618765184 -0.094025 -0.108038 9.805604 
2489638601610 -0.094157 -0.108197 9.805600 
2489658407518 -0.094192 -0.107887 9.805605 
