# Created at Tue Jun 01 16:04:40 GMT+02:00 2021 in Burnaby Canada 
2482899927662 -0.008661 0.002851 -0.000600 
2482919764088 -0.015533 0.003247 -0.012141 
2482939569996 -0.005764 -0.001219 -0.007117 
2482959375904 0.003677 0.000943 -0.009183 
2482979212330 -0.003375 0.010188 -0.011192 
2482999048756 0.000448 0.013791 -0.010811 
2483018854664 -0.001629 -0.004925 -0.026641 
2483038691090 0.002814 0.000133 0.002007 
2483058496998 -0.002121 0.004774 -0.005009 
2483078302906 -0.004592 0.011821 -0.007142 
2483098139332 -0.004667 0.000125 -0.004602 
2483117945240 0.004969 -0.004480 -0.018312 
2483137781666 -0.008845 0.009580 -0.003833 
2483157587574 0.000471 0.005119 0.000929 
2483177424000 0.004861 0.007524 -0.010665 
2483197229908 -0.000160 0.004763 -0.007998 
2483217035816 -0.000382 -0.002067 -0.003114 
2483236872242 -0.004986 0.007281 -0.009942 
2483256708668 -0.007135 0.009384 -0.004979 
2483276514576 -0.002034 -0.000371 -0.009444 
2483296351002 -0.011229 0.006604 -0.009130 
2483316156910 0.000482 0.002029 -0.006509 
2483335993336 0.000466 0.006609 -0.006292 
2483355799244 -0.004394 0.001802 -0.001468 
2483375605152 -0.004247 -0.000312 -0.008348 
2483395441578 0.000512 0.004577 0.003497 
2483415247486 -0.004121 -0.002478 0.001065 
2483435053394 0.005265 -0.007221 -0.003589 
2483454889820 0.000230 0.002313 0.010409 
2483474695728 -0.002078 0.009199 0.000799 
2483494532154 -0.008724 -0.002641 0.000775 
2483514338062 0.010079 -0.002522 -0.001566 
2483534143971 -0.008768 0.004525 0.005434 
2483553980396 -0.006160 0.000019 0.005256 
2483573816822 0.000979 0.000281 -0.001864 
2483593622730 -0.001357 0.000535 0.023644 
2483613459156 0.003303 0.007714 0.018242 
2483633265064 -0.006057 -0.006159 -0.003191 
2483653101490 -0.010715 -0.001060 0.001548 
2483672907398 0.001661 -0.003533 0.013063 
2483692713307 -0.005098 0.003565 0.005698 
2483712549732 0.001776 0.001161 0.003191 
2483732355641 -0.002899 -0.003479 0.003084 
2483752161549 0.003677 0.004072 0.012231 
2483771997975 0.001010 0.008584 0.014137 
2483791803883 -0.005953 0.001394 0.009034 
2483811640308 0.000953 -0.000940 0.008731 
2483831476734 -0.006011 0.001438 0.008440 
2483851282642 -0.003720 0.006035 0.012789 
2483871119068 -0.003593 0.003561 0.003114 
2483890924976 -0.005789 0.008090 0.005325 
2483910761402 0.001569 -0.003713 0.002835 
2483930567310 -0.005644 0.005921 0.021238 
2483950373219 -0.017019 -0.008111 -0.060418 
2483970209644 0.009226 0.006053 0.087316 
2483990015553 -0.021382 -0.019775 -0.119152 
2484009821461 0.085288 0.055385 0.167021 
2484029657887 -0.061659 -0.029935 -0.025912 
2484049463795 -0.059832 -0.054351 -0.129143 
2484069269703 0.066839 0.056446 0.041707 
2484089106129 0.032695 0.024749 0.125905 
2484108912037 -0.077103 -0.057235 -0.074899 
2484128748463 -0.009779 -0.000003 -0.114043 
2484148584889 0.087478 0.064796 0.144197 
2484168390797 -0.051675 -0.048358 0.012173 
2484188227223 -0.061071 -0.044170 -0.136258 
2484208033131 0.089244 0.073205 0.106534 
2484227869557 -0.018051 -0.010153 0.052093 
2484247675465 -0.079899 -0.056057 -0.137000 
2484267481373 0.084224 0.066127 0.066483 
2484287317799 0.000225 -0.002899 0.092028 
2484307123707 -0.087907 -0.060818 -0.133108 
2484326929615 0.072319 0.065919 0.030924 
2484346766041 0.007228 0.001532 0.103925 
2484366571949 -0.080908 -0.065341 -0.130849 
2484386408375 0.067277 0.062003 0.028494 
2484406244801 0.006986 0.006538 0.120052 
2484426050709 -0.079053 -0.067894 -0.126816 
2484445887135 0.068843 0.070883 0.053199 
2484465693043 -0.002836 -0.000848 0.109246 
2484485498951 -0.083476 -0.063008 -0.123386 
2484505335377 0.085848 0.071208 0.072718 
2484525141285 -0.012313 -0.004935 0.077225 
2484544977711 -0.077342 -0.058157 -0.140460 
2484564783619 0.089452 0.073563 0.100154 
2484584589527 -0.026400 -0.018594 0.062133 
2484604425953 -0.053282 -0.036679 -0.145808 
2484624231861 0.091667 0.078146 0.127373 
2484644068287 -0.047170 -0.037306 0.012099 
2484663874195 -0.043515 -0.028864 -0.131704 
2484683710621 0.096492 0.074137 0.166436 
2484703547047 -0.075586 -0.041410 -0.026465 
2484723352955 -0.019634 -0.007606 -0.125041 
2484743158863 0.078163 0.050733 0.165947 
2484762995289 -0.090974 -0.059634 -0.075514 
2484782801197 0.013832 0.028198 -0.072994 
2484802637623 0.048062 0.039087 0.142242 
2484822443531 -0.092327 -0.073208 -0.112308 
2484842249439 0.056237 0.044696 -0.016041 
2484862085865 0.019670 0.008530 0.123279 
2484881891773 -0.084845 -0.054176 -0.153780 
2484901697682 0.081983 0.072811 0.054899 
2484921534107 -0.010964 -0.019564 0.064636 
2484941340016 -0.056857 -0.042007 -0.168816 
2484961176441 0.095384 0.084562 0.123631 
2484981012867 -0.046581 -0.047528 -0.014640 
2485000818775 -0.023970 -0.013536 -0.134437 
2485020655201 0.076290 0.072772 0.156864 
2485040461109 -0.086092 -0.065875 -0.072728 
2485060267017 0.027800 0.028882 -0.067988 
2485080103443 0.045382 0.032815 0.144766 
2485099909351 -0.090054 -0.065405 -0.137626 
2485119715260 0.060981 0.064257 0.012696 
2485139551685 0.001110 0.002243 0.095540 
2485159357594 -0.075246 -0.048687 -0.162085 
2485179194019 0.091247 0.082734 0.095444 
2485198999928 -0.041086 -0.040047 0.020567 
2485218836353 -0.032784 -0.022486 -0.142031 
2485238642262 0.088597 0.075670 0.151839 
2485258478687 -0.076268 -0.063290 -0.066023 
2485278315113 0.013942 0.022129 -0.084637 
2485298121021 0.064366 0.038063 0.154119 
2485317926930 -0.095075 -0.067253 -0.119339 
2485337763355 0.063072 0.062459 0.009546 
2485357569264 0.010079 0.005136 0.108691 
2485377405689 -0.080242 -0.061852 -0.149366 
2485397211598 0.091047 0.083890 0.098490 
2485417017506 -0.039195 -0.025050 0.046638 
2485436853932 -0.042520 -0.021869 -0.126078 
2485456659840 0.081258 0.071418 0.164940 
2485476465748 -0.080816 -0.069941 -0.046426 
2485496302174 0.019023 0.024708 -0.056444 
2485516108082 0.057485 0.040111 0.176747 
2485535944508 -0.094779 -0.074762 -0.099782 
2485555780933 0.060816 0.050349 0.030763 
2485575586842 0.003272 0.011691 0.133829 
2485595423267 -0.073168 -0.060594 -0.120442 
2485615229176 0.088657 0.071221 0.124134 
2485635035084 -0.055627 -0.035214 0.073723 
2485654871510 -0.037803 -0.024764 -0.111462 
2485674677418 0.090666 0.061671 0.186004 
2485694513844 -0.078885 -0.055764 -0.007550 
2485714319752 0.000077 0.008578 -0.062803 
2485734125660 0.071778 0.047876 0.179853 
2485753962086 -0.087910 -0.076293 -0.057454 
2485773767994 0.028135 0.046566 0.002280 
2485793573902 0.045712 0.019830 0.168751 
2485813410328 -0.092280 -0.073328 -0.107495 
2485833246754 0.060916 0.060999 0.060314 
2485853083180 0.001050 -0.003456 0.120756 
2485872889088 -0.075302 -0.054198 -0.121513 
2485892694996 0.086805 0.081792 0.118466 
2485912531422 -0.048169 -0.034012 0.052066 
2485932337330 -0.048864 -0.035163 -0.127778 
2485952173756 0.095937 0.068048 0.172547 
2485971979664 -0.069173 -0.059094 -0.029809 
2485991785572 -0.006959 -0.006206 -0.100517 
2486011621998 0.067061 0.052085 0.178087 
2486031427906 -0.083210 -0.069660 -0.073038 
2486051233814 0.028273 0.030070 -0.045156 
2486071070240 0.048155 0.040896 0.148339 
2486090876148 -0.090147 -0.062212 -0.115664 
2486110682057 0.053941 0.053467 0.006151 
2486130518482 0.015132 0.008009 0.128552 
2486150354908 -0.084835 -0.054677 -0.137120 
2486170191334 0.091467 0.067451 0.075634 
2486189997242 -0.029770 -0.010865 0.061549 
2486209803150 -0.054453 -0.042614 -0.148685 
2486229639576 0.088460 0.079344 0.131526 
2486249445484 -0.050728 -0.043767 0.011500 
2486269281910 -0.023595 -0.021689 -0.125369 
2486289087818 0.081040 0.069509 0.163326 
2486308893726 -0.088208 -0.059995 -0.059550 
2486328730152 0.028303 0.027618 -0.055246 
2486348536060 0.043784 0.038526 0.152469 
2486368341969 -0.094146 -0.068886 -0.130179 
2486388178394 0.068589 0.058345 0.010629 
2486408014820 0.008712 0.005778 0.098176 
2486427820728 -0.069770 -0.052202 -0.147968 
2486447657154 0.094239 0.081638 0.104458 
2486467463062 -0.045373 -0.026983 0.008469 
2486487299488 -0.038997 -0.023752 -0.139844 
2486507105396 0.084890 0.074233 0.156251 
2486526911305 0.082289 0.071791 0.151046 
2486546747730 0.008079 0.020857 -0.106111 
2486566553639 0.049206 0.041236 0.135672 
2486586359547 -0.093746 -0.078081 -0.132542 
2486606195973 0.059498 0.056404 -0.010154 
2486626001881 0.057516 0.054554 -0.009815 
2486645838307 -0.078336 -0.053868 -0.169085 
2486665644215 0.086188 0.075410 0.074799 
2486685480641 -0.051067 -0.037865 -0.015590 
2486705317066 -0.028534 -0.013446 -0.146922 
2486725122975 0.078811 0.056432 0.135544 
2486744928883 -0.101924 -0.074954 -0.095654 
2486764765308 0.030780 0.033968 -0.069340 
2486784571217 0.024895 0.019233 0.120329 
2486804407642 -0.089502 -0.069044 -0.165867 
2486824213551 0.075168 0.074603 0.038584 
2486844019459 -0.029098 -0.017819 0.028052 
2486863855885 -0.058203 -0.040337 -0.176435 
2486883661793 0.084380 0.076694 0.127823 
2486903467701 -0.071323 -0.059987 -0.063796 
2486923304127 0.002756 0.004496 -0.117174 
2486943110035 0.055639 0.046016 0.143471 
2486962946461 -0.094474 -0.071145 -0.143498 
2486982782887 0.056708 0.067725 -0.006878 
2487002619312 -0.000930 -0.008057 0.081251 
2487022425221 -0.082076 -0.058414 -0.162017 
2487042231129 0.086963 0.084893 0.074697 
2487062067555 -0.024870 -0.022226 0.023630 
2487081873463 -0.054328 -0.037879 -0.166835 
2487101679371 0.086027 0.074437 0.130173 
2487121515797 -0.076436 -0.050829 -0.043028 
2487141321705 -0.009120 -0.000757 -0.127176 
2487161158131 0.062198 0.054816 0.145377 
2487180964039 -0.096698 -0.074426 -0.120854 
2487200769947 0.063352 0.062010 -0.017372 
2487220606373 -0.002359 -0.002479 0.094236 
2487240412281 -0.072122 -0.053254 -0.167980 
2487260248707 0.092198 0.078318 0.112875 
2487280085133 -0.073477 -0.044761 -0.022733 
2487299891041 -0.015065 -0.003698 -0.142255 
2487319727467 0.063859 0.052205 0.147004 
2487339533375 -0.102726 -0.076725 -0.114654 
2487359339283 0.043889 0.053081 -0.036818 
2487379175709 0.012351 0.005317 0.110144 
2487398981617 -0.087518 -0.052667 -0.150284 
2487418787525 0.077315 0.071495 0.058276 
2487438623951 -0.013156 -0.004891 0.070213 
2487458429859 -0.080012 -0.053272 -0.144930 
2487478266285 0.074850 0.064188 0.051870 
2487498072193 -0.003974 -0.004775 0.068656 
2487517878101 -0.082700 -0.053386 -0.151070 
2487537714527 0.079428 0.084891 0.082960 
2487557550953 -0.048121 -0.035868 0.013111 
2487577387379 -0.048830 -0.025621 -0.151556 
2487597193287 0.077477 0.072637 0.156509 
2487616999195 -0.075451 -0.059277 -0.070757 
2487636835621 0.010347 0.009796 -0.089211 
2487656641529 0.051399 0.032629 0.140442 
2487676447437 -0.096028 -0.063259 -0.130244 
2487696283863 0.066544 0.063782 0.040640 
2487716089771 -0.007372 -0.010016 0.076293 
2487735926197 -0.069804 -0.044572 -0.155251 
2487755732105 0.089351 0.075130 0.139055 
2487775538014 -0.079923 -0.059183 -0.015925 
2487795374439 -0.010189 -0.006517 -0.103292 
2487815180348 0.055152 0.039985 0.156895 
2487835016773 -0.102355 -0.075115 -0.098155 
2487854853199 0.060667 0.047926 0.011527 
2487874659107 -0.007748 -0.011233 0.110613 
2487894495533 -0.065536 -0.050380 -0.129007 
2487914301441 0.089070 0.081097 0.136666 
2487934107350 -0.059156 -0.050882 0.004898 
2487953943775 -0.020399 -0.003129 -0.108610 
2487973749683 0.070039 0.045591 0.167943 
2487993555592 -0.089588 -0.064624 -0.071268 
2488013392017 0.031144 0.041650 -0.022637 
2488033197926 0.029880 0.017162 0.149291 
2488053003834 -0.091388 -0.068960 -0.121690 
2488072840260 0.071029 0.063120 0.051212 
2488092646168 -0.014828 -0.017589 0.088827 
2488112482594 -0.067535 -0.044960 -0.145432 
2488132319019 0.088995 0.081246 0.143908 
2488152124928 -0.070797 -0.053281 -0.004300 
2488171961353 -0.003206 0.001499 -0.089735 
2488191767262 0.060986 0.040573 0.176935 
2488211603687 -0.096942 -0.072231 -0.108861 
2488231409596 0.067057 0.059271 0.049731 
2488251215504 -0.010108 -0.017147 0.101264 
2488271051930 -0.059030 -0.049382 -0.140368 
2488290857838 0.076865 0.077197 0.158059 
2488310694264 -0.077901 -0.059269 -0.020679 
2488330500172 0.005889 0.012356 -0.073188 
2488350306080 0.044791 0.025627 0.165191 
2488370142506 -0.095028 -0.067724 -0.124827 
2488389948414 0.076754 0.071049 0.071320 
2488409784840 -0.027333 -0.025900 0.055068 
2488429621266 -0.053718 -0.029642 -0.148000 
2488449427174 0.089395 0.068763 0.164583 
2488469263600 -0.091446 -0.076914 -0.062963 
2488489069508 0.033965 0.027228 -0.046989 
2488508875416 0.033291 0.017563 0.146575 
2488528711842 -0.088332 -0.066500 -0.140515 
2488548513719 0.086248 0.079393 0.090857 
2488568319627 -0.048476 -0.036334 0.016130 
2488588156053 -0.031354 -0.019355 -0.137083 
2488607961961 0.079570 0.055338 0.154292 
2488627798387 -0.096553 -0.076017 -0.084464 
2488647604295 0.054470 0.051452 -0.021514 
2488667410203 0.006401 -0.000662 0.108745 
2488687246629 -0.079161 -0.048950 -0.144684 
2488707083055 0.085165 0.077615 0.102999 
2488726888963 -0.047436 -0.031337 0.013983 
2488746725389 -0.029656 -0.018926 -0.129887 
2488766531297 0.088607 0.060138 0.149687 
2488786367723 -0.092664 -0.071587 -0.091236 
2488806173631 0.047125 0.044401 -0.023437 
2488825979539 0.007858 0.008476 0.106877 
2488845815965 -0.082613 -0.072727 -0.144178 
2488865621873 0.137116 0.156183 0.101181 
2488885427781 -0.117519 -0.154994 -0.022489 
2488905264207 -0.002335 0.048444 -0.116573 
2488925070115 0.002144 0.007757 0.081602 
2488944876024 -0.000232 -0.002186 0.021057 
2488964712449 0.004408 0.006708 0.022666 
2488984548875 0.004264 0.003986 0.001081 
2489004385301 -0.009984 0.003655 0.007988 
2489024191209 -0.000629 0.001246 0.010036 
2489043997117 -0.005224 0.005852 -0.006495 
2489063833543 -0.005278 -0.001245 -0.001648 
2489083639451 -0.000711 0.003456 0.012270 
2489103475877 -0.007846 -0.001262 -0.004322 
2489123281785 0.001438 0.005741 0.007384 
2489143087694 -0.079108 0.040094 0.023311 
2489162924119 0.074784 -0.038670 -0.021448 
2489182730027 -0.011211 -0.020928 0.002396 
2489202535936 0.002827 0.001291 0.000006 
2489222372361 -0.011588 0.030171 -0.006919 
2489242178270 -0.007027 -0.001577 0.007204 
2489262014695 -0.000323 -0.002886 0.013902 
2489281851121 -0.005386 0.004635 0.020387 
2489301657029 -0.012380 0.004740 0.003512 
2489321493455 0.006318 0.004611 0.005710 
2489341299363 -0.001066 -0.000131 0.005517 
2489361105272 -0.003559 -0.000096 0.000700 
2489380941697 0.003266 -0.004922 0.016868 
2489400747606 -0.008404 0.011466 0.000110 
2489420584031 0.003214 -0.004852 0.013987 
2489440389940 -0.006370 0.002288 0.013518 
2489460195848 -0.008470 0.004541 0.006135 
2489480032274 -0.010732 -0.002280 0.012864 
2489499838182 -0.005971 0.009391 0.003185 
2489519674608 -0.003456 -0.007087 -0.001553 
2489539480516 -0.017446 0.002672 0.012380 
2489559316942 -0.003440 0.002612 0.009647 
2489579153367 -0.001250 -0.006478 0.013958 
2489598959276 0.001108 0.000716 0.015808 
2489618765184 -0.006088 0.000720 0.017595 
2489638601610 -0.010743 -0.003907 0.014691 
2489658407518 -0.001136 0.002976 0.014200 
