# Created at Tue Jun 01 16:04:40 GMT+02:00 2021 in Burnaby Canada 
2482877619312 1017.989441 
2482910944508 1018.017273 
2482944269703 1018.048340 
2482977594898 1018.043884 
2483010920094 1018.093079 
2483044245289 1018.239441 
2483077570484 1018.416077 
2483110895680 1018.621399 
2483144220875 1018.841614 
2483177546070 1018.951355 
2483210871266 1019.025085 
2483244196461 1019.081726 
2483277521656 1019.092957 
2483310846851 1019.072937 
2483344172047 1019.057312 
2483377497242 1019.027344 
2483410822437 1018.997742 
2483444147633 1018.964355 
2483477472828 1018.931335 
2483510798023 1018.901855 
2483544123219 1018.884827 
2483577448414 1018.864502 
2483610773609 1018.860046 
2483644098805 1018.849792 
2483677424000 1018.833740 
2483710749195 1018.815002 
2483744074391 1018.794922 
2483777399586 1018.777649 
2483810724781 1018.763123 
2483844049976 1018.749939 
2483877375172 1018.739990 
2483910700367 1018.736084 
2483944025562 1018.724915 
2483977350758 1018.722961 
2484010675953 1018.706299 
2484044001148 1018.697021 
2484077326344 1018.693909 
2484110651539 1018.669434 
2484143976734 1018.664856 
2484177301930 1018.666931 
2484210627125 1018.650085 
2484243952320 1018.645203 
2484277277516 1018.639954 
2484310602711 1018.629578 
2484343927906 1018.621765 
2484377253101 1018.630066 
2484410578297 1018.613953 
2484443903492 1018.624756 
2484477228687 1018.606445 
2484510553883 1018.609192 
2484543879078 1018.587463 
2484577204273 1018.585754 
2484610529469 1018.576111 
2484643854664 1018.572449 
2484677179859 1018.568359 
2484710505055 1018.569641 
2484743830250 1018.563660 
2484777155445 1018.567322 
2484810480641 1018.566223 
2484843805836 1018.559265 
2484877131031 1018.552795 
2484910456226 1018.550110 
2484943781422 1018.543274 
2484977106617 1018.541443 
2485010431812 1018.536316 
2485043757008 1018.536621 
2485077082203 1018.533020 
2485110407398 1018.539246 
2485143732594 1018.528015 
2485177057789 1018.534180 
2485210382984 1018.520691 
2485243708180 1018.530457 
2485277033375 1018.515930 
2485310358570 1018.525940 
2485343683766 1018.512634 
2485377008961 1018.521484 
2485410334156 1018.507141 
2485443659351 1018.515930 
2485476984547 1018.504089 
2485510309742 1018.519287 
2485543634937 1018.504089 
2485576960133 1018.515930 
2485610285328 1018.504089 
2485643610523 1018.510071 
2485676935719 1018.492432 
2485710260914 1018.499451 
2485743586109 1018.485352 
2485776911305 1018.492371 
2485810236500 1018.489929 
2485843561695 1018.501648 
2485876886891 1018.500000 
2485910212086 1018.510254 
2485943537281 1018.508362 
2485976862476 1018.506531 
2486010187672 1018.506348 
2486043512867 1018.504700 
2486076838062 1018.505676 
2486110163258 1018.507385 
2486143488453 1018.512390 
2486176813648 1018.514404 
2486210138844 1018.512634 
2486243464039 1018.508972 
2486276789234 1018.507324 
2486310114430 1018.510437 
2486343439625 1018.515076 
2486376764820 1018.514648 
2486410090016 1018.518616 
2486443415211 1018.509094 
2486476740406 1018.513184 
2486510065601 1018.498535 
2486543390797 1018.510925 
2486576715992 1018.498962 
2486610041187 1018.505188 
2486643366383 1018.494080 
2486676691578 1018.508972 
2486710016773 1018.487976 
2486743341969 1018.505920 
2486776667164 1018.501953 
2486809992359 1018.515930 
2486843317555 1018.504700 
2486876642750 1018.520020 
2486909967945 1018.499023 
2486943293141 1018.509216 
2486976618336 1018.494080 
2487009943531 1018.505920 
2487043268726 1018.488586 
2487076593922 1018.508484 
2487109919117 1018.502747 
2487143244312 1018.515808 
2487176569508 1018.504700 
2487209894703 1018.510010 
2487243219898 1018.504333 
2487276545094 1018.505676 
2487309870289 1018.498718 
2487343195484 1018.499695 
2487376520680 1018.507141 
2487409845875 1018.505371 
2487443171070 1018.513367 
2487476496266 1018.507629 
2487509821461 1018.511536 
2487543146656 1018.496826 
2487576471851 1018.505188 
2487609797047 1018.495605 
2487643122242 1018.509460 
2487676447437 1018.497864 
2487709772633 1018.507324 
2487743097828 1018.494080 
2487776423023 1018.505920 
2487809748219 1018.482727 
2487843073414 1018.489258 
2487876398609 1018.478516 
2487909723805 1018.484680 
2487943049000 1018.470703 
2487976374195 1018.484070 
2488009699391 1018.478210 
2488043024586 1018.476624 
2488076349781 1018.473206 
2488109674976 1018.473450 
2488143000172 1018.469971 
2488176325367 1018.468262 
2488209650562 1018.465515 
2488242975758 1018.457336 
2488276300953 1018.462952 
2488309626148 1018.454590 
2488342951344 1018.468750 
2488376276539 1018.458313 
2488409601734 1018.469971 
2488442926930 1018.470398 
2488476252125 1018.475769 
2488509577320 1018.472351 
2488542898485 1018.470215 
2488576223680 1018.471375 
2488609548875 1018.460449 
2488642874070 1018.469238 
2488676199266 1018.454102 
2488709524461 1018.468262 
2488742849656 1018.457703 
2488776174852 1018.468750 
2488809500047 1018.461609 
2488842825242 1018.482971 
2488876150438 1018.468323 
2488909475633 1018.367615 
2488942800828 1018.187317 
2488976126024 1017.957581 
2489009451219 1017.729675 
2489042776414 1017.543274 
2489076101610 1017.464417 
2489109426805 1017.447266 
2489142752000 1017.590576 
2489176077195 1017.802551 
2489209402391 1017.921326 
2489242727586 1017.961731 
2489276052781 1017.985046 
2489309377977 1017.861389 
2489342703172 1017.725647 
2489376028367 1017.686829 
2489409353563 1017.702942 
2489442678758 1017.737305 
2489476003953 1017.768616 
2489509329149 1017.796936 
2489542654344 1017.819153 
2489575979539 1017.851379 
2489609304735 1017.884766 
2489642629930 1017.906067 
