# Created at Tue Jun 01 15:57:15 GMT+02:00 2021 in Burnaby Canada 
2037737369237 -0.003586 -0.000610 0.000107 
2037757205663 0.000092 -0.000610 0.000107 
2037777042089 0.000092 -0.000610 0.000107 
2037796847997 0.000092 0.000610 0.000107 
2037816653905 0.000092 -0.000610 0.000107 
2037836490331 -0.001144 -0.000610 0.000107 
2037856296239 0.000092 -0.000610 0.000107 
2037876102147 0.000092 -0.000610 0.000107 
2037895938573 0.001297 0.000610 0.000107 
2037915744481 0.000092 -0.000610 -0.001114 
2037935550390 -0.001144 -0.000610 -0.001114 
2037955386815 -0.001144 -0.000610 -0.001114 
2037975192724 0.000092 0.000610 -0.001114 
2037994998632 0.000092 0.000610 -0.001114 
2038014835058 0.000092 0.000610 -0.001114 
2038034671483 0.000092 0.001831 -0.001114 
2038054477392 -0.001144 -0.000610 0.000107 
2038074313817 0.000092 0.000610 0.000107 
2038094119726 0.000092 -0.000610 0.000107 
2038113925634 0.000092 -0.000610 0.000107 
2038133762060 0.000092 0.000610 0.000107 
2038153567968 -0.001144 0.000610 0.000107 
2038173373876 0.001297 0.000610 -0.001114 
2038193210302 0.000092 -0.000610 0.000107 
2038213016210 0.000092 0.000610 0.000107 
2038232822118 0.000092 0.000610 -0.001114 
2038252658544 0.000092 -0.000610 0.000107 
2038272464452 0.001297 0.000610 -0.001114 
2038292270360 0.000092 0.000610 0.000107 
2038312106786 0.000092 0.000610 0.000107 
2038331943212 0.000092 0.000610 0.000107 
2038351749120 0.001297 0.000610 0.000107 
2038371585546 0.000092 -0.000610 -0.001114 
2038391391454 0.000092 0.000610 -0.001114 
2038411227880 0.001297 0.000610 -0.001114 
2038431033788 0.001297 -0.000610 0.000107 
2038450839696 0.001297 -0.000610 0.000107 
2038470676122 -0.001144 -0.000610 0.000107 
2038490482030 0.000092 -0.000610 0.000107 
2038510287939 0.000092 -0.000610 0.000107 
2038530113022 0.000092 -0.000610 0.000107 
2038549918930 0.001297 -0.001846 0.000107 
2038569724839 0.000092 -0.001846 0.000107 
2038589561264 -0.001144 -0.000610 0.000107 
2038609397690 0.000092 -0.000610 0.000107 
2038629203598 0.000092 -0.000610 0.000107 
2038649040024 0.000092 -0.000610 0.000107 
2038668845932 0.000092 -0.000610 0.000107 
2038688651841 0.000092 -0.000610 0.000107 
2038708488266 0.000092 -0.000610 0.000107 
2038728294175 0.000092 -0.000610 0.000107 
2038748100083 0.000092 -0.000610 0.000107 
2038767936509 0.000092 0.001831 -0.001114 
2038787742417 -0.001144 0.000610 -0.002335 
2038807548325 -0.001144 0.000610 -0.003571 
2038827384751 -0.001144 -0.000610 -0.003571 
2038847190659 0.000092 -0.003052 -0.001114 
2038866996567 -0.001144 0.000610 -0.001114 
2038886832993 0.000092 0.000610 -0.001114 
2038906669419 0.000092 -0.000610 0.000107 
2038926475327 0.001297 -0.005493 0.000107 
2038946311753 0.000092 -0.000610 -0.001114 
2038966117661 0.002533 0.000610 -0.001114 
2038985923569 0.000092 0.000610 -0.001114 
2039005759995 0.000092 -0.000610 0.001328 
2039025565903 -0.001144 0.001831 0.000107 
2039045371811 0.000092 -0.000610 -0.002335 
2039065177720 -0.001144 0.000610 -0.001114 
2039085014145 0.000092 0.000610 -0.001114 
2039104820054 0.000092 -0.000610 -0.001114 
2039124625962 -0.001144 -0.001846 -0.001114 
2039144462388 0.000092 0.000610 -0.001114 
2039164268296 0.000092 0.000610 -0.001114 
2039184104722 -0.001144 0.000610 0.000107 
2039203941147 0.000092 0.000610 -0.001114 
2039223747055 0.000092 -0.000610 -0.001114 
2039243583481 0.000092 -0.001846 0.000107 
2039263389389 -0.001144 -0.000610 -0.002335 
2039283195298 -0.002365 0.003067 -0.003571 
2039303031723 -0.002365 0.000610 -0.002335 
2039322837632 0.000092 -0.001846 -0.001114 
2039342643540 0.002533 -0.004288 0.001328 
2039362479966 0.001297 -0.000610 0.000107 
2039382285874 -0.001144 0.003067 -0.002335 
2039402091782 0.001297 -0.004288 0.001328 
2039421928208 -0.001144 0.001831 0.000107 
2039441734116 0.001297 -0.001846 -0.001114 
2039461570542 -0.001144 -0.000610 0.000107 
2039481406968 -0.001144 -0.000610 -0.001114 
2039501212876 0.000092 -0.000610 -0.001114 
2039521018784 0.000092 -0.000610 -0.001114 
2039540855210 0.000092 -0.000610 -0.001114 
2039560661118 0.001297 0.000610 -0.001114 
2039580467026 -0.002365 0.000610 -0.002335 
2039600303452 0.001297 -0.001846 0.000107 
2039620109360 -0.001144 0.003067 -0.002335 
2039639915268 0.000092 -0.003052 -0.001114 
2039659751694 0.000092 0.000610 -0.001114 
2039679557602 -0.001144 -0.000610 -0.001114 
2039699363511 -0.002365 -0.000610 -0.001114 
2039719199936 0.000092 -0.000610 -0.001114 
2039739005845 0.000092 -0.000610 -0.001114 
2039758842270 0.000092 -0.000610 -0.001114 
2039778678696 0.000092 0.000610 -0.001114 
2039798484604 0.000092 0.000610 -0.001114 
2039818290513 -0.001144 -0.000610 -0.001114 
2039838126938 0.000092 -0.000610 -0.001114 
2039857932847 0.000092 -0.000610 -0.001114 
2039877738755 -0.002365 -0.000610 -0.001114 
2039897575180 -0.001144 -0.000610 0.000107 
2039917381089 0.000092 -0.000610 0.000107 
2039937186997 0.000092 0.000610 -0.001114 
2039957023423 0.000092 0.000610 -0.001114 
2039976829331 0.000092 -0.001846 0.000107 
2039996635239 0.000092 0.000610 -0.001114 
2040016471665 0.001297 0.000610 -0.001114 
2040036308091 0.000092 -0.000610 0.000107 
2040056113999 0.000092 -0.000610 0.000107 
2040075950425 -0.001144 0.000610 -0.001114 
2040095756333 0.000092 0.000610 -0.001114 
2040115562241 0.002533 -0.000610 -0.001114 
2040135398667 0.001297 -0.000610 0.000107 
2040155204575 -0.001144 -0.000610 0.000107 
2040175010483 0.000092 -0.000610 -0.001114 
2040194846909 0.000092 -0.000610 -0.001114 
2040214652817 0.000092 -0.000610 -0.001114 
2040234458725 0.000092 0.000610 -0.001114 
2040254295151 0.000092 -0.000610 -0.001114 
2040274101059 -0.001144 -0.000610 -0.001114 
2040293906968 0.000092 0.000610 -0.001114 
2040313743393 -0.001144 0.000610 0.000107 
2040333579819 0.000092 0.001831 -0.001114 
2040353385727 0.001297 0.000610 0.000107 
2040373222153 -0.002365 -0.001846 0.000107 
2040393028061 0.000092 0.000610 -0.001114 
2040412833970 0.002533 -0.000610 -0.001114 
2040432670395 0.000092 -0.001846 -0.001114 
2040452476304 0.000092 0.000610 -0.001114 
2040472282212 0.000092 -0.000610 -0.001114 
2040492118638 0.000092 -0.001846 -0.001114 
2040511924546 0.000092 0.000610 -0.001114 
2040531730454 0.000092 -0.000610 -0.001114 
2040551566880 0.000092 -0.000610 -0.001114 
2040571372788 0.000092 0.000610 -0.001114 
2040591178696 0.000092 -0.000610 0.000107 
2040611015122 0.000092 -0.000610 -0.001114 
2040630851548 0.001297 0.000610 -0.001114 
2040650657456 -0.001144 -0.001846 -0.001114 
2040670493882 0.000092 -0.000610 -0.001114 
2040690299790 0.001297 0.000610 -0.001114 
2040710136216 -0.001144 -0.003052 -0.001114 
2040729942124 -0.001144 -0.000610 -0.001114 
2040749748032 0.001297 -0.000610 -0.001114 
2040769584458 -0.001144 -0.000610 -0.001114 
2040789390366 0.000092 -0.000610 -0.001114 
2040809196274 0.000092 -0.000610 0.000107 
2040829002182 0.000092 -0.001846 0.000107 
2040848838608 0.001297 0.000610 -0.001114 
2040868644516 0.000092 -0.000610 -0.001114 
2040888450425 0.000092 -0.000610 -0.001114 
2040908286850 0.002533 0.000610 -0.001114 
2040928123276 0.000092 -0.000610 -0.001114 
2040947959702 0.000092 -0.004288 0.001328 
2040967765610 0.000092 0.001831 -0.001114 
2040987571518 0.000092 -0.001846 0.000107 
2041007377427 0.001297 -0.000610 -0.001114 
2041027213852 -0.001144 0.004272 -0.002335 
2041047019761 -0.001144 -0.004288 -0.001114 
2041066825669 0.001297 -0.004288 0.000107 
2041086662095 -0.001144 0.001831 -0.001114 
2041106468003 0.000092 -0.004288 -0.001114 
2041126304429 0.003738 -0.004288 0.001328 
2041146110337 0.001297 0.000610 0.000107 
2041165916245 -0.001144 -0.000610 0.000107 
2041185752671 0.000092 0.000610 -0.001114 
2041205589097 0.001297 -0.000610 -0.001114 
2041225395005 -0.001144 -0.000610 -0.001114 
2041245231430 0.001297 -0.000610 -0.001114 
2041265037339 0.000092 -0.000610 -0.001114 
2041284843247 -0.001144 -0.000610 -0.001114 
2041304679673 -0.001144 -0.000610 0.000107 
2041324485581 -0.001144 -0.000610 -0.001114 
2041344291489 0.000092 0.000610 -0.001114 
2041364127915 0.000092 0.000610 -0.001114 
2041383933823 0.000092 -0.001846 0.000107 
2041403739731 0.000092 -0.000610 0.000107 
2041423576157 0.000092 -0.000610 0.000107 
2041443382065 -0.001144 -0.000610 0.000107 
2041463218491 0.001297 -0.000610 -0.001114 
2041483054917 0.000092 -0.000610 -0.001114 
2041502860825 -0.002365 -0.000610 -0.001114 
2041522666733 0.000092 -0.000610 0.000107 
2041542503159 0.000092 -0.001846 0.000107 
2041562309067 -0.001144 -0.000610 0.000107 
2041582114975 0.000092 -0.000610 0.000107 
2041601951401 -0.001144 -0.000610 0.000107 
2041621757309 -0.001144 -0.000610 -0.001114 
2041641563218 0.001297 0.000610 0.000107 
2041661399643 -0.001144 -0.000610 0.000107 
2041681205552 0.000092 0.000610 -0.001114 
2041701011460 0.000092 0.000610 0.000107 
2041720847886 0.000092 -0.000610 -0.001114 
2041740653794 0.001297 0.000610 -0.001114 
2041760490220 0.001297 0.000610 -0.001114 
2041780326645 0.000092 -0.000610 -0.001114 
2041800132554 0.001297 -0.000610 -0.001114 
2041819938462 0.000092 -0.000610 -0.001114 
2041839774888 0.000092 -0.000610 -0.001114 
2041859580796 0.001297 0.000610 0.000107 
2041879386704 0.000092 -0.000610 -0.001114 
2041899223130 -0.001144 -0.000610 0.000107 
2041919029038 0.000092 -0.000610 -0.001114 
2041938834946 -0.001144 -0.000610 -0.001114 
2041958671372 0.000092 0.000610 -0.001114 
2041978477280 0.000092 -0.003052 -0.001114 
2041998283188 0.000092 -0.001846 0.000107 
2042018089097 0.001297 -0.000610 -0.001114 
2042037925522 0.000092 -0.000610 0.000107 
2042057761948 -0.001144 -0.001846 0.000107 
2042077567856 0.001297 0.000610 -0.001114 
2042097404282 0.000092 -0.000610 -0.001114 
2042117210190 0.000092 -0.000610 -0.001114 
2042137046616 0.001297 -0.000610 0.000107 
2042156852524 -0.001144 -0.001846 0.000107 
2042176658432 0.000092 0.001831 -0.001114 
2042196494858 0.000092 -0.000610 -0.001114 
2042216300766 0.000092 -0.001846 0.000107 
2042236106675 0.000092 0.000610 0.000107 
2042255943100 0.000092 -0.000610 -0.001114 
2042275749009 0.000092 0.000610 -0.001114 
2042295554917 0.001297 -0.000610 0.000107 
2042315391343 -0.001144 -0.000610 0.000107 
2042335227768 0.000092 -0.000610 -0.001114 
2042355033677 0.000092 -0.000610 0.000107 
2042374870102 -0.001144 -0.000610 -0.002335 
2042394676011 0.001297 0.001831 -0.001114 
2042414481919 0.001297 0.000610 0.000107 
2042434318345 -0.002365 -0.000610 -0.001114 
2042454124253 -0.002365 0.004272 -0.002335 
2042473930161 0.000092 -0.001846 -0.001114 
2042493766587 -0.001144 -0.000610 -0.001114 
2042513572495 0.000092 0.000610 0.000107 
2042533378403 0.000092 -0.001846 0.000107 
2042553214829 -0.001144 -0.001846 0.000107 
2042573020737 0.000092 -0.000610 0.000107 
2042592826645 -0.001144 -0.001846 0.000107 
2042612663071 0.000092 0.000610 -0.001114 
2042632499497 0.000092 -0.000610 0.000107 
2042652305405 -0.001144 -0.000610 -0.001114 
2042672141831 0.000092 -0.000610 0.000107 
2042691947739 0.000092 -0.000610 0.000107 
2042711753647 0.000092 -0.000610 0.000107 
2042731590073 0.000092 0.000610 -0.001114 
2042751395981 -0.001144 -0.001846 -0.001114 
2042771201889 -0.002365 0.001831 -0.002335 
2042791038315 -0.001144 0.004272 -0.002335 
2042810844223 -0.001144 0.001831 -0.001114 
2042830650132 -0.001144 -0.000610 0.000107 
2042850486557 0.001297 0.000610 0.000107 
2042870292466 -0.001144 -0.000610 0.000107 
2042890098374 0.000092 0.000610 0.000107 
2042909934800 0.000092 -0.000610 0.000107 
2042929771225 0.000092 -0.000610 -0.001114 
2042949577134 0.000092 0.000610 0.000107 
2042969413559 0.000092 -0.001846 0.000107 
2042989219468 0.001297 -0.000610 -0.001114 
2043009025376 0.007416 0.003067 -0.001114 
2043028831284 0.001297 0.000610 0.001328 
2043048667710 -0.001144 0.000610 0.001328 
2043068473618 -0.002365 -0.000610 0.003769 
2043088310044 -0.003586 -0.003052 0.003769 
2043108115952 -0.002365 -0.000610 -0.001114 
2043127921860 0.001297 0.000610 0.000107 
2043147758286 0.001297 -0.000610 0.000107 
2043167564194 0.000092 -0.001846 -0.001114 
2043187400620 0.000092 -0.000610 -0.001114 
2043207237046 0.000092 -0.000610 -0.001114 
2043227042954 -0.001144 -0.000610 -0.001114 
2043246848862 0.000107 -0.000275 -0.000626 
2043266685288 0.000107 -0.000275 -0.000626 
2043286491196 -0.001129 -0.000275 -0.000626 
2043306297104 0.000107 0.000946 0.000595 
2043326133530 0.000107 -0.000275 0.000595 
2043345939438 0.000107 -0.000275 0.000595 
2043365745347 0.001312 -0.000275 0.000595 
2043385581772 0.000107 -0.001511 -0.000626 
2043405387680 0.000107 -0.000275 0.001816 
2043425193589 0.000107 -0.000275 0.000595 
2043445030014 0.000107 -0.000275 -0.000626 
2043464835923 0.000107 -0.001511 0.000595 
2043484672348 0.000107 -0.000275 0.000595 
2043504508774 -0.001129 -0.000275 0.000595 
2043524314682 0.000107 -0.000275 0.001816 
