3663082727414 -0.102099 -0.111957 9.805480  
3663102533322 -0.101130 -0.111345 9.805496  
3663122339230 -0.100864 -0.111110 9.805502  
3663142175656 -0.101523 -0.112121 9.805483  
3663161981564 -0.100918 -0.111703 9.805494  
3663181817990 -0.100481 -0.111282 9.805504  
3663201623898 -0.101211 -0.112284 9.805485  
3663221429807 -0.100657 -0.111946 9.805493  
3663241266232 -0.100395 -0.111213 9.805506  
3663261072141 -0.101307 -0.112123 9.805486  
3663280908566 -0.100951 -0.111931 9.805491  
3663300744992 -0.100493 -0.111355 9.805503  
3663320550900 -0.101146 -0.112193 9.805487  
3663340387326 -0.100746 -0.112109 9.805491  
3663360193234 -0.100351 -0.111311 9.805505  
3663379999142 -0.100992 -0.112112 9.805490  
3663399805051 -0.100481 -0.112077 9.805495  
3663419641476 -0.099883 -0.111212 9.805511  
3663439447385 -0.100714 -0.111996 9.805493  
3663459283810 -0.100179 -0.112041 9.805498  
3663479089719 -0.099610 -0.111449 9.805511  
3663498895627 -0.100239 -0.112389 9.805494  
3663518732053 -0.099544 -0.112577 9.805498  
3663538537961 -0.098972 -0.111743 9.805514  
3663558374387 -0.099530 -0.112476 9.805499  
3663578210812 -0.098777 -0.112660 9.805506  
3663598016721 -0.097984 -0.111841 9.805523  
3663617853146 -0.101394 -0.115275 9.805449  
3663637659055 -0.100734 -0.115146 9.805456  
3663657464963 -0.100128 -0.114297 9.805473  
3663677301389 -0.103617 -0.118042 9.805392  
3663697107297 -0.102814 -0.118121 9.805400  
3663716943723 -0.101953 -0.117772 9.805413  
3663736749631 -0.105157 -0.120948 9.805341  
3663756555539 -0.103901 -0.120630 9.805357  
3663776391965 -0.103083 -0.120033 9.805373  
3663796197873 -0.106501 -0.123453 9.805295  
3663816003781 -0.105437 -0.122409 9.805319  
3663835840207 -0.104899 -0.121588 9.805336  
3663855676633 -0.105436 -0.122190 9.805323  
3663875513059 -0.104008 -0.121590 9.805345  
3663895318967 -0.103445 -0.120760 9.805361  
3663915124875 -0.103927 -0.121396 9.805347  
3663934961301 -0.102794 -0.120968 9.805366  
3663954767209 -0.102034 -0.120185 9.805383  
3663974573117 -0.102806 -0.120788 9.805367  
3663994409543 -0.102499 -0.120599 9.805373  
3664014215451 -0.102054 -0.120107 9.805384  
3664034021359 -0.102761 -0.120701 9.805369  
3664053857785 -0.102454 -0.120283 9.805377  
3664073663693 -0.101976 -0.119580 9.805390  
3664093500119 -0.102412 -0.120193 9.805379  
3664113306027 -0.102124 -0.120041 9.805384  
3664133142453 -0.101390 -0.119311 9.805400  
3664152978879 -0.101847 -0.119901 9.805388  
3664172784787 -0.101603 -0.119753 9.805392  
3664192590695 -0.101128 -0.119300 9.805403  
3664212427121 -0.101589 -0.120108 9.805388  
3664232233029 -0.100443 -0.119396 9.805408  
3664252038937 -0.099930 -0.118919 9.805420  
3664271875363 -0.100638 -0.119467 9.805407  
3664291681271 -0.099607 -0.118636 9.805427  
3664311517697 -0.099182 -0.117944 9.805440  
3664331323605 -0.099883 -0.118487 9.805426  
3664351129514 -0.099881 -0.118452 9.805427  
3664370965939 -0.099395 -0.117749 9.805440  
3664390771848 -0.100078 -0.118038 9.805429  
3664410608273 -0.098835 -0.117007 9.805453  
3664430444699 -0.098384 -0.116333 9.805468  
3664450250607 -0.098850 -0.116894 9.805456  
3664470087033 -0.098560 -0.116758 9.805460  
3664489892941 -0.097888 -0.116125 9.805473  
3664509698850 -0.098309 -0.116736 9.805462  
3664529535275 -0.098245 -0.116564 9.805465  
3664549341184 -0.097590 -0.115966 9.805479  
3664569147092 -0.098059 -0.116557 9.805467  
3664588983517 -0.097710 -0.116373 9.805473  
3664608789426 -0.097090 -0.115801 9.805486  
3664628625851 -0.098025 -0.116405 9.805469  
3664648431760 -0.097680 -0.115902 9.805478  
3664668237668 -0.097125 -0.115586 9.805489  
3664688074094 -0.097562 -0.116693 9.805471  
3664707910519 -0.097194 -0.116408 9.805478  
3664727716428 -0.096907 -0.115847 9.805488  
3664747552853 -0.097371 -0.116474 9.805474  
3664767358762 -0.096837 -0.116253 9.805483  
3664787195187 -0.096233 -0.115956 9.805492  
3664807001096 -0.096911 -0.116484 9.805480  
3664826807004 -0.096912 -0.116360 9.805481  
3664846643430 -0.096449 -0.115718 9.805493  
3664866449338 -0.097122 -0.116219 9.805481  
3664886255246 -0.097125 -0.116010 9.805483  
3664906091672 -0.096685 -0.115334 9.805494  
3664925897580 -0.097368 -0.115872 9.805482  
3664945703488 -0.097170 -0.115665 9.805487  
3664965539914 -0.096718 -0.114967 9.805499  
3664985376340 -0.097202 -0.115471 9.805489  
3665005212766 -0.096042 -0.115481 9.805499  
3665025018674 -0.095595 -0.114783 9.805512  
3665044824582 -0.096273 -0.115313 9.805499  
3665064661008 -0.095147 -0.115246 9.805512  
