# Created at Tue Jun 01 16:24:19 GMT+02:00 2021 in Burnaby Canada 
3661140405637 -0.003616 -0.000504 -0.000549 
3661160242062 0.000061 -0.000504 -0.000549 
3661180047971 0.001266 -0.000504 -0.000549 
3661199884396 0.001266 -0.000504 0.000671 
3661219690305 0.000061 -0.000504 -0.000549 
3661239496213 0.000061 0.000717 0.000671 
3661259332639 0.000061 -0.000504 0.000671 
3661279169064 0.000061 -0.000504 -0.000549 
3661298974973 -0.001175 -0.000504 -0.001770 
3661318811398 -0.001175 -0.000504 -0.001770 
3661338617307 -0.001175 -0.000504 -0.001770 
3661358453732 0.000061 0.000717 -0.001770 
3661378259641 -0.001175 0.000717 -0.001770 
3661398065549 -0.001175 0.000717 -0.001770 
3661417871457 -0.001175 -0.000504 -0.000549 
3661437707883 -0.001175 -0.000504 -0.000549 
3661457513791 -0.001175 -0.000504 -0.000549 
3661477350217 0.000061 0.000717 -0.001770 
3661497156125 -0.001175 -0.000504 -0.000549 
3661516962033 -0.001175 -0.000504 -0.001770 
3661536798459 -0.001175 -0.000504 -0.001770 
3661556634885 -0.001175 -0.000504 -0.001770 
3661576471310 -0.001175 0.000717 -0.001770 
3661596277219 0.000061 -0.000504 -0.001770 
3661616083127 -0.001175 0.001953 -0.001770 
3661635919553 -0.001175 0.000717 -0.001770 
3661655725461 0.000061 0.000717 -0.001770 
3661675531369 -0.001175 0.000717 -0.001770 
3661695367795 -0.001175 0.000717 -0.000549 
3661715173703 0.000061 -0.001724 0.000671 
3661735010129 0.000061 -0.000504 -0.000549 
3661754816037 -0.001175 -0.000504 -0.000549 
3661774621945 0.000061 -0.000504 -0.000549 
3661794458371 0.000061 0.000717 0.000671 
3661814264279 0.000061 0.000717 0.000671 
3661834100705 0.000061 -0.000504 -0.000549 
3661853937131 -0.001175 -0.000504 -0.000549 
3661873743039 0.002502 0.000717 -0.000549 
3661893579465 0.001266 0.000717 0.000671 
3661913385373 0.000061 -0.000504 0.000671 
3661933191281 0.001266 0.000717 0.000671 
3661953027707 -0.001175 -0.001724 -0.000549 
3661972833615 0.000061 -0.000504 -0.000549 
3661992639523 0.000061 -0.000504 0.000671 
3662012475949 0.001266 0.001953 0.000671 
3662032281857 0.000061 -0.000504 -0.000549 
3662052087766 0.000061 0.000717 -0.000549 
3662071924191 0.000061 0.000717 -0.000549 
3662091730100 0.000061 -0.000504 -0.000549 
3662111566525 0.000061 0.000717 -0.000549 
3662131402951 0.000061 0.000717 -0.000549 
3662151208859 0.000061 -0.000504 -0.000549 
3662171045285 -0.001175 -0.000504 -0.000549 
3662190851193 -0.001175 -0.000504 -0.000549 
3662210657101 -0.001175 -0.000504 0.000671 
3662230493527 -0.001175 0.000717 -0.000549 
3662250299435 0.000061 -0.000504 0.000671 
3662270135861 0.000061 0.001953 0.000671 
3662289941769 0.000061 -0.000504 -0.000549 
3662309747678 0.000061 -0.000504 -0.002991 
3662329584103 -0.001175 -0.000504 -0.002991 
3662349390012 0.000061 0.000717 -0.001770 
3662369195920 0.000061 0.000717 -0.000549 
3662389032346 0.000061 0.000717 -0.000549 
3662408868771 0.001266 -0.002960 0.000671 
3662428674680 -0.001175 -0.001724 0.000671 
3662448511105 0.000061 0.001953 -0.001770 
3662468317014 0.001266 -0.000504 -0.000549 
3662488153439 0.000061 -0.001724 -0.000549 
3662507959348 0.000061 0.001953 -0.001770 
3662527765256 0.000061 -0.000504 -0.000549 
3662547601682 0.000061 -0.001724 -0.000549 
3662567407590 -0.001175 0.000717 -0.000549 
3662587213498 0.000061 0.005600 0.001892 
3662607049924 -0.001175 0.003159 0.001892 
3662626855832 -0.003616 0.001953 0.000671 
3662646692258 -0.002396 -0.000504 -0.002991 
3662666498166 0.000061 0.000717 -0.001770 
3662686304074 -0.002396 -0.001724 -0.001770 
3662706140500 0.000061 0.000717 -0.001770 
3662725976926 0.000061 -0.000504 -0.001770 
3662745782834 -0.001175 -0.001724 -0.001770 
3662765619260 -0.001175 0.000717 -0.001770 
3662785425168 -0.001175 -0.000504 -0.001770 
3662805231076 -0.001175 -0.000504 -0.000549 
3662825067502 -0.001175 -0.000504 -0.001770 
3662844873410 0.000061 -0.000504 -0.002991 
3662864709836 0.000061 -0.000504 -0.000549 
3662884515744 0.000061 0.000717 -0.001770 
3662904321652 0.001266 0.000717 -0.000549 
3662924158078 0.000061 -0.000504 -0.000549 
3662943963986 0.000061 0.000717 -0.000549 
3662963769894 0.000061 -0.000504 -0.000549 
3662983606320 0.000061 -0.001724 -0.000549 
3663003442746 -0.001175 -0.001724 -0.000549 
3663023279172 0.000061 -0.000504 -0.000549 
3663043085080 -0.001175 -0.001724 -0.000549 
3663062890988 -0.001175 -0.000504 -0.000549 
3663082727414 -0.001175 -0.001724 0.000671 
3663102533322 0.000061 -0.001724 -0.000549 
3663122339230 -0.001175 -0.000504 -0.000549 
3663142175656 0.000061 -0.000504 -0.000549 
3663161981564 0.000061 -0.000504 -0.000549 
3663181817990 -0.001175 -0.000504 -0.000549 
3663201623898 0.000061 -0.000504 -0.000549 
3663221429807 0.000061 -0.000504 -0.000549 
3663241266232 0.000061 0.000717 -0.000549 
3663261072141 0.000061 0.000717 -0.000549 
3663280908566 0.000061 -0.000504 -0.000549 
3663300744992 -0.001175 -0.000504 -0.001770 
3663320550900 0.000061 -0.000504 -0.001770 
3663340387326 0.000061 -0.000504 -0.001770 
3663360193234 0.000061 0.000717 -0.001770 
3663379999142 0.000061 -0.000504 -0.000549 
3663399805051 0.000061 -0.001724 -0.000549 
3663419641476 0.000061 -0.000504 -0.000549 
3663439447385 0.000061 0.000717 -0.000549 
3663459283810 0.000061 -0.001724 0.000671 
3663479089719 -0.001175 -0.000504 -0.000549 
3663498895627 -0.001175 -0.000504 -0.000549 
3663518732053 0.000061 -0.000504 -0.000549 
3663538537961 0.000061 -0.000504 -0.000549 
3663558374387 0.000061 -0.000504 -0.000549 
3663578210812 0.000061 -0.000504 -0.000549 
3663598016721 0.000061 -0.001724 -0.000549 
3663617853146 0.000061 -0.000504 -0.000549 
3663637659055 0.001266 0.000717 -0.000549 
3663657464963 0.000061 -0.000504 -0.000549 
3663677301389 -0.001175 0.000717 -0.000549 
3663697107297 -0.001175 -0.000504 -0.000549 
3663716943723 -0.002396 -0.001724 -0.000549 
3663736749631 0.001266 -0.000504 -0.000549 
3663756555539 0.001266 -0.000504 -0.000549 
3663776391965 -0.001175 -0.001724 -0.001770 
3663796197873 0.000061 -0.000504 -0.000549 
3663816003781 0.001266 -0.000504 -0.000549 
3663835840207 0.000061 -0.000504 -0.000549 
3663855676633 0.000061 -0.000504 -0.001770 
3663875513059 0.001266 -0.000504 -0.000549 
3663895318967 0.000061 -0.000504 -0.000549 
3663915124875 0.000061 -0.000504 -0.000549 
3663934961301 0.000061 -0.000504 0.000671 
3663954767209 0.000061 -0.001724 -0.001770 
3663974573117 0.000061 0.000717 -0.000549 
3663994409543 0.000061 -0.000504 0.000671 
3664014215451 -0.001175 -0.000504 -0.000549 
3664034021359 0.000061 0.000717 -0.000549 
3664053857785 0.001266 -0.000504 -0.000549 
3664073663693 0.000061 -0.000504 -0.000549 
3664093500119 0.000061 -0.000504 -0.000549 
3664113306027 0.000061 -0.000504 -0.000549 
3664133142453 0.000061 -0.001724 -0.000549 
3664152978879 0.000061 -0.000504 -0.000549 
3664172784787 0.000061 -0.000504 -0.000549 
3664192590695 -0.001175 -0.000504 -0.000549 
3664212427121 -0.001175 -0.000504 -0.000549 
3664232233029 0.000061 -0.000504 -0.000549 
3664252038937 -0.001175 -0.000504 -0.000549 
3664271875363 0.000061 0.000717 -0.000549 
3664291681271 0.001266 -0.000504 -0.000549 
3664311517697 0.000061 -0.000504 0.000671 
3664331323605 0.000061 0.000717 -0.000549 
3664351129514 0.000061 0.000717 -0.000549 
3664370965939 0.000061 -0.000504 -0.000549 
3664390771848 0.001266 0.000717 0.000671 
3664410608273 0.001266 -0.001724 0.000671 
3664430444699 0.000061 -0.000504 -0.000549 
3664450250607 0.000061 -0.000504 -0.000549 
3664470087033 0.000061 -0.000504 -0.000549 
3664489892941 0.000061 -0.001724 -0.000549 
3664509698850 0.000061 -0.000504 -0.000549 
3664529535275 0.000061 0.000717 -0.000549 
3664549341184 0.000061 -0.001724 0.000671 
3664569147092 0.000061 -0.000504 -0.001770 
3664588983517 0.000061 -0.000504 -0.000549 
3664608789426 0.000061 -0.001724 -0.000549 
3664628625851 0.000061 0.001953 -0.001770 
3664648431760 0.001266 -0.000504 0.000671 
3664668237668 -0.001175 -0.001724 -0.002991 
3664688074094 -0.002396 -0.000504 -0.001770 
3664707910519 0.000061 -0.000504 0.000671 
3664727716428 0.000061 -0.000504 -0.000549 
3664747552853 0.000061 -0.000504 -0.000549 
3664767358762 0.000061 -0.001724 -0.000549 
3664787195187 -0.001175 -0.001724 -0.000549 
3664807001096 0.000061 0.000717 -0.000549 
3664826807004 0.000061 0.000717 -0.000549 
3664846643430 0.000061 -0.000504 -0.000549 
3664866449338 0.000061 0.000717 -0.000549 
3664886255246 0.001266 0.000717 -0.000549 
3664906091672 0.000061 -0.000504 -0.000549 
3664925897580 0.000061 0.000717 -0.000549 
3664945703488 0.001266 -0.000504 -0.000549 
3664965539914 0.000061 -0.000504 -0.000549 
3664985376340 0.000061 -0.000504 -0.000549 
3665005212766 0.000061 -0.000504 -0.001770 
3665025018674 0.000061 -0.000504 -0.000549 
3665044824582 0.000061 0.000717 -0.000549 
3665064661008 0.000061 -0.000504 -0.000549 
3665084466916 0.000061 -0.001724 0.000671 
3665104272824 -0.001175 -0.000504 -0.001770 
3665124109250 0.001266 -0.000504 0.000671 
3665143915158 0.001266 -0.001724 -0.001770 
3665163751584 0.000061 0.000717 -0.000549 
3665183557492 0.000061 0.000717 -0.000549 
3665203363400 0.000061 -0.000504 -0.000549 
3665223199826 0.000061 0.000717 -0.000549 
3665243005734 0.000061 -0.000504 -0.000549 
3665262811642 0.001266 -0.001724 0.001892 
3665282648068 0.000061 -0.000504 -0.001770 
3665302484494 0.000061 -0.000504 -0.002991 
3665322320920 -0.001175 -0.001724 -0.001770 
3665342126828 0.000061 -0.001724 -0.001770 
3665361932736 0.001266 -0.001724 0.001892 
3665381769162 0.000061 -0.001724 0.000671 
3665401575070 0.000061 -0.000504 -0.000549 
3665421380978 0.001266 -0.000504 -0.000549 
3665441217404 0.000061 -0.000504 0.000671 
3665461023312 0.000061 0.000717 -0.000549 
3665480829221 0.001266 -0.001724 -0.001770 
3665500665646 -0.001175 0.000717 -0.001770 
3665520471555 -0.001175 0.001953 -0.001770 
3665540307980 0.000061 -0.001724 -0.001770 
3665560144406 0.000061 -0.001724 0.000671 
3665579950314 0.000061 -0.000504 -0.000549 
3665599786740 0.000061 -0.000504 0.000671 
3665619592648 0.000061 -0.000504 0.000671 
3665639398557 0.000061 0.001953 0.000671 
3665659234982 0.000061 0.000717 0.000671 
3665679040891 -0.001175 -0.000504 -0.000549 
3665698877316 0.001266 0.000717 0.001892 
3665718683225 0.001266 0.000717 0.001892 
3665738489133 -0.001175 -0.000504 -0.001770 
3665758325559 0.000061 -0.000504 0.000671 
3665778131467 0.001266 -0.000504 -0.000549 
3665797937375 0.000061 -0.000504 -0.000549 
3665817773801 0.000061 -0.000504 -0.000549 
3665837579709 -0.001175 -0.001724 -0.000549 
3665857416135 0.000061 -0.000504 -0.000549 
3665877252560 0.001266 -0.001724 -0.000549 
3665897058469 -0.001175 -0.001724 -0.000549 
3665916894894 -0.001175 0.000717 -0.000549 
3665936700803 0.001266 -0.000504 -0.000549 
3665956506711 0.001266 -0.001724 -0.000549 
3665976343137 0.000061 -0.000504 -0.000549 
3665996149045 0.000061 -0.001724 -0.000549 
3666015954953 -0.001175 -0.001724 -0.000549 
3666035791379 0.000061 -0.000504 0.000671 
3666055597287 0.001266 -0.001724 -0.000549 
3666075433713 0.000061 -0.001724 0.001892 
3666095239621 0.000061 0.000717 0.000671 
3666115045529 0.001266 0.000717 -0.000549 
3666134881955 0.000061 -0.000504 -0.000549 
3666154718381 0.001266 -0.000504 -0.000549 
3666174524289 0.001266 -0.000504 -0.000549 
3666194360715 0.000061 -0.001724 -0.000549 
3666214166623 0.000061 -0.000504 -0.000549 
3666234003049 0.000061 -0.000504 -0.000549 
3666253808957 -0.001175 -0.000504 -0.000549 
3666273614865 0.000061 0.000717 -0.000549 
3666293451291 0.001266 -0.000504 -0.000549 
3666313257199 0.000061 -0.000504 -0.000549 
3666333063107 0.001266 0.000717 -0.000549 
3666352899533 0.001266 -0.001724 -0.000549 
3666372705441 -0.001175 -0.001724 -0.001770 
3666392511350 0.000061 -0.000504 -0.000549 
3666412347775 0.000061 -0.000504 0.000671 
3666432184201 0.000061 -0.000504 -0.000549 
3666452020627 0.001266 -0.000504 -0.000549 
3666471826535 0.000061 -0.000504 -0.000549 
3666491632443 0.000061 -0.000504 -0.000549 
3666511468869 0.000061 0.000717 -0.000549 
3666531274777 0.000061 -0.000504 -0.000549 
3666551080685 0.000061 0.000717 -0.000549 
3666570917111 0.000061 -0.000504 -0.000549 
3666590723019 0.003708 0.000717 -0.001770 
3666610559445 0.007385 0.001953 -0.005432 
3666630365353 -0.001175 -0.000504 0.000671 
3666650171262 -0.004837 -0.002960 0.001892 
3666670007687 -0.003616 -0.001724 -0.004227 
3666689813596 -0.001175 0.000717 -0.000549 
3666709650021 0.000061 0.000717 0.000671 
3666729486447 0.000061 -0.001724 0.000671 
3666749292355 0.000061 -0.000504 -0.000549 
3666769128781 0.001266 -0.000504 -0.001770 
3666788934689 -0.002396 -0.001724 -0.001770 
3666808740598 -0.001175 -0.001724 -0.001770 
3666828577023 0.001266 -0.000504 0.000671 
3666848382932 0.000061 -0.001724 -0.000549 
3666868188840 0.000061 -0.000504 -0.000549 
3666888025266 0.000061 0.000717 0.000671 
3666907831174 0.000061 -0.000504 -0.000549 
3666927637082 0.000061 -0.000504 -0.000549 
3666947473508 0.000061 -0.001724 -0.001770 
3666967279416 0.000061 -0.000504 -0.000549 
3666987115842 0.000061 -0.000504 -0.000549 
3667006952267 0.000061 -0.001724 0.000671 
3667026758176 0.000061 -0.000504 -0.000549 
3667046594601 0.000061 -0.000504 -0.000549 
3667066400510 0.000061 -0.001724 0.000671 
3667086206418 0.000061 -0.000504 -0.000549 
3667106042844 0.000061 -0.000504 -0.000549 
3667125848752 0.000061 -0.000504 0.000671 
3667145685178 0.000061 -0.001724 0.000671 
