# Created at Tue Jun 01 16:24:19 GMT+02:00 2021 in Burnaby Canada 
3661139398557 0.000000 0.000000 0.000000 
3661159265500 0.000000 0.000000 0.000000 
3661179132443 0.000000 0.000000 0.000000 
3661198999387 0.000000 0.000000 0.000000 
3661218866330 0.000000 0.000000 0.000000 
3661238733273 0.000000 0.000000 0.000000 
3661258661252 0.000000 0.000000 0.000000 
3661278528195 0.000000 0.000000 0.000000 
3661298395139 0.000000 0.000000 0.000000 
3661318262082 0.000000 0.000000 0.000000 
3661338129025 0.000000 0.000000 0.000000 
3661357995969 0.000000 0.000000 0.000000 
3661377862912 0.000000 0.000000 0.000000 
3661397729855 0.000000 0.000000 0.000000 
3661417596799 0.000000 0.000000 0.000000 
3661437463742 0.000000 0.000000 0.000000 
3661457330685 0.000000 0.000000 0.000000 
3661477197629 0.000000 0.000000 0.000000 
3661497064572 0.000000 0.000000 0.000000 
3661516931516 0.000000 0.000000 0.000000 
3661536798459 0.000000 0.000000 0.000000 
3661556695920 0.000000 0.000000 0.000000 
3661576562863 0.000000 0.000000 0.000000 
3661596429807 0.000000 0.000000 0.000000 
3661616296750 0.000000 0.000000 0.000000 
3661636163693 0.000000 0.000000 0.000000 
3661656000119 0.000000 0.000000 0.000000 
3661675867062 0.000000 0.000000 0.000000 
3661695734006 0.000000 0.000000 0.000000 
3661715600949 0.000000 0.000000 0.000000 
3661735467892 0.000000 0.000000 0.000000 
3661755334836 0.000000 0.000000 0.000000 
3661775201779 0.000000 0.000000 0.000000 
3661795068723 0.000000 0.000000 0.000000 
3661814966184 0.000000 0.000000 0.000000 
3661834863644 0.000000 0.000000 0.000000 
3661854730588 0.000000 0.000000 0.000000 
3661874597531 0.000000 0.000000 0.000000 
3661894464475 0.000000 0.000000 0.000000 
3661914331418 0.000000 0.000000 0.000000 
3661934198361 0.000000 0.000000 0.000000 
3661954065305 0.000000 0.000000 0.000000 
3661973932248 0.000000 0.000000 0.000000 
3661993799191 0.000000 0.000000 0.000000 
3662013666135 0.000000 0.000000 0.000000 
3662033533078 0.000000 0.000000 0.000000 
3662053400021 0.000000 0.000000 0.000000 
3662073266965 0.000000 0.000000 0.000000 
3662093133908 0.000000 0.000000 0.000000 
3662113000851 0.000000 0.000000 0.000000 
3662132867795 0.000000 0.000000 0.000000 
3662152734738 0.000000 0.000000 0.000000 
3662172601682 0.000000 0.000000 0.000000 
3662192468625 0.000000 0.000000 0.000000 
3662212335568 0.000000 0.000000 0.000000 
3662232202512 0.000000 0.000000 0.000000 
3662252069455 0.000000 0.000000 0.000000 
3662271936398 0.000000 0.000000 0.000000 
3662291833859 0.000000 0.000000 0.000000 
3662311700803 0.000000 0.000000 0.000000 
3662331567746 0.000000 0.000000 0.000000 
3662351434689 0.000000 0.000000 0.000000 
3662371301633 0.000000 0.000000 0.000000 
3662391168576 0.000000 0.000000 0.000000 
3662411066037 0.000000 0.000000 0.000000 
3662430932980 0.000000 0.000000 0.000000 
3662450799924 0.000000 0.000000 0.000000 
3662470666867 0.000000 0.000000 0.000000 
3662490533810 0.000000 0.000000 0.000000 
3662510400754 0.000000 0.000000 0.000000 
3662530267697 0.000000 0.000000 0.000000 
3662550134641 0.000000 0.000000 0.000000 
3662570001584 0.000000 0.000000 0.000000 
3662589868527 0.000000 0.000000 0.000000 
3662609735471 0.000000 0.000000 0.000000 
3662629602414 0.000000 0.000000 0.000000 
3662649469357 0.000000 0.000000 0.000000 
3662669336301 0.000000 0.000000 0.000000 
3662689233762 0.000000 0.000000 0.000000 
3662709100705 0.000000 0.000000 0.000000 
3662728998166 0.000000 0.000000 0.000000 
3662748865109 0.000000 0.000000 0.000000 
3662768732053 0.000000 0.000000 0.000000 
3662788598996 0.000000 0.000000 0.000000 
3662808465939 0.000000 0.000000 0.000000 
3662828332883 0.000000 0.000000 0.000000 
3662848199826 0.000000 0.000000 0.000000 
3662868066769 0.000000 0.000000 0.000000 
3662887933713 0.000000 0.000000 0.000000 
3662907800656 0.000000 0.000000 0.000000 
3662927667600 0.000000 0.000000 0.000000 
3662947534543 0.000000 0.000000 0.000000 
3662967401486 0.000000 0.000000 0.000000 
3662987298947 0.000000 0.000000 0.000000 
3663007165891 0.000000 0.000000 0.000000 
3663027032834 0.000000 0.000000 0.000000 
3663046899777 0.000000 0.000000 0.000000 
3663066766721 0.000000 0.000000 0.000000 
3663086633664 0.000000 0.000000 0.000000 
3663106500607 0.000000 0.000000 0.000000 
3663126367551 0.000000 0.000000 0.000000 
3663146234494 0.000000 0.000000 0.000000 
3663166101437 0.000000 0.000000 0.000000 
3663185998898 0.000000 0.000000 0.000000 
3663205865842 0.000000 0.000000 0.000000 
3663225732785 0.000000 0.000000 0.000000 
3663245599728 0.000000 0.000000 0.000000 
3663265497189 0.000000 0.000000 0.000000 
3663285364133 0.000000 0.000000 0.000000 
3663305231076 0.000000 0.000000 0.000000 
3663325098019 0.000000 0.000000 0.000000 
3663344964963 0.000000 0.000000 0.000000 
3663364831906 0.000000 0.000000 0.000000 
3663384698850 0.000000 0.000000 0.000000 
3663404535275 0.000000 0.000000 0.000000 
3663424402219 0.000000 0.000000 0.000000 
3663444269162 0.000000 0.000000 0.000000 
3663464136105 0.000000 0.000000 0.000000 
3663484003049 0.000000 0.000000 0.000000 
3663503869992 0.000000 0.000000 0.000000 
3663523736935 0.000000 0.000000 0.000000 
3663543603879 0.000000 0.000000 0.000000 
3663563531857 0.000000 0.000000 0.000000 
3663583398801 0.000000 0.000000 0.000000 
3663603265744 0.000000 0.000000 0.000000 
3663623132687 0.000000 0.000000 0.000000 
3663642999631 0.000000 0.000000 0.000000 
3663662866574 0.000000 0.000000 0.000000 
3663682764035 0.000000 0.000000 0.000000 
3663702630978 0.000000 0.000000 0.000000 
3663722467404 0.000000 0.000000 0.000000 
3663742334348 0.000000 0.000000 0.000000 
3663762201291 0.000000 0.000000 0.000000 
3663782068234 0.000000 0.000000 0.000000 
3663801935178 0.000000 0.000000 0.000000 
3663821802121 0.000000 0.000000 0.000000 
3663841699582 0.000000 0.000000 0.000000 
3663861566525 0.000000 0.000000 0.000000 
3663881463986 0.000000 0.000000 0.000000 
3663901330930 0.000000 0.000000 0.000000 
3663921197873 0.000000 0.000000 0.000000 
3663941064816 0.000000 0.000000 0.000000 
3663960931760 0.000000 0.000000 0.000000 
3663980798703 0.000000 0.000000 0.000000 
3664000665646 0.000000 0.000000 0.000000 
3664020532590 0.000000 0.000000 0.000000 
3664040430051 0.000000 0.000000 0.000000 
3664060296994 0.000000 0.000000 0.000000 
3664080163937 0.000000 0.000000 0.000000 
3664100030881 0.000000 0.000000 0.000000 
3664119928342 0.000000 0.000000 0.000000 
3664139795285 0.000000 0.000000 0.000000 
3664159662228 0.000000 0.000000 0.000000 
3664179529172 0.000000 0.000000 0.000000 
3664199396115 0.000000 0.000000 0.000000 
3664219263059 0.000000 0.000000 0.000000 
3664239130002 0.000000 0.000000 0.000000 
3664258996945 0.000000 0.000000 0.000000 
3664278863889 0.000000 0.000000 0.000000 
3664298730832 0.000000 0.000000 0.000000 
3664318597775 0.000000 0.000000 0.000000 
3664338464719 0.000000 0.000000 0.000000 
3664358331662 0.000000 0.000000 0.000000 
3664378198605 0.000000 0.000000 0.000000 
3664398065549 0.000000 0.000000 0.000000 
3664417963010 0.000000 0.000000 0.000000 
3664437829953 0.000000 0.000000 0.000000 
3664457696896 0.000000 0.000000 0.000000 
3664477563840 0.000000 0.000000 0.000000 
3664497461301 0.000000 0.000000 0.000000 
3664517297726 0.000000 0.000000 0.000000 
3664537164670 0.000000 0.000000 0.000000 
3664557031613 0.000000 0.000000 0.000000 
3664576898557 0.000000 0.000000 0.000000 
3664596765500 0.000000 0.000000 0.000000 
3664616632443 0.000000 0.000000 0.000000 
3664636499387 0.000000 0.000000 0.000000 
3664656366330 0.000000 0.000000 0.000000 
3664676263791 0.000000 0.000000 0.000000 
3664696161252 0.000000 0.000000 0.000000 
3664716028195 0.000000 0.000000 0.000000 
3664735895139 0.000000 0.000000 0.000000 
3664755762082 0.000000 0.000000 0.000000 
3664775629025 0.000000 0.000000 0.000000 
3664795495969 0.000000 0.000000 0.000000 
3664815362912 0.000000 0.000000 0.000000 
3664835260373 0.000000 0.000000 0.000000 
3664855127316 0.000000 0.000000 0.000000 
3664874994260 0.000000 0.000000 0.000000 
3664894861203 0.000000 0.000000 0.000000 
3664914728146 0.000000 0.000000 0.000000 
3664934625607 0.000000 0.000000 0.000000 
3664954492551 0.000000 0.000000 0.000000 
3664974359494 0.000000 0.000000 0.000000 
3664994256955 0.000000 0.000000 0.000000 
3665014123898 0.000000 0.000000 0.000000 
3665033990842 0.000000 0.000000 0.000000 
3665053857785 0.000000 0.000000 0.000000 
3665073724728 0.000000 0.000000 0.000000 
3665093591672 0.000000 0.000000 0.000000 
3665113458615 0.000000 0.000000 0.000000 
3665133325559 0.000000 0.000000 0.000000 
3665153192502 0.000000 0.000000 0.000000 
3665173059445 0.000000 0.000000 0.000000 
3665192956906 0.000000 0.000000 0.000000 
3665212823850 0.000000 0.000000 0.000000 
3665232690793 0.000000 0.000000 0.000000 
3665252557736 0.000000 0.000000 0.000000 
3665272455197 0.000000 0.000000 0.000000 
3665292322141 0.000000 0.000000 0.000000 
3665312189084 0.000000 0.000000 0.000000 
3665332056027 0.000000 0.000000 0.000000 
3665351922971 0.000000 0.000000 0.000000 
3665371789914 0.000000 0.000000 0.000000 
3665391687375 0.000000 0.000000 0.000000 
3665411554318 0.000000 0.000000 0.000000 
3665431421262 0.000000 0.000000 0.000000 
3665451288205 0.000000 0.000000 0.000000 
3665471155148 0.000000 0.000000 0.000000 
3665491022092 0.000000 0.000000 0.000000 
3665510889035 0.000000 0.000000 0.000000 
3665530755978 0.000000 0.000000 0.000000 
3665550653439 0.000000 0.000000 0.000000 
3665570520383 0.000000 0.000000 0.000000 
3665590387326 0.000000 0.000000 0.000000 
3665610254269 0.000000 0.000000 0.000000 
3665630151730 0.000000 0.000000 0.000000 
3665650018674 0.000000 0.000000 0.000000 
3665669885617 0.000000 0.000000 0.000000 
3665689752560 0.000000 0.000000 0.000000 
3665709619504 0.000000 0.000000 0.000000 
3665729486447 0.000000 0.000000 0.000000 
3665749353391 0.000000 0.000000 0.000000 
3665769220334 0.000000 0.000000 0.000000 
3665789087277 0.000000 0.000000 0.000000 
3665808954221 0.000000 0.000000 0.000000 
3665828821164 0.000000 0.000000 0.000000 
3665848749142 0.000000 0.000000 0.000000 
3665868616086 0.000000 0.000000 0.000000 
3665888483029 0.000000 0.000000 0.000000 
3665908349973 0.000000 0.000000 0.000000 
3665928216916 0.000000 0.000000 0.000000 
3665948083859 0.000000 0.000000 0.000000 
3665967950803 0.000000 0.000000 0.000000 
3665987848264 0.000000 0.000000 0.000000 
3666007715207 0.000000 0.000000 0.000000 
3666027582150 0.000000 0.000000 0.000000 
3666047449094 0.000000 0.000000 0.000000 
3666067316037 0.000000 0.000000 0.000000 
3666087182980 0.000000 0.000000 0.000000 
3666107049924 0.000000 0.000000 0.000000 
3666126947385 0.000000 0.000000 0.000000 
3666146814328 0.000000 0.000000 0.000000 
3666166711789 0.000000 0.000000 0.000000 
3666186578732 0.000000 0.000000 0.000000 
3666206445676 0.000000 0.000000 0.000000 
3666226312619 0.000000 0.000000 0.000000 
3666246179562 0.000000 0.000000 0.000000 
3666266046506 0.000000 0.000000 0.000000 
3666285913449 0.000000 0.000000 0.000000 
3666305780392 0.000000 0.000000 0.000000 
3666325677853 0.000000 0.000000 0.000000 
3666345544797 0.000000 0.000000 0.000000 
3666365411740 0.000000 0.000000 0.000000 
3666385278684 0.000000 0.000000 0.000000 
3666405145627 0.000000 0.000000 0.000000 
3666425043088 0.000000 0.000000 0.000000 
3666444910031 0.000000 0.000000 0.000000 
3666464776975 0.000000 0.000000 0.000000 
3666484674435 0.000000 0.000000 0.000000 
3666504541379 0.000000 0.000000 0.000000 
3666524408322 0.000000 0.000000 0.000000 
3666544275266 0.000000 0.000000 0.000000 
3666564142209 0.000000 0.000000 0.000000 
3666584009152 0.000000 0.000000 0.000000 
3666603876096 0.000000 0.000000 0.000000 
3666623743039 0.000000 0.000000 0.000000 
3666643640500 0.000000 0.000000 0.000000 
3666663507443 0.000000 0.000000 0.000000 
3666683374387 0.000000 0.000000 0.000000 
3666703271848 0.000000 0.000000 0.000000 
3666723138791 0.000000 0.000000 0.000000 
3666743005734 0.000000 0.000000 0.000000 
3666762872678 0.000000 0.000000 0.000000 
3666782739621 0.000000 0.000000 0.000000 
3666802637082 0.000000 0.000000 0.000000 
3666822504025 0.000000 0.000000 0.000000 
3666842370969 0.000000 0.000000 0.000000 
3666862237912 0.000000 0.000000 0.000000 
3666882104855 0.000000 0.000000 0.000000 
3666901971799 0.000000 0.000000 0.000000 
3666921838742 0.000000 0.000000 0.000000 
3666941705685 0.000000 0.000000 0.000000 
3666961572629 0.000000 0.000000 0.000000 
3666981500607 0.000000 0.000000 0.000000 
3667001367551 0.000000 0.000000 0.000000 
3667021234494 0.000000 0.000000 0.000000 
3667041101437 0.000000 0.000000 0.000000 
3667060937863 0.000000 0.000000 0.000000 
3667080804807 0.000000 0.000000 0.000000 
3667100671750 0.000000 0.000000 0.000000 
3667120538693 0.000000 0.000000 0.000000 
3667140405637 0.000000 0.000000 0.000000 
