# Created at Sat Jun 12 23:36:49 GMT+02:00 2021 in Copenhagen 
199988764339261, -0.001959, -0.014040, 0.004319 
199988784145169, -0.006463, -0.011298, 0.004175 
199988803981595, 0.000744, -0.006329, 0.006351 
199988823787503, 0.010041, 0.010024, 0.017704 
199988843593411, 0.009766, 0.021216, -0.015263 
199988863429837, -0.013644, 0.011221, -0.000874 
199988883235745, -0.006180, -0.003075, -0.003160 
199988903072171, -0.001286, -0.009707, -0.007684 
199988922878079, -0.001417, -0.018222, -0.000478 
199988942683987, 0.001217, -0.007924, -0.000453 
199988962520413, 0.012800, 0.006415, -0.000435 
199988982356839, 0.003181, 0.020264, -0.007365 
199989002162747, -0.001482, 0.024415, -0.002485 
199989021999173, -0.006932, 0.018020, 0.032296 
199989041805081, 0.004920, -0.019853, -0.028919 
199989061610989, 0.006894, -0.023395, -0.032584 
199989081447415, -0.002297, -0.005529, -0.003723 
199989101253323, -0.000097, 0.006416, 0.003348 
199989121059232, 0.002509, 0.024896, 0.000926 
199989140895657, -0.004448, 0.022176, -0.001414 
199989160701566, -0.004013, 0.010070, -0.001362 
199989180507474, 0.007743, -0.010884, -0.001313 
199989200343900, 0.007778, -0.019811, -0.010515 
199989220149808, -0.001671, -0.000693, 0.003716 
199989239955716, -0.006187, 0.017803, -0.012604 
199989259792142, -0.001288, 0.017168, -0.005251 
199989279628568, -0.010682, 0.014241, -0.005078 
199989299434476, 0.003613, -0.007085, -0.000278 
199989319270902, 0.008186, -0.018455, 0.004363 
199989339076810, 0.007975, -0.013265, -0.000414 
199989358882718, -0.004027, 0.003331, 0.004229 
199989378719144, 0.007500, 0.012427, 0.008701 
199989398525052, 0.002680, 0.021219, 0.006096 
199989418361478, -0.011460, 0.015853, 0.003589 
199989438167386, 0.000545, -0.000910, 0.003469 
199989457973294, 0.004984, -0.017114, 0.001036 
199989477809720, -0.006684, -0.011954, 0.001001 
199989497615628, -0.004317, 0.002283, -0.003666 
199989517421536, 0.000502, 0.013966, 0.001091 
199989537234693, 0.005176, 0.018093, 0.001055 
199989557071119, -0.002100, 0.017448, 0.007950 
199989576877027, 0.002648, -0.008386, 0.007688 
199989596713453, -0.004313, -0.017409, -0.006449 
199989616519361, -0.001795, -0.012236, 0.005330 
199989636325269, -0.001909, -0.009551, -0.001783 
199989656161695, 0.002833, 0.002290, 0.007524 
199989675967603, -0.001819, 0.006806, 0.011906 
199989695773511, 0.012166, 0.018104, 0.013824 
199989715609937, 0.002574, 0.013061, 0.001802 
199989735415845, -0.002067, 0.010268, -0.000573 
199989755221754, 0.000362, -0.008376, 0.004066 
199989775058179, -0.006293, -0.026414, 0.003936 
199989794864088, 0.005771, -0.016090, -0.007754 
199989814669996, 0.029229, 0.035526, 0.022589 
199989834506422, -0.062134, -0.051275, -0.049868 
199989854342847, -0.004715, 0.003596, 0.035056 
199989874148756, 0.027647, 0.024247, 0.020005 
199989893985181, 0.026548, 0.018558, 0.014701 
199989913791090, 0.021105, 0.004021, -0.011233 
199989933627515, 0.015829, 0.001532, 0.000720 
199989953433424, 0.003560, 0.015324, -0.024751 
199989973239332, -0.005745, 0.010374, -0.010057 
199989993075758, -0.019608, 0.009989, -0.021289 
199990012881666, -0.016579, -0.011195, -0.011316 
199990032687574, -0.027765, -0.038621, 0.002938 
199990052524000, -0.015216, -0.048937, -0.008739 
199990072329908, 0.008706, -0.019348, 0.010071 
199990092135816, 0.022818, 0.032376, 0.018992 
199990111972242, 0.038762, 0.056933, -0.009391 
199990131808668, 0.023877, 0.050601, -0.027569 
199990151614576, -0.011552, 0.002619, -0.031281 
199990171451002, -0.020356, -0.043778, -0.020976 
199990191256910, -0.031186, -0.053919, -0.004096 
199990211062818, -0.014125, -0.042898, 0.005301 
199990230899244, 0.011846, 0.020948, 0.023621 
199990250705152, 0.034638, 0.052588, 0.006638 
199990270511060, 0.026596, 0.060044, -0.030592 
199990290347486, -0.011240, 0.014063, -0.024940 
199990310153394, -0.024686, -0.039648, -0.021793 
199990329959302, -0.035602, -0.056862, -0.004889 
199990349795728, -0.008912, -0.027261, 0.029982 
199990369601636, 0.028683, 0.036295, 0.024357 
199990389407545, 0.039810, 0.056106, 0.002742 
199990409243970, 0.003152, 0.032911, -0.020492 
199990429080396, -0.023036, -0.021872, -0.031402 
199990448916822, -0.038174, -0.041776, -0.002589 
199990468722730, -0.013933, -0.045267, 0.013687 
199990488528638, 0.025900, 0.016573, 0.029429 
199990508365064, 0.043374, 0.041426, 0.005318 
199990528170972, 0.009844, 0.035835, -0.013362 
199990547976881, -0.027201, -0.009108, -0.029107 
199990567813306, -0.031331, -0.037062, 0.001927 
199990587619215, -0.004780, -0.040500, 0.006495 
199990607425123, 0.023895, 0.010075, 0.036356 
199990627261549, 0.041417, 0.039778, 0.014329 
199990647067457, 0.021596, 0.017837, -0.013906 
199990666873365, -0.030186, -0.019804, -0.034257 
199990686709791, -0.038387, -0.042323, -0.003055 
199990706546217, -0.009525, -0.015505, 0.010924 
199990726352125, 0.036890, 0.038177, 0.036001 
199990746188550, 0.044968, 0.041497, 0.002424 
199990765994459, -0.000428, 0.000984, -0.020782 
199990785800367, -0.028103, -0.043040, -0.020090 
199990805636793, -0.038922, -0.048574, 0.008322 
199990825442701, 0.004074, -0.014617, 0.019608 
199990845248609, 0.038690, 0.052915, 0.028218 
199990865085035, 0.037459, 0.067308, 0.001834 
199990884890943, -0.007905, 0.002573, -0.023674 
199990904727369, -0.037891, -0.052838, -0.013637 
199990924533277, -0.036805, -0.060361, 0.009943 
199990944339185, 0.005884, -0.010040, 0.023486 
199990964175611, 0.042518, 0.059658, 0.029634 
199990984012037, 0.031678, 0.059931, -0.026862 
199991003817945, -0.017891, -0.004557, -0.023651 
199991023654371, -0.040378, -0.043768, -0.022862 
199991043460279, -0.023014, -0.054137, 0.012587 
199991063266187, 0.024069, 0.005464, 0.026047 
199991083072095, 0.051082, 0.044570, 0.002050 
199991102908521, 0.014743, 0.045582, -0.037339 
199991122714429, -0.027565, -0.004312, -0.043042 
199991142520338, -0.040470, -0.041213, -0.018464 
199991162356763, -0.018237, -0.030612, -0.001668 
199991182162672, 0.028683, 0.021246, 0.026148 
199991201999097, 0.037262, 0.048261, -0.007097 
199991221805006, -0.000932, 0.014240, -0.048500 
199991241610914, -0.037853, -0.030227, -0.039950 
199991261447340, -0.034453, -0.038504, -0.006230 
199991281283765, -0.001090, -0.011812, 0.003222 
199991301089674, 0.033461, 0.041749, 0.019308 
199991320926099, 0.034718, 0.044938, -0.009095 
199991340732008, -0.005704, -0.005171, -0.050431 
199991360568433, -0.037849, -0.044358, -0.025622 
199991380374342, -0.036762, -0.047536, -0.001628 
199991400180250, 0.012859, -0.002046, 0.009988 
199991420016675, 0.030765, 0.046558, 0.011968 
199991439822584, 0.036961, 0.054694, -0.016182 
199991459628492, -0.014640, 0.013971, -0.052640 
199991479464918, -0.037224, -0.042050, -0.041636 
199991499270826, -0.033611, -0.052249, -0.019436 
199991519076734, 0.006653, -0.011216, 0.004337 
199991538913160, 0.041180, 0.049258, 0.006509 
199991558749586, 0.037087, 0.058916, -0.021476 
199991578555494, -0.005721, 0.012751, -0.053140 
199991598391920, -0.035550, -0.040914, -0.037488 
199991618197828, -0.041244, -0.051147, -0.015426 
199991638003736, 0.013143, -0.003449, 0.012843 
199991657840162, 0.047465, 0.047521, 0.007784 
199991677646070, 0.024876, 0.048219, -0.043366 
199991697451978, -0.019838, -0.015643, -0.046535 
199991717288404, -0.030454, -0.042685, -0.019534 
199991737094312, -0.020370, -0.038979, -0.011953 
199991756900220, 0.012046, 0.005782, 0.009258 
199991776736646, 0.044092, 0.044863, 0.008949 
199991796542554, 0.028562, 0.036174, -0.042243 
199991816348463, -0.023224, -0.015953, -0.038534 
199991836184888, -0.036277, -0.047831, -0.016422 
199991856021314, -0.021370, -0.034930, -0.020512 
199991875827222, 0.018486, 0.012457, 0.012561 
199991895663648, 0.033656, 0.046243, 0.012131 
199991915469556, 0.014078, 0.042350, -0.039162 
199991935305982, -0.007147, -0.016918, -0.040172 
199991955111890, -0.030216, -0.037427, -0.015710 
199991974917799, -0.026855, -0.045476, -0.005938 
199991994754224, 0.013417, 0.004594, 0.017388 
199992014560133, 0.040550, 0.045805, 0.023750 
199992034366041, 0.027691, 0.041926, -0.025614 
199992054202467, -0.021521, -0.019641, -0.029388 
199992074008375, -0.037179, -0.042148, -0.007599 
199992093814283, -0.019690, -0.043092, 0.011166 
199992113650709, 0.017794, 0.013831, 0.040866 
199992133487134, 0.033450, 0.057277, 0.004797 
199992153293043, 0.009245, 0.036838, -0.011544 
199992173129468, -0.016686, -0.031507, -0.027358 
199992192935377, -0.036887, -0.058253, 0.001313 
199992212741285, -0.000909, -0.035520, 0.031330 
199992232577711, 0.031569, 0.041960, 0.034917 
199992252383619, 0.042137, 0.052322, -0.003252 
199992272189527, -0.014731, -0.004978, -0.021655 
199992292025953, -0.037312, -0.034909, -0.004738 
199992311831861, -0.031616, -0.050201, 0.016227 
199992331637769, 0.018066, -0.002307, 0.041130 
199992351474195, 0.045047, 0.053253, 0.035139 
199992371280103, 0.020228, 0.040108, -0.009988 
199992391116529, -0.028962, -0.030432, -0.018901 
199992410952955, -0.044121, -0.045649, 0.004857 
199992430758863, -0.005586, -0.020788, 0.030142 
199992450595289, 0.038363, 0.030757, 0.036081 
199992470401197, 0.039689, 0.041490, 0.002493 
199992490207105, -0.007604, 0.012774, -0.027642 
199992510043531, -0.026042, -0.031641, -0.015160 
199992529849439, -0.034139, -0.046800, 0.006161 
199992549655347, 0.006376, -0.015213, 0.022151 
199992569491773, 0.029345, 0.040781, 0.032977 
199992589297681, 0.037435, 0.048636, -0.023644 
199992609103590, -0.016963, -0.019869, -0.029786 
199992628940015, -0.041328, -0.053933, -0.010291 
199992648745924, -0.023704, -0.045445, 0.015493 
199992668551832, 0.023393, 0.009228, 0.019608 
199992688388258, 0.036310, 0.050530, 0.009704 
199992708224683, 0.018972, 0.044181, -0.018379 
199992728030592, -0.023247, -0.017462, -0.015450 
199992747867017, -0.038614, -0.058538, -0.005687 
199992767672925, -0.016217, -0.042755, 0.015318 
199992787478834, 0.024151, 0.014614, 0.040263 
199992807315259, 0.049077, 0.053648, 0.011167 
199992827121168, 0.019749, 0.038179, -0.016948 
199992846957593, -0.027130, -0.025576, -0.021014 
199992866763502, -0.042586, -0.041180, 0.007441 
199992886569410, -0.008967, -0.042159, 0.009505 
199992906405836, 0.030479, 0.033241, 0.041562 
199992926211744, 0.040850, 0.050594, 0.012414 
199992946017652, 0.000218, 0.004933, -0.013444 
199992965854078, -0.036745, -0.029972, -0.010680 
199992985690504, -0.031065, -0.054453, 0.015117 
199993005496412, 0.011418, 0.000530, 0.040054 
199993025332838, 0.048329, 0.049285, 0.031792 
199993045138746, 0.025962, 0.038358, -0.010908 
199993064944654, -0.018788, -0.029808, -0.019790 
199993084781080, -0.034765, -0.052204, 0.001674 
199993104586988, -0.026851, -0.034304, 0.024743 
199993124392896, -0.025903, -0.033194, 0.023918 
199993144229322, 0.044413, 0.060641, 0.016191 
199993164035230, 0.008294, 0.028510, -0.009792 
199993183841138, -0.038437, -0.037466, -0.018735 
199993203677564, -0.029697, -0.051979, 0.018925 
199993223483472, 0.008354, -0.001693, 0.036791 
199993243289381, 0.040505, 0.046903, 0.037880 
199993263125806, 0.016077, 0.052475, -0.009637 
199993282962232, -0.014248, -0.004352, -0.020885 
199993302798658, -0.032450, -0.045646, 0.005255 
199993322604566, -0.026917, -0.049017, 0.021270 
199993342410474, 0.010581, 0.005561, 0.043681 
199993362246900, 0.042424, 0.046754, 0.037602 
199993382052808, 0.029499, 0.050012, -0.009919 
199993401858717, -0.024868, -0.014140, -0.014208 
199993421695142, -0.038327, -0.048622, 0.009386 
199993441501050, -0.016402, -0.037787, 0.009070 
199993461306959, 0.025823, 0.025892, 0.045776 
199993481143384, 0.048143, 0.052755, 0.016491 
199993500949293, 0.011436, 0.013731, -0.028008 
199993520755201, -0.037004, -0.046203, -0.003931 
199993540591627, -0.037800, -0.056264, -0.010745 
199993560428052, 0.023413, 0.010349, 0.040499 
199993580233961, 0.052992, 0.065939, 0.016029 
199993600070386, 0.014037, 0.033647, -0.026148 
199993619876295, -0.034953, -0.025341, -0.025276 
199993639682203, -0.047848, -0.052289, -0.008241 
199993659518629, 0.000053, -0.020501, 0.017478 
199993679324537, 0.039429, 0.047233, 0.019211 
199993699130445, 0.038167, 0.066437, -0.006873 
199993718966871, -0.016256, -0.007511, -0.029773 
199993738772779, -0.054740, -0.048471, -0.017207 
199993758578687, -0.025813, -0.042714, 0.006481 
199993778415113, 0.044266, 0.037309, 0.036338 
199993798221021, 0.052092, 0.063792, 0.002735 
199993818057447, -0.011349, 0.011670, -0.036659 
199993837893873, -0.041226, -0.046573, -0.012297 
199993857699781, -0.023836, -0.045282, -0.002644 
199993877536207, 0.027902, 0.014012, 0.032137 
199993897342115, 0.059187, 0.064397, 0.010250 
199993917148023, 0.005918, 0.029841, 0.005271 
199993936984449, -0.038645, -0.045429, -0.029606 
199993956790357, -0.046549, -0.055742, -0.005493 
199993976596265, 0.020517, 0.006912, 0.036347 
199993996432691, 0.059207, 0.069103, 0.021255 
199994016238599, 0.011013, 0.022814, -0.016461 
199994036044508, -0.038110, -0.051994, -0.006667 
199994055880933, -0.037022, -0.052607, -0.031892 
199994075686842, 0.021622, 0.024987, 0.066305 
199994095492750, 0.057053, 0.069707, 0.008571 
199994115329175, -0.001012, 0.013688, -0.035685 
199994135165601, -0.051813, -0.056202, 0.021025 
199994154971509, -0.033837, -0.056430, -0.018997 
199994174807935, 0.045977, 0.042562, 0.048719 
199994194613843, 0.035016, 0.057306, -0.015360 
199994214419752, -0.033164, -0.025604, 0.008281 
199994234256177, -0.064397, -0.087237, -0.061395 
199994254062086, 0.002801, -0.005714, 0.079439 
199994273867994, 0.067296, 0.073076, 0.002772 
199994293704420, 0.000104, 0.028981, -0.032015 
199994313510328, -0.050967, -0.053209, 0.036116 
199994333316236, -0.049448, -0.072281, -0.013663 
199994353152662, 0.054029, 0.045751, 0.065440 
199994372958570, 0.036316, 0.060606, -0.080136 
199994392794996, -0.043722, -0.031873, 0.082127 
199994412631422, -0.063024, -0.077115, -0.061711 
199994432437330, 0.047605, 0.036219, 0.049048 
199994452273756, 0.059721, 0.067367, -0.065929 
199994472079664, -0.051156, -0.032059, 0.081997 
199994491885572, -0.072753, -0.074985, -0.068771 
199994511721998, 0.050004, 0.026936, 0.039914 
199994531527906, 0.062043, 0.069955, -0.065511 
199994551333814, 0.060031, 0.067586, -0.063327 
199994571170240, -0.069134, -0.089683, -0.058900 
199994590976148, 0.041717, 0.036092, 0.047155 
199994610782056, 0.056566, 0.065159, -0.077003 
199994630618482, 0.054504, 0.062950, -0.074438 
199994650424390, -0.058514, -0.084916, -0.048831 
199994670230299, 0.056602, 0.045096, 0.080014 
199994690066724, 0.033960, 0.045872, -0.073001 
199994709903150, -0.068889, -0.059788, 0.019645 
199994729709058, -0.045955, -0.062678, -0.020340 
199994749545484, 0.057412, 0.055028, 0.072851 
199994769351392, -0.046219, -0.025493, -0.068361 
199994789187818, 0.012983, 0.010010, 0.021811 
199994808993726, -0.008215, -0.006328, 0.009522 
199994828799634, -0.005567, -0.001524, 0.013837 
199994848636060, -0.009939, 0.000803, 0.018007 
199994868441968, -0.007245, -0.001581, 0.015091 
199994888247877, -0.011558, 0.000746, 0.014588 
199994908084302, 0.000220, -0.003952, 0.009468 
199994927890211, -0.002044, -0.006175, 0.013784 
199994947696119, -0.004006, -0.008306, 0.008697 
199994967532545, -0.003816, -0.010148, 0.008410 
199994987368970, 0.001002, 0.001715, 0.010445 
199995007174879, -0.008218, 0.003932, 0.010097 
199995027011304, -0.007885, 0.003762, 0.009760 
199995046817213, 0.001685, -0.003349, 0.004803 
199995066623121, -0.002944, -0.003277, 0.011590 
199995086459547, -0.000471, -0.003206, 0.008888 
199995106265455, 0.001920, -0.007755, 0.003961 
199995126071363, -0.000398, -0.007538, 0.013092 
199995145907789, -0.000323, 0.001920, 0.010340 
199995165713697, -0.002569, 0.008982, 0.021562 
199995185550123, -0.011670, -0.002923, 0.016212 
199995205356031, -0.001974, -0.012340, 0.015668 
199995225161939, -0.004165, -0.009652, 0.015145 
199995244998365, -0.003967, -0.004980, 0.005389 
199995264834791, -0.003775, 0.004410, 0.012142 
199995284640699, -0.012836, 0.011154, 0.021001 
199995304477125, -0.003098, 0.013056, 0.006421 
199995324283033, -0.002933, 0.001015, 0.013140 
199995344088941, 0.002089, -0.010624, 0.015020 
199995363925367, 0.002081, -0.017259, 0.012204 
199995383731275, -0.002558, -0.009778, 0.009481 
199995403537183, 0.002221, -0.007178, 0.013797 
199995423373609, -0.000110, 0.011519, 0.008705 
199995443179517, -0.002596, 0.013412, 0.003796 
199995462985425, 0.002181, -0.005586, 0.001353 
199995482821851, 0.006799, -0.010055, 0.001308 
199995502627759, 0.002002, -0.009762, -0.005683 
199995522433668, -0.002634, -0.004861, 0.003770 
199995542270093, -0.007104, -0.002422, -0.000987 
199995562106519, -0.004262, 0.013354, 0.008291 
199995581912427, 0.000323, 0.005922, -0.003552 
199995601748853, 0.011938, -0.005647, -0.010364 
199995621554761, 0.002354, -0.011970, -0.010013 
199995641391187, -0.011545, 0.007121, -0.007360 
