3384535336619 -0.104782 -0.100006 9.779358  
3384555142527 -0.097595 -0.109573 9.791321  
3384574978953 -0.097595 -0.116745 9.808075  
3384594815379 -0.085632 -0.111969 9.774567  
3384614621287 -0.097595 -0.095215 9.767395  
3384634427195 -0.099991 -0.097610 9.810471  
3384654263621 -0.104782 -0.102402 9.769791  
3384674069529 -0.095215 -0.107178 9.832001  
3384693905955 -0.078461 -0.126328 9.762604  
3384713711863 -0.099991 -0.102402 9.788925  
3384733517771 -0.097595 -0.085648 9.781754  
3384753354197 -0.104782 -0.107178 9.776962  
3384773160105 -0.104782 -0.109573 9.827209  
3384792966014 -0.078461 -0.121536 9.800888  
3384812802439 -0.083237 -0.109573 9.774567  
3384832608348 -0.092819 -0.097610 9.788925  
3384852414256 -0.097595 -0.111969 9.800888  
3384872250682 -0.111954 -0.111969 9.796112  
3384892087107 -0.092819 -0.126328 9.827209  
3384911893016 -0.085632 -0.116745 9.781754  
3384931729441 -0.095215 -0.104782 9.776962  
3384951535350 -0.099991 -0.102402 9.808075  
3384971371775 -0.104782 -0.104782 9.772186  
3384991177684 -0.109558 -0.111969 9.843964  
3385010983592 -0.085632 -0.128708 9.769791  
3385030820018 -0.095215 -0.102402 9.810471  
3385050625926 -0.102386 -0.100006 9.781754  
3385070431834 -0.104782 -0.109573 9.786530  
3385090268260 -0.109558 -0.104782 9.829605  
3385110074168 -0.088028 -0.119141 9.800888  
3385129910594 -0.092819 -0.107178 9.784149  
3385149747020 -0.097595 -0.092819 9.798492  
3385169552928 -0.109558 -0.102402 9.808075  
3385189389354 -0.107178 -0.095215 9.776962  
3385209195262 -0.095215 -0.111969 9.834396  
3385229001170 -0.085632 -0.116745 9.767395  
3385248837596 -0.095215 -0.102402 9.793716  
3385268643504 -0.095215 -0.095215 9.784149  
3385288449412 -0.095215 -0.104782 9.772186  
3385308285838 -0.107178 -0.104782 9.817642  
3385328091746 -0.097595 -0.123932 9.798492  
3385347928172 -0.083237 -0.109573 9.762604  
3385367734080 -0.092819 -0.092819 9.781754  
3385387539988 -0.102386 -0.102402 9.798492  
3385407376414 -0.111954 -0.109573 9.764999  
3385427182322 -0.090424 -0.111969 9.824814  
3385447018748 -0.085632 -0.114365 9.760208  
3385466855174 -0.090424 -0.102402 9.788925  
3385486661082 -0.097595 -0.102402 9.767395  
3385506466990 -0.099991 -0.100006 9.774567  
3385526303416 -0.109558 -0.116745 9.803284  
3385546109324 -0.090424 -0.116745 9.791321  
3385565915232 -0.090424 -0.104782 9.769791  
3385585751658 -0.102386 -0.102402 9.764999  
3385605557566 -0.104782 -0.088043 9.791321  
3385625393992 -0.104782 -0.104782 9.767395  
3385645199900 -0.099991 -0.100006 9.793716  
3385665005809 -0.092819 -0.119141 9.800888  
3385684842234 -0.090424 -0.109573 9.757828  
3385704648143 -0.097595 -0.092819 9.753036  
3385724484568 -0.097595 -0.100006 9.796112  
3385744320994 -0.104782 -0.102402 9.750641  
3385764126902 -0.099991 -0.102402 9.805679  
3385783932811 -0.080856 -0.116745 9.776962  
3385803769236 -0.090424 -0.109573 9.745865  
3385823575145 -0.090424 -0.095215 9.755432  
3385843411570 -0.104782 -0.100006 9.779358  
3385863217479 -0.107178 -0.100006 9.750641  
3385883023387 -0.099991 -0.107178 9.810471  
3385902859813 -0.092819 -0.116745 9.774567  
3385922665721 -0.088028 -0.109573 9.757828  
3385942471629 -0.097595 -0.097610 9.757828  
3385962308055 -0.095215 -0.100006 9.769791  
3385982113963 -0.109558 -0.102402 9.757828  
3386001950389 -0.097595 -0.107178 9.812851  
3386021786814 -0.092819 -0.111969 9.786530  
3386041592723 -0.085632 -0.121536 9.755432  
3386061429148 -0.102386 -0.095215 9.769791  
3386081235057 -0.092819 -0.097610 9.760208  
3386101040965 -0.102386 -0.100006 9.764999  
3386120877391 -0.102386 -0.104782 9.798492  
3386140683299 -0.099991 -0.119141 9.776962  
3386160489207 -0.088028 -0.107178 9.755432  
3386180325633 -0.099991 -0.092819 9.753036  
3386200131541 -0.104782 -0.100006 9.784149  
3386219937449 -0.099991 -0.111969 9.748245  
3386239773875 -0.102386 -0.109573 9.810471  
3386259579783 -0.076065 -0.123932 9.750641  
3386279385691 -0.088028 -0.100006 9.769791  
3386299222117 -0.104782 -0.090424 9.757828  
3386319058543 -0.102386 -0.104782 9.748245  
3386338894969 -0.092819 -0.102402 9.793716  
3386358700877 -0.092819 -0.119141 9.774567  
3386378506785 -0.102386 -0.109573 9.750641  
3386398343211 -0.097595 -0.092819 9.750641  
3386418149119 -0.092819 -0.102402 9.774567  
3386437955027 -0.097595 -0.107178 9.745865  
3386457791453 -0.092819 -0.114365 9.815247  
3386477597361 -0.092819 -0.116745 9.753036  
3386497433787 -0.092819 -0.100006 9.769791  
3386517239695 -0.099991 -0.100006 9.764999  
