# Created at Tue Jun 01 16:19:40 GMT+02:00 2021 in Burnaby Canada 
3382573239451 0.000259 0.000000 -0.000122 
3382593075877 0.000259 0.000000 -0.000122 
3382612881785 0.000259 0.000000 -0.000122 
3382632718211 -0.000977 0.000000 0.001099 
3382652524119 0.000259 0.000000 -0.000122 
3382672360545 0.000259 0.000000 -0.000122 
3382692166453 0.000259 0.000000 -0.000122 
3382711972361 0.000259 0.000000 -0.000122 
3382731808787 0.000259 0.000000 -0.000122 
3382751614695 0.000259 0.000000 -0.000122 
3382771420604 0.000259 0.000000 -0.000122 
3382791257029 0.005142 0.000000 -0.000122 
3382811062938 -0.003418 -0.010986 0.001099 
3382830868846 -0.004639 0.003662 -0.000122 
3382850705271 -0.013184 -0.006104 -0.001343 
3382870541697 0.022232 0.009781 -0.001343 
3382890378123 -0.014420 -0.010986 -0.001343 
3382910184031 -0.024185 0.003662 -0.001343 
3382929989939 -0.002197 0.004898 -0.000122 
3382949826365 -0.002197 0.002457 -0.001343 
3382969632273 0.000259 0.000000 -0.001343 
3382989438182 0.000259 -0.002457 -0.001343 
3383009274607 -0.002197 -0.001221 -0.002563 
3383029080516 -0.002197 0.000000 -0.001343 
3383048886424 0.001465 0.000000 -0.001343 
3383068722850 0.001465 0.002457 -0.001343 
3383088528758 -0.002197 0.004898 -0.001343 
3383108365184 -0.000977 0.002457 -0.001343 
3383128171092 0.000259 -0.002457 -0.001343 
3383148007518 0.000259 -0.003662 -0.001343 
3383167843943 -0.002197 0.000000 -0.001343 
3383187649852 -0.003418 0.003662 -0.001343 
3383207455760 -0.000977 0.002457 -0.001343 
3383227292186 0.000259 -0.001221 -0.001343 
3383247098094 -0.000977 -0.003662 -0.001343 
3383266904002 -0.002197 0.000000 -0.001343 
3383286740428 -0.002197 0.003662 -0.001343 
3383306546336 -0.000977 0.002457 -0.001343 
3383326352244 -0.000977 0.000000 -0.001343 
3383346188670 -0.000977 -0.001221 -0.001343 
3383365994578 0.000259 0.000000 -0.001343 
3383385831004 -0.000977 0.001221 -0.001343 
3383405636912 -0.003418 0.002457 -0.001343 
3383425473338 0.000259 0.001221 -0.000122 
3383445309764 0.001465 -0.001221 -0.000122 
3383465115672 0.000259 -0.002457 0.001099 
3383484921580 -0.000977 0.001221 -0.000122 
3383504758006 -0.002197 0.002457 -0.000122 
3383524563914 0.000259 0.001221 -0.001343 
3383544400340 0.000259 0.000000 -0.001343 
3383564206248 -0.000977 -0.001221 -0.001343 
3383584012156 0.000259 0.001221 -0.000122 
3383603848582 0.000259 0.001221 -0.000122 
3383623654490 0.001465 -0.001221 0.001099 
3383643460398 0.000259 -0.003662 -0.000122 
3383663296824 -0.000977 -0.001221 -0.000122 
3383683102732 -0.000977 0.001221 -0.000122 
3383702908641 -0.002197 0.002457 0.001099 
3383722745066 -0.000977 0.001221 0.001099 
3383742581492 -0.000977 -0.001221 -0.000122 
3383762417918 0.000259 0.000000 -0.001343 
3383782223826 0.000259 -0.001221 0.001099 
3383802029734 0.000259 -0.001221 0.001099 
3383821866160 -0.000977 0.000000 -0.000122 
3383841672068 0.000259 0.000000 -0.000122 
3383861477977 0.000259 0.000000 -0.000122 
3383881314402 0.000259 0.000000 -0.000122 
3383901120311 0.000259 0.000000 -0.000122 
3383920926219 0.000259 0.001221 -0.000122 
3383940762645 -0.000977 0.000000 -0.001343 
3383960568553 0.000259 0.000000 0.003540 
3383980374461 -0.000977 0.000000 0.003540 
3384000210887 -0.000977 0.002457 0.002319 
3384020047313 0.000259 0.002457 -0.001343 
3384039883738 0.000259 -0.001221 -0.000122 
3384059689646 0.000259 0.000000 -0.001343 
3384079495555 -0.000977 0.000000 -0.000122 
3384099331980 -0.000977 0.001221 -0.001343 
3384119137889 -0.000977 0.000000 -0.000122 
3384138943797 0.000259 0.000000 -0.000122 
3384158780223 -0.000977 -0.001221 -0.000122 
3384178586131 0.000259 -0.001221 -0.000122 
3384198392039 0.000259 0.000000 -0.000122 
3384218228465 0.000259 0.000000 -0.000122 
3384238034373 0.000259 0.000000 -0.000122 
3384257840281 0.000259 -0.001221 -0.000122 
3384277676707 -0.000977 0.000000 -0.000122 
3384297513133 0.000259 0.000000 0.001099 
3384317349559 0.000259 0.001221 0.001099 
3384337155467 0.000259 0.000000 -0.000122 
3384356961375 0.000259 0.000000 -0.000122 
3384376797801 0.000259 -0.001221 -0.000122 
3384396603709 0.000259 0.000000 -0.000122 
3384416409617 0.000259 0.001221 -0.000122 
3384436246043 -0.000977 0.000000 0.001099 
3384456051951 0.000259 -0.001221 0.001099 
3384475888377 0.000259 0.000000 -0.000122 
3384495694285 0.000259 0.001221 -0.000122 
3384515500193 -0.000977 0.000000 -0.000122 
3384535336619 0.000259 0.000000 -0.000122 
3384555142527 0.000259 0.001221 -0.000122 
3384574978953 0.001465 0.001221 -0.000122 
3384594815379 0.000259 0.000000 -0.000122 
3384614621287 0.000259 0.000000 -0.000122 
3384634427195 0.000259 -0.001221 -0.000122 
3384654263621 0.000259 0.000000 -0.000122 
3384674069529 0.000259 0.000000 -0.001343 
3384693905955 0.000259 0.000000 -0.000122 
3384713711863 0.000259 -0.001221 -0.000122 
3384733517771 -0.000977 0.000000 -0.000122 
3384753354197 -0.000977 0.000000 -0.000122 
3384773160105 -0.000977 -0.001221 -0.000122 
3384792966014 0.000259 0.000000 -0.000122 
3384812802439 0.001465 0.000000 -0.000122 
3384832608348 0.000259 0.000000 -0.000122 
3384852414256 0.000259 0.000000 -0.000122 
3384872250682 0.000259 0.000000 -0.000122 
3384892087107 -0.000977 0.000000 -0.000122 
3384911893016 -0.000977 0.000000 -0.000122 
3384931729441 0.000259 0.000000 -0.000122 
3384951535350 -0.000977 0.000000 -0.000122 
3384971371775 0.000259 0.000000 -0.000122 
3384991177684 0.000259 -0.001221 0.001099 
3385010983592 -0.000977 0.000000 -0.000122 
3385030820018 0.000259 0.000000 -0.001343 
3385050625926 0.000259 0.000000 -0.000122 
3385070431834 0.000259 0.000000 -0.000122 
3385090268260 0.000259 0.001221 -0.000122 
3385110074168 0.000259 -0.001221 -0.000122 
3385129910594 0.000259 0.000000 -0.000122 
3385149747020 0.000259 0.000000 -0.000122 
3385169552928 0.001465 -0.001221 -0.000122 
3385189389354 0.000259 0.001221 -0.000122 
3385209195262 0.000259 0.000000 -0.000122 
3385229001170 -0.000977 0.000000 -0.000122 
3385248837596 0.000259 0.001221 -0.000122 
3385268643504 0.000259 0.000000 -0.000122 
3385288449412 -0.000977 0.000000 -0.000122 
3385308285838 0.000259 0.000000 -0.000122 
3385328091746 -0.000977 0.000000 -0.000122 
3385347928172 -0.000977 0.000000 -0.000122 
3385367734080 0.000259 0.000000 -0.000122 
3385387539988 0.000259 0.000000 -0.000122 
3385407376414 0.000259 0.000000 -0.000122 
3385427182322 0.000259 0.000000 -0.000122 
3385447018748 0.000259 0.000000 -0.000122 
3385466855174 0.001465 0.000000 -0.000122 
3385486661082 0.000259 0.000000 -0.001343 
3385506466990 -0.000977 0.000000 -0.000122 
3385526303416 0.000259 0.000000 -0.000122 
3385546109324 0.000259 0.000000 -0.000122 
3385565915232 0.000259 0.000000 -0.000122 
3385585751658 0.000259 0.000000 0.002319 
3385605557566 0.000259 0.000000 0.001099 
3385625393992 -0.000977 -0.001221 -0.001343 
3385645199900 0.000259 0.001221 -0.002563 
3385665005809 0.000259 0.000000 -0.000122 
3385684842234 0.000259 0.000000 -0.000122 
3385704648143 0.000259 0.001221 -0.000122 
3385724484568 0.000259 -0.001221 -0.000122 
3385744320994 -0.000977 0.001221 -0.000122 
3385764126902 0.000259 0.000000 -0.000122 
3385783932811 0.000259 0.000000 -0.000122 
3385803769236 0.000259 0.000000 -0.000122 
3385823575145 0.000259 -0.001221 -0.000122 
3385843411570 0.000259 0.000000 -0.001343 
3385863217479 0.000259 0.000000 -0.000122 
3385883023387 0.000259 0.000000 -0.000122 
3385902859813 -0.000977 0.000000 -0.000122 
3385922665721 0.000259 -0.001221 0.001099 
3385942471629 0.000259 -0.002457 -0.000122 
3385962308055 -0.000977 0.000000 0.001099 
3385982113963 0.000259 0.000000 -0.000122 
3386001950389 0.001465 0.001221 -0.001343 
3386021786814 0.000259 0.000000 -0.000122 
3386041592723 0.000259 0.000000 -0.000122 
3386061429148 0.001465 0.000000 -0.000122 
3386081235057 0.000259 0.000000 -0.000122 
3386101040965 0.000259 -0.001221 -0.000122 
3386120877391 -0.000977 -0.001221 -0.000122 
3386140683299 -0.000977 0.000000 -0.000122 
3386160489207 0.001465 0.000000 -0.000122 
3386180325633 0.000259 0.000000 -0.000122 
3386200131541 0.000259 0.000000 -0.000122 
3386219937449 0.000259 0.001221 -0.000122 
3386239773875 0.000259 0.001221 -0.000122 
3386259579783 0.000259 0.000000 -0.000122 
3386279385691 0.000259 0.000000 -0.000122 
3386299222117 0.000259 0.000000 -0.000122 
3386319058543 -0.000977 0.000000 -0.000122 
3386338894969 -0.000977 0.000000 -0.000122 
3386358700877 0.000259 0.001221 -0.000122 
3386378506785 -0.000977 0.000000 -0.000122 
3386398343211 0.000259 0.000000 -0.001343 
3386418149119 -0.000977 0.001221 -0.001343 
3386437955027 0.000259 0.000000 -0.000122 
3386457791453 0.000259 0.000000 -0.000122 
3386477597361 0.000259 0.000000 -0.000122 
3386497433787 0.000259 0.001221 -0.001343 
3386517239695 0.000259 0.000000 -0.000122 
3386537045604 0.000259 0.001221 -0.000122 
3386556882029 -0.000977 0.000000 0.002319 
3386576718455 -0.000977 0.000000 -0.000122 
3386596524363 -0.000977 0.000000 -0.000122 
3386616360789 0.000259 0.000000 -0.000122 
3386636166697 0.001465 0.000000 -0.000122 
3386655972605 0.000259 0.000000 -0.000122 
3386675809031 -0.000977 0.000000 0.001099 
3386695614939 0.000259 0.000000 -0.000122 
3386715451365 -0.000977 -0.002457 -0.001343 
3386735257273 0.000259 0.000000 -0.002563 
3386755063182 0.000259 0.000000 -0.001343 
3386774899607 0.000259 0.000000 -0.000122 
3386794705516 0.000259 0.000000 -0.000122 
3386814511424 0.000259 0.000000 -0.000122 
3386834347850 -0.000977 -0.001221 -0.000122 
3386854153758 0.000259 -0.001221 -0.000122 
3386873990184 -0.000977 -0.001221 -0.000122 
3386893826609 -0.000977 -0.001221 -0.000122 
3386913632518 0.000259 0.000000 -0.000122 
3386933468943 -0.000977 -0.001221 -0.000122 
3386953274852 -0.002197 0.000000 0.001099 
3386973080760 -0.000977 0.000000 -0.000122 
3386992917186 0.000259 0.000000 -0.000122 
3387012723094 0.000259 -0.001221 -0.000122 
3387032529002 0.000259 0.000000 -0.000122 
3387052365428 -0.000977 0.000000 -0.000122 
3387072171336 0.000259 0.000000 -0.000122 
3387091977244 -0.000977 0.000000 0.001099 
3387111813670 0.000259 0.000000 -0.000122 
3387131619578 0.000259 0.000000 -0.000122 
3387151456004 0.000259 0.000000 -0.000122 
3387171292430 0.000259 0.000000 -0.000122 
3387191098338 0.000259 0.000000 -0.000122 
3387210934764 -0.000977 0.000000 -0.000122 
3387230740672 0.001465 0.000000 -0.000122 
3387250546580 -0.000977 0.001221 -0.000122 
3387270383006 0.001465 -0.001221 -0.000122 
3387290188914 0.000412 0.000000 -0.000015 
3387309994822 0.000412 0.000000 -0.000015 
3387329831248 0.000412 0.000000 -0.000015 
3387349637156 0.001617 0.000000 -0.000015 
3387369443064 0.000412 0.001221 -0.000015 
3387389279490 -0.000824 0.000000 -0.000015 
3387409085398 -0.002045 0.002457 -0.000015 
3387428921824 -0.000824 0.002457 -0.000015 
3387448758250 0.000412 0.000000 -0.000015 
3387468564158 0.001617 -0.002457 -0.001236 
3387488400584 0.001617 0.000000 -0.002457 
3387508206492 0.000412 0.000000 -0.000015 
3387528042918 -0.000824 0.000000 -0.000015 
3387547848826 0.000412 0.000000 -0.000015 
3387567654734 -0.000824 0.000000 -0.000015 
3387587491160 0.000412 0.000000 0.001205 
3387607297068 -0.000824 0.000000 0.001205 
3387627102977 -0.000824 -0.001221 0.001205 
3387646939402 -0.002045 0.002457 -0.000015 
3387666745311 0.000412 0.002457 -0.000015 
3387686551219 0.000412 0.001221 -0.000015 
3387706387645 0.000412 0.002457 -0.000015 
3387726224070 0.000412 0.001221 -0.001236 
3387746060496 0.000412 0.000000 -0.000015 
3387765866404 0.000412 0.000000 -0.000015 
3387785672313 0.000412 0.000000 -0.000015 
3387805508738 -0.000824 0.001221 -0.000015 
3387825314646 0.000412 -0.001221 -0.000015 
3387845120555 -0.000824 0.002457 -0.000015 
3387864956980 -0.000824 0.002457 -0.000015 
3387884762889 0.000412 -0.001221 -0.000015 
3387904568797 0.001617 -0.001221 0.001205 
3387924405223 0.000412 0.002457 -0.000015 
3387944211131 -0.000824 0.001221 -0.000015 
3387964047557 -0.002045 0.001221 -0.000015 
3387983853465 0.001617 0.000000 -0.000015 
3388003689891 0.000412 0.000000 -0.000015 
3388023526316 0.001617 0.000000 -0.000015 
3388043332225 0.001617 0.000000 -0.000015 
3388063138133 0.000412 0.001221 -0.000015 
3388082974559 0.000412 0.000000 -0.000015 
3388102780467 0.000412 0.000000 -0.000015 
3388122616893 0.000412 0.000000 -0.000015 
3388142422801 0.000412 0.001221 -0.000015 
3388162228709 -0.000824 0.002457 -0.000015 
3388182065135 0.000412 0.000000 0.001205 
3388201871043 0.001617 0.001221 -0.000015 
3388221676951 0.000412 0.000000 -0.000015 
3388241513377 0.000412 0.000000 -0.000015 
3388261319285 -0.000824 -0.001221 -0.000015 
3388281125193 0.000412 0.000000 -0.000015 
3388300961619 0.000412 0.001221 -0.000015 
3388320798045 0.000412 0.000000 -0.000015 
3388340634471 0.000412 -0.001221 0.001205 
3388360440379 0.000412 -0.001221 -0.000015 
3388380246287 0.000412 0.001221 -0.000015 
3388400082713 0.001617 0.000000 -0.000015 
3388419888621 0.000412 0.000000 -0.000015 
3388439694529 0.000412 0.000000 -0.000015 
3388459530955 0.000412 0.001221 -0.000015 
3388479336863 0.000412 0.000000 -0.000015 
3388499142771 0.000412 -0.001221 -0.000015 
3388518979197 0.001617 0.001221 -0.000015 
3388538785105 0.001617 0.001221 -0.001236 
3388558621531 0.000412 -0.001221 -0.000015 
3388578457957 -0.000824 0.001221 -0.000015 
3388598263865 0.000412 -0.001221 0.001205 
3388618103585 0.000412 0.000000 -0.000015 
3388637909493 0.000412 0.000000 -0.000015 
3388657715401 0.000412 0.001221 0.001205 
3388677551827 0.000412 0.000000 0.001205 
3388697357735 0.001617 0.000000 -0.000015 
3388717163644 0.000412 0.000000 -0.000015 
3388737000069 0.000412 0.000000 -0.000015 
3388756805978 0.000412 0.000000 -0.000015 
3388776642403 0.001617 0.001221 -0.000015 
3388796448312 0.000412 0.000000 -0.000015 
3388816254220 0.000412 0.000000 -0.000015 
3388836090646 -0.000824 0.000000 -0.000015 
3388855896554 0.000412 0.001221 -0.000015 
3388875732980 0.001617 0.000000 -0.000015 
3388895569405 -0.005707 0.003662 -0.000015 
3388915375314 -0.002045 -0.002457 -0.000015 
3388935211739 0.000412 -0.004898 -0.000015 
3388955017648 0.005295 0.001221 -0.000015 
3388974823556 0.011398 -0.001221 -0.000015 
3388994659982 0.004059 0.000000 -0.000015 
3389014465890 0.001617 0.000000 -0.000015 
3389034271798 0.002853 0.001221 -0.000015 
3389054108224 0.001617 0.001221 -0.000015 
3389073914132 0.000412 0.000000 -0.000015 
3389093750558 0.000412 0.000000 -0.000015 
3389113556466 -0.002045 0.000000 -0.001236 
3389133362374 -0.000824 0.001221 -0.001236 
3389153198800 0.000412 0.002457 -0.001236 
3389173035226 0.000412 0.001221 -0.000015 
3389192841134 0.002853 0.002457 -0.000015 
3389212677560 0.001617 0.001221 -0.000015 
3389232483468 0.000412 0.000000 -0.000015 
3389252289376 -0.002045 -0.001221 0.001205 
3389272125802 -0.000824 0.000000 -0.000015 
3389291931710 0.000412 0.001221 -0.000015 
3389311768136 0.000412 0.000000 -0.000015 
3389331574044 0.000412 0.000000 0.001205 
3389351379952 0.000412 0.000000 0.001205 
3389371216378 0.000412 0.000000 -0.000015 
3389391022286 0.001617 0.000000 -0.000015 
3389410828194 0.000412 0.001221 -0.000015 
3389430664620 0.001617 0.000000 -0.000015 
3389450501046 0.001617 0.000000 -0.000015 
3389470306954 0.000412 0.000000 -0.000015 
3389490143380 0.000412 0.000000 0.001205 
3389509949288 0.000412 0.000000 0.001205 
3389529785714 0.000412 0.000000 0.001205 
3389549591622 0.000412 0.000000 0.001205 
3389569397530 0.000412 0.000000 0.001205 
3389589233956 0.000412 0.000000 -0.000015 
3389609039864 0.000412 0.001221 -0.000015 
3389628845773 0.000412 0.001221 -0.000015 
3389648682198 0.000412 0.000000 -0.000015 
3389668488107 0.000412 -0.001221 0.001205 
3389688324532 0.000412 0.000000 0.001205 
3389708130440 -0.000824 0.000000 -0.000015 
3389727966866 0.000412 -0.001221 -0.000015 
3389747803292 0.000412 0.000000 -0.000015 
3389767609200 0.000412 0.000000 -0.000015 
3389787415108 0.000412 0.000000 0.001205 
3389807251534 0.000412 0.000000 0.001205 
