# Created at Sat Jun 12 23:35:43 GMT+02:00 2021 in Copenhagen 
199922332282204, -0.004445, -0.004595, 0.057482 
199922352118630, -0.001903, 0.007096, 0.046304 
199922371924538, 0.000537, 0.006836, 0.044762 
199922391730446, 0.005455, -0.011694, 0.047908 
199922411566872, 0.005351, -0.015948, 0.053245 
199922431372780, -0.003998, 0.000971, 0.058421 
199922451209206, -0.006336, -0.006020, 0.058787 
199922471015114, 0.003199, 0.005721, 0.052197 
199922490821022, 0.010112, 0.003426, 0.057394 
199922510657448, 0.002668, 0.010702, 0.055485 
199922530463356, 0.002419, -0.007955, 0.049020 
199922550269264, 0.004270, -0.014413, 0.049700 
199922570105690, -0.007134, -0.004472, 0.057298 
199922589942116, -0.009142, 0.005140, 0.057707 
199922609748024, 0.007660, 0.009812, 0.058091 
199922629584450, 0.012094, 0.007382, 0.049226 
199922649390358, 0.016628, 0.002713, 0.054524 
199922669196266, 0.002499, -0.006416, 0.048097 
199922689032692, -0.016006, -0.012925, 0.046497 
199922708838600, -0.026732, -0.019232, 0.056518 
199922728644508, -0.004726, -0.016063, 0.054640 
199922748480934, 0.007299, -0.003751, 0.041261 
199922768286842, 0.016606, 0.015098, 0.049140 
199922788092751, 0.006880, 0.019421, 0.035941 
199922807929176, 0.004413, 0.007183, 0.043992 
199922827735085, -0.014386, -0.006963, 0.028644 
199922847571510, 0.002353, -0.025253, 0.036953 
199922867407936, 0.002580, -0.019818, 0.047289 
199922887213844, 0.016449, 0.006263, 0.029518 
199922907019753, 0.011362, 0.019908, 0.021603 
199922926856178, 0.004115, 0.016902, 0.025500 
199922946662087, -0.007739, 0.011693, 0.040844 
199922966498512, -0.009719, -0.020881, 0.016358 
199922986304421, 0.004561, -0.031773, 0.018129 
199923006110329, 0.016048, -0.012226, 0.024459 
199923025946755, 0.006343, 0.015915, 0.028276 
199923045752663, 0.003894, 0.026923, 0.025019 
199923065558571, 0.003842, 0.026232, 0.024188 
199923085394997, -0.000824, 0.027647, 0.028000 
199923105200905, 0.001582, -0.033452, 0.020135 
199923125006813, -0.005325, -0.036980, 0.014833 
199923144843239, 0.006495, -0.010330, 0.025904 
199923164679665, -0.000578, 0.010804, 0.029673 
199923184485573, -0.002800, 0.031233, 0.026369 
199923204321999, -0.004946, 0.030168, 0.020874 
199923224127907, 0.004545, -0.000925, 0.017863 
199923243933815, 0.006554, -0.026364, 0.021883 
199923263770241, 0.008730, -0.039158, 0.035037 
199923283576149, 0.003883, -0.028628, 0.019990 
199923303412575, -0.009820, 0.002612, 0.023962 
199923323218483, -0.000154, 0.030495, 0.020851 
199923343024391, 0.004543, 0.029455, 0.027104 
199923362860817, 0.006786, 0.005304, 0.026202 
199923382666725, -0.013713, -0.047624, 0.013777 
199923402472633, 0.068002, 0.058248, 0.022573 
199923422309059, -0.079672, -0.091519, 0.021827 
199923442145485, -0.030222, -0.051018, -0.043656 
199923461951393, 0.006011, 0.011032, 0.029509 
199923481787819, 0.013527, 0.013425, 0.060932 
199923501593727, 0.010839, -0.005546, 0.051954 
199923521430153, 0.011018, -0.005153, 0.050232 
199923541236061, 0.017896, 0.006325, 0.030062 
199923561041969, 0.008357, 0.017655, 0.019815 
199923580878395, 0.014867, 0.026291, 0.014521 
199923600684303, 0.028079, 0.043903, 0.007088 
199923620490212, 0.022598, 0.042419, -0.000080 
199923640326637, 0.010122, 0.022470, -0.009328 
199923660132546, -0.025066, -0.022243, 0.007162 
199923679938454, -0.031102, -0.051601, 0.048564 
199923699774880, -0.037156, -0.068416, 0.007619 
199923719580788, -0.015033, -0.068457, -0.064335 
199923739417214, 0.006122, -0.006062, 0.081223 
199923759253639, 0.036069, 0.051937, 0.050756 
199923779059548, 0.041416, 0.082571, 0.012051 
199923798865456, 0.024155, 0.061523, -0.016105 
199923818701882, -0.003412, 0.006714, -0.022483 
199923838507790, -0.021041, -0.055518, 0.003711 
199923858344216, -0.025340, -0.065258, 0.024408 
199923878150124, -0.019803, -0.056159, -0.057368 
199923897956032, -0.000556, 0.001194, 0.013945 
199923917761940, 0.029829, 0.070531, 0.055108 
199923937598366, 0.042791, 0.073007, -0.013794 
199923957404274, 0.025259, 0.035858, -0.050342 
199923977210182, 0.001364, -0.016015, -0.020900 
199923997046608, -0.033547, -0.054829, 0.000607 
199924016883034, -0.036970, -0.064589, -0.008660 
199924036719460, -0.017169, -0.030065, -0.089334 
199924056525368, 0.013555, 0.040298, 0.110250 
199924076331276, 0.040704, 0.069241, -0.009066 
199924096167702, 0.044040, 0.046082, -0.029590 
199924115973610, 0.007958, 0.014693, -0.030915 
199924135779518, -0.033641, -0.031843, -0.015999 
199924155615944, -0.041692, -0.049082, 0.007667 
199924175421852, -0.026581, -0.054402, -0.064292 
199924195258278, 0.016020, 0.000577, 0.032696 
199924215064186, 0.047935, 0.051425, 0.038540 
199924234870094, 0.057977, 0.063567, -0.029828 
199924254706520, 0.018881, 0.035978, -0.047333 
199924274512428, -0.027927, -0.020519, -0.027255 
199924294318337, -0.043116, -0.049934, 0.010662 
199924314154762, -0.034674, -0.062170, -0.047513 
199924333991188, 0.006110, -0.020794, -0.034362 
199924353797096, 0.036285, 0.049263, 0.068563 
199924373633522, 0.049031, 0.070975, -0.028547 
199924393439430, 0.017393, 0.052393, -0.050737 
199924413245339, -0.031683, -0.006964, -0.032846 
199924433081764, -0.039800, -0.050711, 0.009889 
199924452887673, -0.026834, -0.072172, -0.034395 
199924472693581, 0.004211, -0.023534, -0.030932 
199924492530007, 0.029573, 0.044314, 0.071876 
199924512335915, 0.044858, 0.075190, -0.025348 
199924532141823, 0.022629, 0.049529, -0.040697 
199924551978249, -0.012974, -0.003036, -0.020845 
199924571784157, -0.045094, -0.058461, -0.003957 
199924591620583, -0.032185, -0.065798, -0.010759 
199924611457008, -0.005592, -0.045117, -0.063603 
199924631262917, 0.033993, 0.041944, 0.098114 
199924651099342, 0.053748, 0.068282, -0.009233 
199924670905251, 0.031219, 0.056734, -0.029751 
199924690711159, -0.020634, 0.008548, -0.017194 
199924710547585, -0.031435, -0.047265, -0.009672 
199924730353493, -0.037244, -0.066540, -0.007033 
199924750159401, -0.008182, -0.048150, -0.071566 
199924769995827, 0.031490, 0.034395, 0.099666 
199924789801735, 0.051343, 0.070233, -0.016995 
199924809607643, 0.024263, 0.067869, -0.032609 
199924829444069, -0.015566, 0.003134, -0.029218 
199924849249977, -0.038334, -0.057146, 0.001830 
199924869055885, -0.041612, -0.080708, -0.016742 
199924888892311, 0.003806, -0.034086, -0.018484 
199924908728737, 0.038213, 0.057239, 0.072327 
199924928534645, 0.052962, 0.066872, -0.024915 
199924948371071, 0.019127, 0.046341, -0.033326 
199924968176979, -0.025374, -0.015366, -0.009086 
199924987982887, -0.040648, -0.070397, 0.023595 
199925007819313, -0.023022, -0.075006, -0.058140 
199925027625221, 0.012513, 0.003803, 0.075636 
199925047461647, 0.044551, 0.063786, 0.008348 
199925067267555, 0.043141, 0.073200, -0.026622 
199925087073464, -0.009343, 0.026568, -0.028055 
199925106909889, -0.034634, -0.041425, -0.003979 
199925126715798, -0.038254, -0.081707, 0.003084 
199925146521706, -0.004761, -0.058180, -0.061789 
199925166358132, 0.027616, 0.029550, 0.104501 
199925186194557, 0.045283, 0.072717, -0.000755 
199925206000466, 0.020487, 0.070269, -0.030793 
199925225836891, -0.017129, -0.001248, -0.018199 
199925245642800, -0.032678, -0.063682, 0.012469 
199925265448708, -0.033829, -0.073147, -0.027269 
199925285285133, 0.006701, -0.033727, 0.022213 
199925305091042, 0.038944, 0.052955, 0.060798 
199925324896950, 0.040022, 0.071978, -0.015244 
199925344733376, 0.011019, 0.055690, -0.028615 
199925364539284, -0.012416, -0.013040, -0.013778 
199925384345192, -0.039672, -0.060967, 0.021378 
199925404181618, -0.038274, -0.079786, -0.014027 
199925423987526, 0.002401, -0.026262, -0.008926 
199925443823952, 0.037089, 0.053238, 0.067704 
199925463660378, 0.038244, 0.069952, -0.013200 
199925483466286, 0.020848, 0.049085, -0.022007 
199925503302712, -0.012396, -0.008080, -0.007396 
199925523108620, -0.022309, -0.045321, 0.013644 
199925542914528, -0.033749, -0.060242, 0.015494 
199925562750954, -0.014037, -0.051325, -0.033593 
199925582556862, 0.002687, -0.005449, 0.034599 
199925602362770, 0.028120, 0.040963, 0.068154 
199925622199196, 0.034202, 0.062939, -0.008130 
199925642005104, 0.022730, 0.047632, -0.017099 
199925661811012, -0.005254, 0.004633, -0.021137 
199925681647438, -0.030681, -0.037185, 0.002694 
199925701453346, -0.036530, -0.059097, 0.009538 
199925721259255, -0.026208, -0.054835, -0.039354 
199925741095680, 0.002267, 0.011723, 0.061416 
199925760932106, 0.041576, 0.059895, 0.029308 
199925780738014, 0.037728, 0.057878, -0.015626 
199925800574440, 0.017801, 0.023768, -0.024352 
199925820380348, -0.015327, -0.041816, 0.001902 
199925840186257, -0.049682, -0.070506, 0.006454 
199925860022682, -0.031989, -0.063563, -0.046952 
199925879828591, 0.020041, 0.026429, 0.091083 
199925899634499, 0.051825, 0.062532, -0.006796 
199925919470925, 0.045559, 0.060422, -0.025065 
199925939276833, -0.007003, 0.009809, -0.026547 
199925959082741, -0.039083, -0.039117, -0.007150 
199925978919167, -0.053882, -0.060967, -0.004609 
199925998725075, -0.005988, -0.026348, -0.041463 
199926018561501, 0.035693, 0.030260, 0.089456 
199926038397926, 0.062338, 0.043341, -0.019930 
199926058203835, 0.013603, 0.034464, -0.040089 
199926078040260, -0.017070, -0.006017, -0.013310 
199926097846169, -0.065246, -0.038231, 0.005643 
199926117652077, -0.037785, -0.052943, -0.043131 
199926137488503, 0.025765, -0.000311, 0.064713 
199926157294411, 0.066621, 0.041316, -0.011460 
199926177100319, 0.041351, 0.047079, -0.020323 
199926196936745, -0.015469, 0.022589, -0.026589 
199926216742653, -0.059280, -0.022356, -0.009515 
199926236548561, -0.056998, -0.047079, 0.000054 
199926256384987, 0.007430, -0.033735, -0.030005 
199926276190895, 0.055827, 0.034453, 0.084337 
199926296027321, 0.063292, 0.054324, -0.027194 
199926315863747, 0.012455, 0.043239, -0.033222 
199926335669655, -0.039004, -0.002412, -0.002059 
199926355506081, -0.065157, -0.046062, 0.009581 
199926375311989, -0.022888, -0.051036, -0.023101 
199926395117897, 0.033467, 0.001532, 0.072499 
199926414954323, 0.065037, 0.043328, -0.015491 
199926434760231, 0.025706, 0.057826, -0.017297 
199926454566139, -0.019247, 0.025796, -0.012091 
199926474402565, -0.051155, -0.035452, -0.004745 
199926494208473, -0.046828, -0.068536, 0.002356 
199926514014382, 0.017024, -0.036197, -0.018538 
199926533850807, 0.058636, 0.030216, 0.081553 
199926553656716, 0.056994, 0.059489, -0.022936 
199926573462624, 0.006136, 0.050307, -0.017562 
199926593299050, -0.049513, -0.006664, 0.001538 
199926613135475, -0.049872, -0.063836, 0.008429 
199926632941383, -0.015045, -0.065671, -0.017278 
199926652777809, 0.041271, 0.012823, 0.082777 
199926672583717, 0.067500, 0.060729, -0.007884 
199926692389626, 0.021618, 0.065844, -0.009931 
199926712226051, -0.032696, 0.010659, -0.016549 
199926732031960, -0.040782, -0.042688, 0.016397 
199926751868385, -0.023403, -0.060010, -0.016546 
199926771674294, 0.021872, -0.002283, 0.071911 
199926791480202, 0.050584, 0.057445, 0.002431 
199926811316628, 0.027465, 0.050412, -0.013860 
199926831122536, -0.021945, 0.014013, -0.027277 
199926850928444, -0.046813, -0.044316, 0.010638 
199926870734352, -0.033616, -0.058806, -0.015157 
199926890570778, 0.018931, -0.007601, 0.031620 
199926910407204, 0.060480, 0.050680, 0.025958 
199926930243630, 0.044428, 0.060066, -0.014239 
199926950049538, -0.019429, 0.006691, -0.016086 
199926969855446, -0.050864, -0.025701, -0.013227 
199926989691872, -0.049327, -0.075756, -0.010472 
199927009497780, 0.007679, -0.020051, -0.000876 
199927029303688, 0.041957, 0.049751, 0.061600 
199927049140114, 0.045268, 0.062180, -0.023715 
199927068946022, 0.000116, 0.018903, -0.025231 
199927088751930, -0.052771, -0.034475, -0.008185 
199927108588356, -0.046554, -0.065741, 0.001334 
199927128394264, -0.001208, -0.026562, -0.028788 
199927148200173, 0.037764, 0.041161, 0.071624 
199927168036598, 0.054841, 0.079093, -0.020978 
199927187873024, 0.003817, 0.036649, -0.038789 
199927207709450, -0.033939, -0.034671, -0.014383 
199927227515358, -0.051241, -0.077264, -0.004652 
199927247321266, -0.014750, -0.044636, -0.025309 
199927267157692, 0.036702, 0.033163, 0.070365 
199927286963600, 0.053356, 0.075514, -0.019891 
199927306769508, 0.014647, 0.045210, -0.035408 
199927326605934, -0.036189, -0.032190, -0.015719 
199927346411842, -0.055489, -0.076933, -0.001307 
199927366217751, -0.019105, -0.058196, -0.029025 
199927386054176, 0.032495, 0.031616, 0.071404 
199927405860085, 0.050449, 0.070093, -0.021165 
199927425665993, 0.019015, 0.056166, -0.029718 
199927445502419, -0.030115, -0.021828, -0.024093 
199927465338844, -0.057258, -0.067623, 0.006779 
199927485144753, -0.022894, -0.065395, -0.007326 
199927504981178, 0.017271, 0.024655, 0.048424 
199927524787087, 0.044297, 0.055973, -0.001768 
199927544592995, 0.029716, 0.066337, -0.022504 
199927564429421, -0.021853, 0.002112, -0.028692 
199927584235329, -0.046493, -0.067381, -0.004592 
199927604041237, -0.028906, -0.074407, -0.002140 
199927623877663, 0.020472, 0.011314, 0.058081 
199927643683571, 0.047624, 0.052326, 0.002939 
199927663519997, 0.031999, 0.052645, -0.004111 
199927683325905, -0.001828, 0.022877, -0.013230 
199927703131813, -0.039178, -0.038271, -0.010481 
199927722968239, -0.047279, -0.078886, -0.005505 
199927742804665, 0.010123, -0.017980, 0.008554 
199927762610573, 0.044784, 0.056846, 0.061479 
199927782446999, 0.040820, 0.057012, -0.019224 
199927802252907, -0.004404, 0.020378, -0.020884 
199927822058815, -0.041187, -0.035599, -0.013251 
199927841895241, -0.042288, -0.073988, -0.005867 
199927861701149, 0.002212, -0.025747, -0.019567 
199927881507057, 0.038758, 0.067391, 0.064342 
199927901343483, 0.034778, 0.060261, -0.018774 
199927921149391, -0.001013, 0.011972, -0.027395 
199927940955300, -0.047157, -0.053221, -0.019534 
199927960791725, -0.047592, -0.067435, -0.000380 
199927980597633, -0.006375, -0.025654, -0.018857 
199928000403542, 0.044567, 0.055914, 0.060399 
199928020239967, 0.045236, 0.070210, -0.015633 
199928040076393, 0.001930, 0.012113, -0.026680 
199928059882301, -0.037380, -0.046152, -0.025789 
199928079718727, -0.056871, -0.077014, -0.013365 
199928099524635, -0.006328, -0.021033, -0.015231 
199928119330544, 0.033049, 0.053661, 0.061606 
199928139166969, 0.045669, 0.074977, -0.030646 
199928158972878, 0.007444, 0.035218, -0.038887 
199928178809303, -0.025351, -0.033294, -0.009835 
199928198615212, -0.047556, -0.083098, -0.018755 
199928218421120, -0.020684, -0.052592, -0.025079 
199928238257546, 0.035600, 0.051147, 0.063657 
199928258063454, 0.046053, 0.079495, -0.014796 
199928277869362, 0.007349, 0.032869, -0.039749 
199928297705788, -0.034460, -0.032785, -0.024541 
199928317542214, -0.035786, -0.073568, -0.002900 
199928337348122, -0.022953, -0.052410, -0.012063 
199928357184548, 0.037577, 0.069602, 0.036921 
199928376990456, 0.006093, 0.002487, -0.010583 
199928396796364, -0.005596, -0.004569, 0.001335 
199928416632790, -0.000699, 0.007121, 0.003608 
199928436438698, 0.004019, 0.002240, 0.001173 
199928456244606, -0.007601, 0.004227, -0.001169 
199928476081032, -0.009585, -0.002887, 0.005803 
199928495886940, 0.002374, -0.002815, 0.000979 
199928515692848, 0.009317, -0.005060, -0.001353 
199928535529274, 0.002138, 0.004345, 0.000994 
199928555335182, -0.002472, 0.006475, 0.000961 
199928575141091, -0.004627, 0.006233, 0.010193 
199928594977516, 0.002304, 0.008315, 0.000588 
199928614813942, 0.000002, -0.001234, 0.002886 
199928634650368, -0.002236, -0.003535, 0.009738 
199928654456276, -0.000001, -0.005760, 0.009412 
199928674262184, 0.000078, -0.003506, 0.002149 
199928694098610, -0.006794, 0.005833, 0.002078 
199928713904518, 0.000225, 0.003311, 0.008954 
199928733710426, 0.000295, 0.002947, 0.010955 
199928753546852, 0.002665, -0.002271, 0.005968 
199928773352760, 0.000353, -0.006620, 0.003457 
199928793158669, 0.009668, -0.017526, -0.001284 
199928812995094, 0.000176, -0.000307, 0.008029 
