# Created at Sat Jun 12 23:41:50 GMT+02:00 2021 in Copenhagen 
200289234612137, 0.000183, 0.000015, -0.000610 
200289254418045, 0.000183, -0.001221, 0.000610 
200289274223953, -0.001053, 0.000015, 0.000610 
200289294060379, 0.000183, 0.000015, 0.000610 
200289313866287, 0.000183, 0.000015, 0.000610 
200289333672195, 0.000183, -0.001221, 0.000610 
200289353508621, 0.000183, -0.001221, -0.000610 
200289373314529, 0.000183, 0.000015, -0.000610 
200289393150955, 0.000183, 0.000015, -0.000610 
200289412987381, 0.000183, 0.000015, 0.000610 
200289432793289, -0.001053, 0.000015, -0.000610 
200289452629715, -0.001053, 0.000015, -0.000610 
200289472435623, -0.001053, -0.001221, -0.001831 
200289492241531, -0.001053, 0.001236, -0.001831 
200289512077957, -0.001053, 0.000015, -0.001831 
200289531883865, -0.001053, 0.000015, -0.001831 
200289551689774, -0.001053, 0.000015, -0.001831 
200289571518572, -0.001053, 0.001236, -0.001831 
200289591324481, -0.001053, 0.001236, -0.001831 
200289611130389, -0.001053, -0.001221, -0.000610 
200289630966814, -0.002274, -0.001221, -0.000610 
200289650772723, 0.000183, 0.000015, 0.000610 
200289670609148, -0.003494, 0.000015, -0.000610 
200289690445574, -0.002274, -0.001221, -0.000610 
200289710251482, 0.000183, 0.000015, -0.000610 
200289730087908, 0.001389, 0.000015, 0.000610 
200289749893816, -0.001053, 0.000015, 0.000610 
200289769699725, -0.001053, 0.000015, 0.000610 
200289789536150, 0.000183, 0.000015, 0.000610 
200289809342059, 0.000183, 0.000015, 0.000610 
200289829147967, 0.000183, 0.000015, -0.000610 
200289848984393, -0.001053, 0.001236, -0.000610 
200289868790301, -0.001053, 0.000015, 0.000610 
200289888596209, 0.000183, -0.001221, 0.000610 
200289908432635, 0.000183, 0.000015, 0.000610 
200289928238543, 0.000183, 0.000015, 0.000610 
200289948044451, 0.000183, 0.000015, -0.000610 
200289967880877, 0.000183, 0.000015, -0.000610 
200289987717303, 0.000183, 0.000015, 0.000610 
200290007523211, 0.000183, 0.000015, 0.000610 
200290027359637, 0.000183, 0.000015, 0.000610 
200290047165545, 0.000183, 0.000015, 0.000610 
200290067001971, 0.000183, 0.000015, -0.000610 
200290086807879, 0.000183, 0.000015, -0.000610 
200290106613787, 0.000183, 0.000015, -0.000610 
200290126450213, 0.000183, 0.000015, 0.000610 
200290146256121, -0.001053, 0.000015, 0.000610 
200290166062029, -0.001053, 0.000015, 0.000610 
200290185867938, 0.000183, 0.000015, 0.000610 
200290205704363, 0.000183, 0.000015, -0.000610 
200290225510272, 0.000183, 0.000015, -0.001831 
200290245346697, 0.000183, 0.000015, -0.000610 
200290265183123, 0.000183, 0.000015, 0.000610 
200290284989031, 0.000183, 0.000015, 0.001831 
200290304825457, 0.000183, 0.000015, 0.003052 
200290324631365, -0.002274, 0.000015, 0.000610 
200290344437273, 0.000183, -0.001221, -0.000610 
200290364273699, 0.000183, 0.000015, -0.000610 
200290384079607, 0.000183, 0.000015, -0.000610 
200290403885516, 0.000183, -0.001221, -0.000610 
200290423721941, -0.001053, 0.000015, 0.000610 
200290443527850, -0.001053, 0.000015, 0.000610 
200290463364275, 0.000183, -0.001221, 0.000610 
200290483170184, -0.001053, 0.000015, -0.000610 
200290502976092, 0.000183, 0.000015, -0.000610 
200290522812518, 0.000183, 0.001236, -0.000610 
200290542618426, 0.000183, -0.002426, -0.000610 
200290562454852, -0.002274, 0.000015, -0.000610 
200290582291277, -0.001053, -0.001221, 0.000610 
200290602097186, 0.001389, 0.000015, -0.000610 
200290621903094, -0.001053, 0.000015, -0.000610 
200290641739520, 0.000183, -0.001221, -0.000610 
200290661545428, 0.000183, 0.001236, -0.001831 
200290681351336, 0.000183, 0.000015, -0.000610 
200290701187762, -0.001053, 0.000015, -0.000610 
200290720993670, -0.001053, 0.000015, 0.000610 
200290740799578, 0.000183, -0.001221, -0.000610 
200290760636004, -0.001053, 0.000015, -0.000610 
200290780441912, -0.001053, 0.000015, -0.000610 
200290800247820, 0.000183, 0.000015, -0.000610 
200290820084246, 0.000183, -0.001221, -0.000610 
200290839920672, 0.000183, -0.001221, -0.000610 
200290859757098, 0.000183, 0.000015, 0.000610 
200290879563006, -0.001053, 0.001236, -0.000610 
200290899368914, 0.000183, 0.000015, -0.000610 
200290919205340, 0.000183, -0.001221, -0.000610 
200290939011248, 0.001389, -0.001221, 0.000610 
200290958817156, -0.001053, -0.002426, -0.000610 
200290978653582, 0.000183, 0.000015, -0.000610 
200290998459490, 0.002625, -0.002426, -0.001831 
200291018265398, -0.001053, 0.001236, 0.000610 
200291038101824, -0.001053, 0.000015, -0.000610 
200291057907732, 0.000183, 0.000015, -0.001831 
200291077713641, -0.001053, 0.002457, 0.000610 
200291097550066, 0.000183, -0.001221, -0.000610 
200291117355975, 0.001389, -0.003662, -0.003067 
200291137192400, 0.000183, -0.002426, -0.003067 
200291157028826, -0.001053, -0.001221, -0.000610 
200291176834734, 0.001389, -0.002426, -0.000610 
200291196640643, 0.000183, -0.001221, -0.001831 
200291216477068, -0.001053, 0.001236, 0.000610 
200291236282977, 0.002625, -0.003662, 0.000610 
200291256088885, 0.002625, -0.004868, -0.000610 
200291275925311, 0.001389, -0.004868, -0.001831 
200291295731219, 0.001389, -0.003662, -0.000610 
200291315537127, 0.000183, 0.001236, 0.000610 
200291335373553, -0.001053, 0.000015, -0.001831 
200291355179461, -0.002274, 0.002457, 0.000610 
200291375015887, 0.000183, 0.000015, 0.000610 
200291394821795, 0.000183, 0.000015, 0.000610 
200291414658221, 0.000183, 0.000015, 0.001831 
200291434494647, 0.002625, -0.002426, 0.001831 
200291454300555, 0.002625, -0.003662, 0.000610 
200291474106463, 0.000183, -0.002426, -0.000610 
200291493942889, -0.002274, 0.003693, -0.001831 
200291513748797, -0.002274, 0.004898, -0.000610 
200291533554705, -0.002274, 0.001236, -0.001831 
200291553391131, 0.000183, -0.001221, -0.000610 
200291573197039, 0.000183, 0.000015, -0.000610 
200291593002947, 0.001389, -0.004868, -0.001831 
200291612839373, -0.001053, -0.001221, -0.001831 
200291632645281, 0.000183, -0.001221, -0.001831 
200291652481707, 0.002625, -0.003662, -0.001831 
200291672287615, 0.000183, 0.000015, 0.000610 
200291692093523, 0.000183, -0.001221, -0.000610 
200291711929949, 0.000183, 0.001236, 0.001831 
200291731766375, -0.002274, 0.001236, -0.000610 
200291751572283, 0.001389, -0.002426, -0.001831 
200291771408709, 0.001389, -0.002426, -0.001831 
200291791214617, 0.001389, -0.003662, -0.000610 
200291811020525, -0.001053, 0.001236, -0.000610 
200291830856951, 0.001389, -0.002426, -0.001831 
200291850662859, 0.001389, -0.002426, 0.000610 
200291870468768, -0.001053, 0.001236, 0.000610 
200291890305193, 0.000183, 0.000015, -0.000610 
200291910111102, 0.000183, -0.001221, -0.000610 
200291929917010, -0.001053, 0.000015, -0.000610 
200291949753436, -0.002274, 0.001236, -0.001831 
200291969559344, -0.001053, 0.000015, -0.001831 
200291989395770, -0.001053, -0.002426, -0.001831 
200292009232195, 0.000183, -0.001221, 0.000610 
200292029038104, 0.000183, -0.001221, 0.000610 
200292048874529, -0.001053, 0.000015, 0.000610 
200292068680438, 0.000183, 0.000015, -0.000610 
200292088486346, 0.000183, 0.000015, 0.000610 
200292108322772, -0.001053, -0.001221, -0.000610 
200292128128680, 0.000183, 0.000015, -0.000610 
200292147934588, 0.000183, 0.001236, -0.000610 
200292167771014, 0.000183, 0.000015, -0.000610 
200292187576922, 0.000183, 0.000015, 0.000610 
200292207382830, 0.001389, -0.001221, -0.000610 
200292227219256, 0.000183, -0.001221, -0.000610 
200292247025164, 0.000183, 0.000015, -0.000610 
200292266861590, 0.000183, 0.000015, -0.000610 
200292286698016, -0.001053, 0.002457, -0.000610 
200292306503924, 0.000183, -0.001221, -0.000610 
200292326309832, 0.001389, -0.001221, 0.000610 
200292346146258, -0.001053, 0.002457, -0.000610 
200292365952166, 0.000183, -0.001221, -0.000610 
200292385788592, -0.001053, 0.001236, -0.000610 
200292405594500, -0.001053, 0.001236, -0.000610 
200292425400408, 0.000183, 0.000015, 0.000610 
200292445236834, -0.001053, 0.000015, 0.000610 
200292465042742, 0.000183, 0.001236, 0.000610 
200292484848650, 0.000183, -0.001221, -0.000610 
200292504685076, -0.002274, 0.001236, -0.000610 
200292524490984, -0.001053, 0.002457, -0.001831 
200292544296893, 0.001389, 0.000015, -0.000610 
200292564133318, -0.001053, 0.000015, -0.000610 
200292583969744, -0.001053, 0.001236, 0.000610 
200292603775652, -0.001053, 0.001236, -0.000610 
200292623612078, 0.001389, -0.003662, -0.000610 
200292643417986, 0.001389, 0.000015, -0.000610 
200292663254412, 0.000183, 0.000015, -0.000610 
200292683060320, -0.001053, 0.000015, -0.000610 
200292702866229, -0.001053, 0.000015, 0.000610 
200292722702654, 0.001389, -0.001221, 0.000610 
200292742508563, 0.000183, 0.000015, 0.000610 
200292762314471, -0.001053, 0.000015, -0.000610 
200292782150897, 0.000183, -0.001221, -0.000610 
200292801956805, -0.001053, 0.003693, 0.000610 
200292821762713, 0.000183, -0.001221, -0.000610 
200292841599139, 0.000183, 0.001236, 0.000610 
200292861435564, 0.000183, 0.002457, 0.000610 
200292881241473, -0.001053, -0.001221, 0.000610 
200292901077898, -0.001053, -0.001221, 0.000610 
200292920883807, 0.000183, 0.000015, -0.000610 
200292940689715, 0.000183, 0.000015, 0.000610 
200292960526141, -0.001053, 0.000015, -0.000610 
200292980332049, 0.000183, 0.000015, -0.000610 
200293000168475, -0.001053, 0.002457, 0.000610 
200293019974383, -0.002274, 0.002457, 0.000610 
200293039780291, -0.001053, 0.001236, -0.000610 
200293059616717, 0.000183, 0.000015, -0.000610 
200293079422625, 0.000183, -0.001221, -0.000610 
200293099228533, 0.000183, 0.001236, -0.000610 
200293119064959, 0.001389, -0.001221, -0.001831 
200293138901385, -0.001053, 0.001236, -0.000610 
200293158707293, 0.001389, -0.002426, -0.000610 
200293178543719, 0.001389, -0.002426, -0.000610 
200293198349627, -0.001053, 0.001236, 0.000610 
200293218155535, 0.000183, 0.001236, 0.000610 
200293237991961, 0.000183, 0.001236, -0.000610 
200293257797869, -0.001053, 0.000015, -0.000610 
200293277603777, -0.001053, 0.001236, -0.000610 
200293297440203, 0.000183, 0.001236, -0.000610 
200293317246111, -0.001053, -0.001221, -0.000610 
200293337052020, -0.002274, 0.001236, -0.001831 
200293356888445, 0.000183, -0.001221, -0.001831 
200293376694354, 0.000183, 0.000015, -0.000610 
200293396530779, 0.000183, 0.000015, -0.000610 
200293416367205, 0.000183, 0.000015, -0.000610 
200293436173113, -0.001053, 0.001236, -0.000610 
200293456009539, -0.001053, 0.000015, 0.000610 
200293475815447, 0.000183, 0.000015, 0.000610 
200293495621356, 0.001389, 0.000015, -0.000610 
200293515457781, 0.000183, 0.000015, -0.000610 
200293535263689, -0.001053, 0.000015, -0.000610 
200293555069598, 0.000183, 0.000015, 0.000610 
200293574906023, 0.000183, -0.001221, -0.000610 
200293594711932, -0.001053, 0.000015, -0.000610 
200293614517840, 0.000183, 0.000015, -0.000610 
200293634354266, -0.001053, 0.000015, 0.000610 
200293654160174, -0.001053, -0.001221, -0.000610 
200293673996600, 0.000183, 0.000015, -0.000610 
200293693802508, 0.000183, 0.000015, 0.000610 
200293713638934, -0.001053, -0.001221, 0.000610 
200293733475359, 0.000183, 0.000015, -0.000610 
200293753281268, 0.000183, 0.000015, -0.000610 
200293773087176, -0.001053, 0.000015, 0.000610 
200293792923602, -0.001053, 0.000015, -0.000610 
200293812729510, 0.000183, -0.001221, -0.000610 
200293832535418, 0.000183, -0.001221, -0.000610 
200293852371844, -0.001053, 0.000015, -0.000610 
200293872177752, 0.000183, 0.000015, -0.000610 
200293891983660, -0.001053, 0.000015, -0.000610 
200293911820086, -0.001053, 0.000015, -0.000610 
200293931625994, 0.000183, 0.000015, -0.000610 
200293951431902, -0.001053, -0.001221, -0.000610 
200293971268328, 0.000183, 0.000015, -0.000610 
200293991104754, 0.000183, -0.001221, -0.001831 
200294010941180, 0.000183, -0.001221, -0.000610 
200294030747088, 0.000183, -0.001221, -0.000610 
200294050552996, 0.000183, 0.000015, -0.000610 
200294070389422, -0.001053, -0.001221, 0.000610 
200294090195330, -0.001053, 0.000015, -0.000610 
200294110001238, 0.000183, -0.001221, -0.000610 
200294129837664, -0.001053, 0.001236, -0.000610 
200294149643572, -0.001053, 0.001236, -0.000610 
200294169449481, 0.000183, 0.000015, -0.000610 
200294189285906, 0.000183, -0.001221, -0.000610 
200294209091814, -0.001053, 0.000015, 0.000610 
200294228897723, 0.001389, 0.000015, -0.000610 
200294248734148, 0.000183, 0.000015, 0.000610 
200294268570574, 0.000183, -0.001221, -0.000610 
200294288376482, 0.000183, 0.000015, -0.000610 
200294308212908, 0.000183, 0.000015, 0.000610 
200294328018816, -0.001053, -0.001221, -0.000610 
200294347855242, 0.000183, 0.000015, -0.000610 
200294367661150, 0.000183, 0.001236, -0.000610 
200294387467059, 0.000183, -0.001221, -0.000610 
200294407303484, 0.000183, 0.000015, -0.000610 
200294427109393, 0.000183, 0.000015, -0.000610 
200294446915301, -0.001053, -0.001221, 0.000610 
200294466751727, 0.000183, 0.000015, -0.000610 
200294486557635, 0.000183, 0.000015, -0.000610 
200294506363543, -0.001053, -0.001221, -0.000610 
200294526199969, 0.000183, 0.000015, -0.000610 
200294546005877, 0.000183, 0.001236, 0.000610 
200294565842303, -0.002274, 0.002457, 0.000610 
200294585678729, 0.000183, 0.000015, 0.000610 
200294605484637, 0.000183, 0.000015, 0.000610 
200294625290545, 0.000290, 0.000290, 0.000778 
200294645126971, 0.000290, 0.000290, 0.000778 
200294664932879, 0.000290, 0.000290, -0.000443 
200294684738787, 0.000290, 0.000290, 0.000778 
200294704575213, 0.000290, -0.000946, 0.000778 
200294724381121, 0.000290, 0.000290, -0.000443 
200294744217547, 0.000290, -0.000946, 0.000778 
200294764023455, -0.000946, -0.000946, 0.000778 
200294783829363, 0.000290, 0.000290, -0.000443 
200294803665789, 0.000290, 0.000290, -0.000443 
200294823471697, -0.000946, 0.000290, -0.000443 
200294843308123, 0.001495, -0.000946, -0.000443 
200294863144549, 0.001495, -0.000946, -0.000443 
200294882950457, -0.000946, 0.000290, -0.000443 
200294902756365, 0.001495, -0.003387, -0.001663 
200294922592791, 0.000290, -0.000946, -0.000443 
200294942398699, 0.000290, 0.000290, -0.000443 
200294962204607, 0.000290, 0.000290, -0.000443 
200294982041033, 0.000290, 0.000290, -0.000443 
200295001846941, 0.000290, -0.000946, -0.000443 
200295021652850, 0.000290, 0.000290, -0.000443 
200295041489275, 0.000290, 0.001511, -0.000443 
200295061295184, -0.000946, 0.001511, -0.000443 
200295081131609, 0.000290, -0.000946, -0.000443 
200295100937518, 0.000290, -0.000946, -0.000443 
200295120743426, 0.000290, 0.000290, 0.000778 
200295140579852, 0.000290, -0.000946, 0.000778 
200295160416277, 0.000290, 0.000290, -0.000443 
200295180222186, 0.000290, 0.000290, 0.000778 
200295200058611, -0.000946, 0.000290, -0.001663 
200295219864520, -0.000946, 0.002731, -0.000443 
200295239670428, 0.000290, -0.000946, 0.000778 
200295259506854, -0.000946, 0.001511, 0.000778 
200295279312762, 0.000290, 0.000290, 0.000778 
200295299118670, -0.000946, -0.000946, 0.000778 
200295318955096, 0.000290, 0.000290, 0.000778 
200295338761004, 0.000290, 0.000290, -0.000443 
200295358597430, 0.000290, 0.000290, -0.000443 
200295378403338, 0.000290, 0.000290, -0.000443 
200295398209246, 0.000290, 0.000290, 0.000778 
200295418045672, -0.000946, 0.000290, 0.000778 
200295437882098, -0.000946, 0.000290, -0.000443 
200295457688006, -0.000946, 0.000290, -0.000443 
200295477524432, 0.000290, 0.000290, -0.000443 
200295497330340, 0.000290, 0.000290, -0.000443 
200295517136248, 0.000290, 0.000290, 0.000778 
200295536972674, 0.000290, 0.000290, 0.000778 
200295556778582, 0.000290, 0.000290, 0.000778 
200295576584490, -0.000946, -0.000946, 0.000778 
200295596420916, 0.000290, 0.000290, 0.000778 
200295616226824, 0.000290, 0.000290, 0.000778 
200295636032732, -0.002167, -0.000946, -0.000443 
200295655869158, -0.002167, 0.000290, 0.000778 
200295675675066, 0.000290, 0.000290, 0.000778 
200295695480975, 0.001495, 0.000290, 0.000778 
200295715317400, 0.002731, 0.000290, 0.000778 
200295735153826, 0.001495, 0.000290, 0.000778 
200295754990252, 0.000290, 0.000290, 0.000778 
200295774796160, -0.000946, 0.000290, 0.000778 
200295794602068, 0.000290, 0.000290, -0.000443 
200295814438494, 0.000290, 0.000290, 0.000778 
200295834244402, 0.000290, 0.000290, 0.000778 
200295854050311, 0.000290, 0.000290, 0.000778 
200295873886736, 0.000290, -0.000946, 0.000778 
200295893692645, 0.000290, 0.000290, 0.000778 
200295913498553, 0.000290, 0.001511, -0.000443 
200295933334979, 0.000290, 0.000290, 0.000778 
200295953140887, 0.000290, -0.000946, 0.000778 
200295972946795, -0.000946, -0.000946, 0.000778 
200295992783221, 0.000290, 0.000290, 0.000778 
200296012619647, 0.000290, 0.000290, 0.000778 
200296032425555, 0.000290, 0.000290, 0.000778 
200296052261981, 0.000290, 0.000290, 0.000778 
200296072067889, 0.000290, -0.000946, 0.000778 
200296091904314, 0.000290, 0.000290, 0.000778 
200296111710223, 0.000290, 0.001511, 0.000778 
200296131516131, 0.000290, 0.000290, -0.000443 
200296151322039, 0.000290, 0.001511, -0.000443 
200296171158465, -0.000946, 0.000290, -0.000443 
200296190964373, 0.000290, 0.000290, -0.000443 
200296210800799, 0.000290, 0.000290, -0.000443 
200296230606707, 0.000290, 0.000290, -0.000443 
200296250412615, 0.003937, 0.000290, -0.000443 
200296270249041, 0.000290, 0.000290, -0.000443 
200296290085467, 0.000290, 0.000290, -0.001663 
200296309891375, 0.000290, -0.002151, 0.003220 
200296329727801, -0.003387, 0.000290, 0.000778 
200296349533709, -0.000946, -0.000946, -0.001663 
200296369339617, 0.000290, -0.000946, -0.001663 
200296389176043, 0.001495, -0.002151, -0.001663 
200296408981951, 0.000290, 0.000290, -0.001663 
200296428787859, 0.000290, -0.000946, -0.000443 
200296448624285, 0.000290, 0.000290, 0.000778 
200296468430193, -0.000946, 0.000290, 0.000778 
200296488266619, 0.001495, -0.000946, -0.000443 
200296508072527, 0.002731, -0.002151, -0.000443 
200296527878436, 0.000290, 0.000290, 0.000778 
200296547714861, -0.000946, 0.000290, -0.000443 
200296567551287, 0.000290, 0.001511, 0.000778 
200296587357195, 0.000290, -0.000946, 0.000778 
200296607193621, -0.000946, -0.000946, -0.000443 
200296626999529, 0.000290, 0.000290, -0.000443 
200296646805438, 0.000290, 0.000290, -0.000443 
200296666641863, 0.000290, 0.000290, -0.000443 
200296686447772, -0.000946, 0.000290, 0.000778 
200296706253680, 0.000290, 0.000290, -0.000443 
200296726090106, 0.000290, 0.000290, 0.000778 
200296745896014, 0.001495, -0.004593, -0.000443 
200296765701922, 0.001495, -0.003387, -0.001663 
200296785538348, 0.001495, -0.003387, -0.000443 
200296805344256, -0.000946, 0.001511, 0.000778 
200296825150164, 0.000290, 0.000290, 0.000778 
200296844986590, 0.000290, 0.000290, -0.000443 
200296864823016, -0.000946, 0.000290, 0.000778 
200296884659441, 0.000290, 0.000290, -0.000443 
200296904465350, 0.001495, -0.000946, -0.000443 
200296924271258, 0.000290, -0.000946, 0.000778 
200296944107684, 0.010056, 0.002731, 0.001999 
200296963913592, 0.000290, 0.001511, -0.000443 
200296983719500, -0.004608, 0.000290, 0.004440 
200297003555926, -0.005829, -0.000946, 0.016663 
200297023361834, -0.004608, 0.000290, 0.011780 
