# Created at Tue Jun 01 16:08:22 GMT+02:00 2021 in Burnaby Canada 
2704976864786 -0.004852 -0.002731 -0.000854 
2704996670695 0.000046 -0.000275 -0.000854 
2705016507120 0.000046 -0.000275 -0.000854 
2705036343546 0.000046 -0.000275 -0.000854 
2705056149454 0.000046 -0.000275 0.000366 
2705075985880 0.000046 -0.001495 -0.000854 
2705095791788 0.000046 -0.001495 -0.000854 
2705115597697 -0.001190 -0.001495 -0.000854 
2705135434122 -0.001190 -0.000275 -0.000854 
2705155240031 -0.001190 -0.000275 -0.002075 
2705175045939 -0.001190 -0.000275 -0.002075 
2705194882365 -0.002411 -0.000275 -0.002075 
2705214688273 -0.002411 -0.000275 -0.002075 
2705234494181 -0.002411 -0.001495 -0.002075 
2705254330607 0.000046 -0.000275 -0.002075 
2705274136515 0.000046 -0.000275 -0.002075 
2705293972941 -0.001190 -0.000275 -0.002075 
2705313809367 -0.001190 -0.000275 -0.002075 
2705333615275 -0.001190 -0.000275 -0.002075 
2705353421183 0.000046 0.000946 -0.002075 
2705373257609 0.000046 -0.000275 -0.002075 
2705393063517 -0.001190 -0.000275 -0.002075 
2705412899943 -0.001190 -0.001495 -0.000854 
2705432705851 -0.001190 -0.001495 -0.002075 
2705452511759 -0.001190 -0.000275 -0.002075 
2705472348185 -0.001190 0.000946 -0.002075 
2705492154093 0.000046 0.000946 -0.000854 
2705511960001 0.000046 0.000946 -0.000854 
2705531796427 0.000046 -0.001495 -0.000854 
2705551602335 0.000046 -0.000275 -0.000854 
2705571408243 0.000046 -0.001495 -0.000854 
2705591244669 0.000046 -0.000275 -0.000854 
2705611081095 -0.001190 -0.000275 -0.000854 
2705630887003 0.000046 -0.000275 -0.000854 
2705650723429 0.000046 -0.001495 -0.000854 
2705670529337 -0.001190 -0.000275 -0.000854 
2705690365763 0.000046 -0.000275 0.000366 
2705710171671 -0.001190 -0.001495 -0.000854 
2705729977579 -0.001190 -0.001495 0.000366 
2705749814005 -0.001190 -0.000275 0.000366 
2705769619913 0.000046 -0.001495 0.000366 
2705789425822 -0.001190 -0.001495 -0.000854 
2705809262247 0.001251 -0.000275 -0.000854 
2705829068156 0.000046 -0.000275 -0.000854 
2705848874064 0.000046 -0.000275 -0.000854 
2705868710490 0.000046 -0.001495 -0.000854 
2705888546915 -0.001190 -0.000275 0.000366 
2705908352824 0.000046 -0.001495 0.000366 
2705928189249 0.000046 -0.000275 -0.000854 
2705947995158 -0.001190 -0.000275 -0.000854 
2705967831583 -0.001190 -0.000275 0.000366 
2705987637492 -0.001190 -0.000275 -0.000854 
2706007443400 -0.001190 0.000946 -0.000854 
2706027279826 0.000046 -0.002731 -0.002075 
2706047085734 0.000046 -0.003937 -0.002075 
2706066891642 -0.001190 -0.003937 -0.000854 
2706086728068 0.000046 -0.000275 -0.000854 
2706106533976 0.001251 -0.000275 -0.000854 
2706126339884 0.000046 -0.000275 -0.000854 
2706146176310 0.001251 -0.002731 -0.000854 
2706166012736 0.001251 -0.000275 -0.000854 
2706185818644 0.000046 -0.000275 -0.000854 
2706205655070 -0.001190 -0.000275 -0.000854 
2706225460978 0.000046 -0.000275 -0.002075 
2706245266886 0.000046 -0.001495 -0.000854 
2706265103312 0.000046 -0.001495 -0.002075 
2706284909220 0.000046 0.000946 -0.002075 
2706304745646 0.000046 0.000946 -0.002075 
2706324551554 0.000046 -0.001495 -0.002075 
2706344357462 0.000046 -0.000275 -0.000854 
2706364193888 0.001251 -0.000275 -0.000854 
2706383999796 -0.001190 -0.001495 -0.000854 
2706403805704 -0.001190 -0.000275 -0.000854 
2706423642130 0.001251 0.000946 -0.002075 
2706443478556 0.000046 -0.001495 -0.000854 
2706463284464 -0.001190 -0.001495 -0.000854 
2706483120890 0.001251 0.000946 -0.002075 
2706502926798 0.000046 -0.001495 -0.000854 
2706522732706 0.000046 -0.001495 -0.000854 
2706542569132 0.001251 -0.001495 -0.002075 
2706562375040 0.000046 -0.000275 -0.000854 
2706582211466 0.000046 -0.000275 -0.000854 
2706602017374 0.000046 0.000946 -0.002075 
2706621823283 0.000046 -0.001495 -0.000854 
2706641659708 0.000046 -0.000275 -0.000854 
2706661465617 0.000046 -0.001495 -0.000854 
2706681271525 -0.001190 -0.002731 -0.000854 
2706701107951 0.000046 -0.000275 -0.000854 
2706720913859 0.000046 -0.000275 -0.000854 
2706740750285 -0.001190 -0.001495 -0.000854 
2706760586710 0.001251 0.000946 -0.002075 
2706780392618 0.000046 -0.000275 -0.000854 
2706800198527 -0.001190 -0.001495 -0.000854 
2706820034952 0.001251 -0.000275 -0.000854 
2706839840861 0.000046 -0.001495 -0.000854 
2706859646769 -0.001190 -0.001495 -0.000854 
2706879483195 0.001251 0.000946 -0.000854 
2706899289103 0.001251 -0.001495 -0.000854 
2706919125529 0.001251 -0.000275 -0.000854 
2706938931437 0.001251 -0.000275 -0.000854 
2706958737345 -0.001190 -0.001495 -0.000854 
2706978573771 0.000046 0.000946 -0.000854 
2706998379679 0.000046 -0.001495 -0.000854 
2707018216105 0.000046 -0.001495 -0.000854 
2707038052531 0.001251 0.000946 -0.000854 
2707057858439 0.001251 -0.000275 -0.000854 
2707077664347 -0.001190 -0.000275 -0.000854 
2707097500773 0.000046 -0.000275 -0.000854 
2707117306681 0.000046 -0.000275 -0.000854 
2707137112589 0.000046 -0.000275 -0.000854 
2707156949015 0.001251 0.000946 -0.000854 
2707176754923 0.000046 -0.001495 -0.000854 
2707196560831 -0.001190 -0.000275 -0.000854 
2707216397257 0.001251 -0.000275 -0.000854 
2707236203165 0.000046 -0.001495 -0.002075 
2707256039591 -0.001190 -0.000275 -0.002075 
2707275845499 0.001251 -0.000275 -0.000854 
2707295681925 -0.001190 -0.001495 -0.000854 
2707315518351 -0.001190 -0.000275 -0.000854 
2707335324259 0.000046 -0.000275 -0.000854 
2707355130167 0.000046 -0.001495 -0.000854 
2707374966593 0.000046 -0.000275 -0.000854 
2707394772501 0.000046 -0.001495 -0.000854 
2707414578410 0.000046 -0.000275 -0.002075 
2707434414835 0.000046 0.000946 -0.002075 
2707454220743 0.000046 -0.000275 -0.002075 
2707474057169 -0.001190 -0.000275 -0.002075 
2707493863077 0.001251 -0.000275 -0.000854 
2707513668986 0.000046 -0.001495 -0.000854 
2707533505411 0.000046 -0.000275 -0.002075 
2707553311320 0.000046 -0.000275 -0.000854 
2707573117228 0.000046 -0.001495 -0.000854 
2707592953654 -0.001190 -0.000275 -0.000854 
2707612790079 0.000046 -0.001495 -0.000854 
2707632595988 0.000046 -0.001495 -0.000854 
2707652432413 0.000046 -0.000275 -0.000854 
2707672238322 -0.001190 -0.001495 -0.000854 
2707692044230 -0.001190 -0.001495 -0.000854 
2707711880656 0.000046 -0.000275 -0.002075 
2707731686564 0.000046 -0.001495 -0.000854 
2707751492472 0.000046 -0.000275 -0.000854 
2707771328898 0.002487 -0.000275 -0.000854 
2707791134806 -0.001190 -0.000275 -0.000854 
2707810971232 0.000046 0.000946 -0.000854 
2707830777140 0.000046 -0.001495 -0.000854 
2707850583048 -0.001190 -0.001495 -0.000854 
2707870419474 0.001251 0.000946 -0.002075 
2707890255900 0.000046 -0.000275 -0.000854 
2707910061808 -0.002411 -0.001495 -0.002075 
2707929898234 0.001251 0.000946 -0.000854 
2707949704142 -0.001190 -0.001495 -0.000854 
2707969510050 -0.002411 -0.000275 -0.002075 
2707989346476 0.000046 0.000946 -0.000854 
2708009152384 -0.001190 -0.000275 -0.002075 
2708028958292 0.000046 0.000946 -0.002075 
2708048794718 0.000046 0.000946 -0.002075 
2708068600626 -0.001190 -0.000275 -0.002075 
2708088406535 0.000046 -0.000275 -0.002075 
2708108242960 0.001251 -0.000275 -0.000854 
2708128048868 0.000046 -0.001495 -0.000854 
2708147854777 0.000046 -0.000275 -0.000854 
2708167691202 0.001251 -0.001495 -0.002075 
2708187527628 0.000046 -0.000275 -0.000854 
2708207364054 0.000046 0.000946 -0.000854 
2708227169962 0.000046 -0.000275 -0.000854 
2708246975870 0.000046 -0.001495 -0.002075 
2708266812296 0.001251 -0.001495 -0.000854 
2708286618204 -0.001190 -0.001495 -0.000854 
2708306424113 -0.001190 -0.001495 -0.000854 
2708326260538 0.001251 -0.000275 -0.000854 
2708346066447 0.000046 -0.001495 -0.000854 
2708365872355 0.000046 -0.000275 -0.000854 
2708385708781 0.000046 -0.000275 -0.000854 
2708405514689 -0.001190 -0.000275 -0.000854 
2708425320597 -0.001190 -0.000275 -0.000854 
2708445157023 0.000046 -0.000275 -0.000854 
2708464993449 -0.001190 -0.000275 -0.002075 
2708484829874 0.000046 -0.000275 -0.002075 
2708504635783 -0.001190 -0.000275 -0.000854 
2708524441691 0.000046 -0.001495 -0.000854 
2708544278117 0.000046 -0.001495 -0.000854 
2708564076150 -0.001190 -0.000275 -0.000854 
2708583882058 0.000046 -0.000275 -0.000854 
2708603718484 0.000046 -0.000275 -0.000854 
2708623524392 0.000046 -0.000275 -0.000854 
2708643360818 0.001251 -0.000275 -0.002075 
2708663166726 0.000046 -0.000275 -0.000854 
2708682972634 -0.001190 -0.000275 -0.000854 
2708702809060 0.001251 -0.000275 -0.000854 
2708722614968 0.000046 -0.001495 -0.000854 
2708742451394 0.000046 0.000946 -0.002075 
2708762287820 0.001251 -0.000275 -0.000854 
2708782093728 -0.001190 -0.000275 -0.000854 
2708801899636 0.000046 -0.000275 -0.002075 
2708821736062 0.001251 -0.001495 -0.000854 
2708841541970 -0.001190 -0.001495 -0.000854 
2708861347878 0.000046 -0.000275 -0.000854 
2708881184304 0.000046 -0.001495 -0.002075 
2708900990212 -0.001190 -0.001495 -0.002075 
2708920796120 0.000046 -0.000275 -0.000854 
2708940632546 -0.001190 -0.001495 -0.000854 
2708960438454 -0.001190 -0.000275 -0.000854 
2708980274880 0.001251 -0.000275 -0.002075 
2709000080788 -0.001190 -0.001495 -0.000854 
2709019917214 0.000046 -0.000275 -0.000854 
2709039753640 0.000046 -0.000275 -0.000854 
2709059559548 -0.001190 -0.000275 -0.002075 
2709079365456 0.000046 0.000946 -0.002075 
2709099201882 0.000046 -0.001495 -0.000854 
2709119007790 -0.001190 -0.000275 -0.002075 
2709138813699 0.000046 0.000946 -0.000854 
2709158650124 0.000046 -0.001495 -0.000854 
2709178456033 0.000046 -0.000275 -0.000854 
2709198261941 0.000046 0.000946 -0.000854 
2709218098367 -0.001190 -0.002731 -0.000854 
2709237904275 0.000046 -0.000275 -0.000854 
2709257740701 0.000046 -0.000275 0.000366 
2709277546609 0.000046 -0.000275 -0.002075 
2709297383035 0.000046 -0.001495 -0.000854 
2709317219460 0.000046 -0.000275 -0.002075 
2709337025368 0.000046 -0.002731 -0.000854 
2709356831277 0.000046 0.000946 -0.002075 
2709376667702 0.000046 -0.002731 -0.002075 
2709396473611 -0.001190 0.000946 -0.003296 
2709416279519 -0.001190 -0.001495 -0.000854 
2709436115945 -0.001190 -0.001495 -0.002075 
2709455921853 0.001251 -0.000275 -0.000854 
2709475727761 0.001251 -0.001495 -0.002075 
2709495564187 -0.001190 -0.000275 -0.000854 
2709515370095 0.000046 -0.000275 -0.000854 
2709535206521 -0.001190 -0.001495 0.000366 
2709555012429 0.000046 -0.000275 -0.004532 
2709574818337 -0.001190 0.002182 -0.000854 
2709594654763 -0.001190 -0.001495 0.000366 
2709614491189 0.000046 -0.000275 -0.002075 
2709634297097 0.000046 -0.000275 -0.000854 
2709654133523 0.000046 -0.000275 -0.000854 
2709673939431 0.000046 -0.001495 -0.003296 
2709693745339 -0.001190 -0.000275 0.000366 
2709713581765 0.000046 -0.000275 -0.000854 
2709733387673 0.000046 -0.001495 -0.000854 
2709753224099 0.000046 -0.001495 -0.000854 
2709773030007 0.001251 -0.000275 -0.000854 
2709792835915 0.001251 -0.000275 -0.000854 
2709812672341 0.000046 -0.001495 -0.000854 
2709832478249 0.001251 -0.000275 -0.000854 
2709852284158 0.000046 -0.001495 -0.000854 
2709872120583 -0.001190 -0.001495 -0.000854 
2709891957009 0.001251 -0.000275 -0.000854 
2709911762917 0.001251 -0.000275 -0.000854 
2709931599343 0.000046 -0.001495 -0.000854 
2709951405251 0.001251 0.000946 -0.002075 
2709971211160 0.000046 -0.000275 0.000366 
2709991047585 0.000046 -0.000275 -0.000854 
2710010853493 0.000046 -0.001495 -0.000854 
2710030659402 -0.001190 -0.001495 -0.000854 
2710050495827 0.001251 -0.000275 -0.000854 
2710070301736 0.000046 0.000946 -0.000854 
2710090107644 0.000046 -0.001495 -0.002075 
2710109944070 0.000046 -0.000275 -0.000854 
2710129749978 0.000046 -0.000275 -0.000854 
2710149586404 0.000046 -0.000275 -0.000854 
2710169422829 0.000046 -0.000275 -0.000854 
2710189228738 0.000046 -0.000275 -0.000854 
2710209065163 0.001251 0.000946 -0.002075 
2710228871072 0.001251 0.000946 -0.000854 
2710248676980 0.000046 -0.003937 -0.000854 
2710268513406 0.000046 0.002182 -0.000854 
2710288319314 0.000046 -0.001495 0.000366 
2710308155740 -0.001190 0.002182 -0.002075 
2710327961648 0.001251 -0.001495 0.000366 
2710347767556 0.000046 -0.005173 -0.000854 
2710367603982 0.000046 -0.003937 -0.002075 
2710387409890 0.000046 -0.003937 -0.003296 
2710407215798 0.000046 -0.003937 -0.004532 
2710427052224 0.000046 -0.001495 -0.004532 
2710446888650 -0.001190 -0.000275 -0.003296 
2710466694558 -0.001190 0.002182 -0.000854 
2710486530984 0.001251 0.002182 0.000366 
2710506336892 -0.001190 -0.001495 -0.000854 
2710526142800 0.000046 -0.000275 -0.000854 
2710545979226 0.001251 -0.000275 -0.000854 
2710565785134 0.012253 0.002182 -0.008179 
2710585621560 0.003693 0.000946 0.002808 
2710605427468 0.001251 -0.002731 0.007706 
2710625233376 -0.003632 -0.001495 0.006470 
2710645069802 -0.009750 -0.003937 -0.002075 
2710664875710 -0.003632 -0.000275 -0.004532 
2710684681618 0.000046 -0.001495 -0.002075 
2710704518044 0.000229 -0.000916 0.000107 
2710724323952 0.000229 0.000305 -0.001114 
2710744160378 0.000229 0.000305 0.000107 
2710763996804 -0.001007 -0.000916 0.000107 
2710783802712 0.000229 -0.000916 0.000107 
2710803608620 0.002670 0.001526 0.000107 
2710823445046 0.000229 0.000305 0.000107 
2710843250954 0.000229 0.000305 -0.001114 
2710863087380 0.000229 0.000305 0.000107 
2710882893288 0.000229 -0.000916 0.000107 
2710902699197 0.000229 0.001526 -0.001114 
2710922535622 0.000229 0.001526 0.000107 
2710942341531 0.000229 0.000305 0.000107 
2710962147439 0.000229 0.000305 0.000107 
2710981983865 0.000229 -0.000916 0.000107 
2711001789773 0.000229 -0.000916 0.001328 
2711021626199 0.000229 -0.000916 0.000107 
2711041462624 -0.001007 0.000305 0.000107 
2711061268533 0.000229 0.000305 0.001328 
2711081074441 -0.001007 0.000305 0.000107 
2711100910867 -0.001007 0.000305 0.000107 
2711120716775 -0.001007 -0.000916 0.001328 
