# Created at Sat Jun 12 23:41:08 GMT+02:00 2021 in Copenhagen 
200247238566928, -0.002258, -0.000702, -0.001465 
200247258372836, -0.001038, 0.001755, -0.000244 
200247278178744, -0.001038, 0.000534, -0.000244 
200247298015170, 0.000198, 0.000534, -0.000244 
200247317821078, 0.000198, 0.000534, -0.000244 
200247337657504, 0.000198, 0.000534, -0.000244 
200247357493930, 0.000198, -0.000702, 0.000977 
200247377299838, -0.001038, 0.000534, -0.000244 
200247397136264, -0.001038, 0.000534, -0.000244 
200247416942172, -0.001038, 0.001755, -0.001465 
200247436748080, -0.002258, 0.001755, -0.001465 
200247456584506, -0.001038, 0.001755, -0.001465 
200247476390414, -0.001038, 0.000534, -0.001465 
200247496196322, -0.001038, 0.000534, -0.000244 
200247516032748, -0.001038, 0.001755, -0.000244 
200247535838656, 0.000198, 0.000534, 0.000977 
200247555644565, 0.001404, 0.000534, 0.000977 
200247575480990, -0.001038, 0.000534, 0.000977 
200247595286899, 0.000198, 0.000534, -0.000244 
200247615092807, 0.000198, 0.000534, -0.000244 
200247634929233, 0.000198, 0.001755, 0.000977 
200247654765658, -0.002258, 0.000534, -0.000244 
200247674602084, -0.003479, 0.000534, -0.000244 
200247694407992, -0.001038, 0.000534, -0.000244 
200247714213901, 0.000198, 0.000534, 0.000977 
200247734050326, -0.001038, 0.000534, 0.000977 
200247753856235, 0.000198, 0.000534, -0.000244 
200247773662143, 0.000198, 0.000534, 0.000977 
200247793498569, 0.000198, 0.000534, 0.000977 
200247813304477, 0.000198, 0.000534, 0.000977 
200247833110385, 0.000198, 0.000534, 0.000977 
200247852946811, 0.000198, 0.000534, 0.000977 
200247872752719, 0.000198, -0.000702, 0.000977 
200247892589145, -0.001038, 0.000534, -0.000244 
200247912395053, 0.000198, 0.000534, 0.000977 
200247932231479, 0.000198, 0.000534, -0.000244 
200247952067905, -0.001038, -0.000702, 0.000977 
200247971873813, 0.000198, -0.000702, 0.002197 
200247991679721, 0.000198, 0.000534, 0.000977 
200248011516147, -0.001038, 0.000534, 0.000977 
200248031322055, -0.001038, 0.000534, -0.000244 
200248051127963, 0.000198, 0.000534, 0.000977 
200248070964389, -0.001038, 0.000534, 0.000977 
200248090770297, 0.000198, 0.000534, 0.000977 
200248110606723, 0.000198, 0.000534, 0.000977 
200248130412631, 0.000198, 0.000534, 0.000977 
200248150218539, 0.000198, 0.000534, -0.000244 
200248170054965, 0.000198, 0.000534, 0.000977 
200248189860873, 0.000198, 0.000534, -0.000244 
200248209697299, 0.000198, 0.000534, -0.000244 
200248229533725, 0.000198, 0.000534, 0.000977 
200248249339633, 0.000198, 0.000534, 0.000977 
200248269145541, -0.001038, 0.002975, -0.000244 
200248288981967, 0.000198, 0.000534, 0.000977 
200248308787875, -0.002258, 0.002975, 0.000977 
200248328593783, -0.001038, 0.001755, -0.000244 
200248348430209, -0.001038, 0.001755, 0.000977 
200248368236117, -0.002258, 0.002975, 0.000977 
200248388072543, 0.000198, 0.000534, 0.000977 
200248407878451, 0.002640, -0.000702, 0.000977 
200248427684360, 0.001404, 0.000534, 0.000977 
200248447520785, 0.000198, 0.000534, -0.000244 
200248467326694, -0.001038, 0.000534, -0.000244 
200248487163119, 0.000198, -0.000702, 0.000977 
200248506999545, 0.000198, 0.000534, 0.000977 
200248526805453, -0.001038, 0.000534, 0.000977 
200248546611362, -0.002258, 0.000534, -0.000244 
200248566447787, 0.000198, 0.001755, -0.001465 
200248586253696, 0.000198, 0.001755, -0.000244 
200248606090121, 0.001404, -0.000702, 0.000977 
200248625896030, -0.001038, -0.000702, 0.000977 
200248645701938, 0.000198, -0.000702, 0.000977 
200248665538364, 0.000198, 0.000534, -0.000244 
200248685344272, 0.000198, 0.000534, -0.000244 
200248705150180, 0.000198, 0.000534, 0.000977 
200248724986606, 0.000198, -0.000702, -0.000244 
200248744792514, 0.000198, 0.000534, -0.000244 
200248764598422, 0.001404, -0.001907, 0.000977 
200248784434848, -0.002258, 0.002975, -0.001465 
200248804271274, 0.000198, 0.001755, 0.000977 
200248824077182, 0.001404, -0.001907, 0.000977 
200248843913608, -0.002258, 0.002975, -0.000244 
200248863719516, 0.001404, -0.000702, 0.000977 
200248883555942, 0.001404, -0.001907, -0.000244 
200248903361850, 0.001404, -0.003143, 0.000977 
200248923167758, 0.000198, 0.000534, 0.000977 
200248943004184, -0.001038, 0.000534, -0.000244 
200248962810092, -0.001038, 0.001755, 0.000977 
200248982616000, 0.000198, -0.000702, -0.000244 
200249002452426, -0.001038, 0.000534, -0.000244 
200249022258334, 0.003845, -0.003143, 0.000977 
200249042064242, 0.002640, 0.000534, 0.000977 
200249061900668, -0.002258, 0.002975, -0.000244 
200249081737094, -0.002258, 0.001755, -0.001465 
200249101543002, 0.000198, 0.000534, -0.000244 
200249121379428, 0.001404, -0.003143, -0.000244 
200249141185336, 0.001404, -0.000702, 0.000977 
200249160991244, -0.001038, 0.001755, -0.000244 
200249180827670, 0.000198, -0.000702, -0.000244 
200249200633578, 0.001404, -0.004349, 0.000977 
200249220470004, 0.001404, -0.003143, 0.000977 
200249240275912, 0.002640, -0.003143, 0.000977 
200249260081821, 0.001404, -0.000702, 0.000977 
200249279918246, 0.001404, 0.000534, 0.000977 
200249299724155, 0.002640, -0.001907, 0.000977 
200249319530063, 0.000198, 0.000534, -0.000244 
200249339366489, 0.001404, -0.001907, 0.000977 
200249359202914, -0.002258, 0.000534, -0.000244 
200249379008822, -0.001038, 0.001755, 0.000977 
200249398845248, 0.000198, 0.000534, 0.000977 
200249418651156, 0.000198, 0.000534, 0.000977 
200249438457065, 0.000198, -0.000702, -0.000244 
200249458293490, -0.001038, 0.000534, -0.000244 
200249478099399, 0.000198, -0.000702, -0.000244 
200249497935824, 0.002640, -0.000702, 0.000977 
200249517741733, 0.000198, 0.002975, 0.000977 
200249537547641, -0.002258, 0.004211, -0.000244 
200249557406593, 0.000198, -0.000702, 0.000977 
200249577212501, 0.001404, -0.001907, 0.000977 
200249597018409, -0.001038, 0.000534, -0.000244 
200249616854835, -0.001038, 0.002975, 0.000977 
200249636691261, 0.000198, 0.000534, 0.000977 
200249656497169, 0.000198, 0.001755, 0.000977 
200249676333595, -0.001038, 0.004211, -0.000244 
200249696139503, 0.000198, -0.000702, -0.000244 
200249715945411, -0.001038, 0.001755, -0.000244 
200249735781837, -0.002258, 0.002975, -0.001465 
200249755587745, -0.002258, 0.002975, -0.001465 
200249775393653, 0.001404, -0.001907, -0.000244 
200249795230079, 0.000198, 0.000534, 0.000977 
200249815035987, 0.000198, -0.000702, -0.000244 
200249834841895, 0.000198, 0.001755, -0.000244 
200249854678321, 0.000198, -0.001907, 0.000977 
200249874484229, -0.003479, 0.001755, -0.001465 
200249894320655, -0.001038, 0.001755, -0.000244 
200249914126563, 0.000198, 0.000534, -0.000244 
200249933962989, 0.000198, 0.000534, 0.000977 
200249953799415, 0.000198, 0.000534, -0.000244 
200249973605323, 0.000198, 0.000534, -0.000244 
200249993411231, 0.001404, 0.000534, -0.000244 
200250013247657, -0.001038, 0.000534, -0.000244 
200250033053565, -0.002258, 0.002975, -0.001465 
200250052889991, -0.002258, 0.002975, -0.001465 
200250072695899, 0.000198, 0.002975, -0.000244 
200250092501807, -0.001038, 0.000534, -0.000244 
200250112338233, 0.000198, 0.000534, -0.000244 
200250132144141, 0.000198, 0.000534, -0.000244 
200250151950050, 0.000198, -0.000702, 0.000977 
200250171786475, -0.002258, 0.001755, -0.000244 
200250191592384, 0.001404, 0.000534, 0.000977 
200250211428809, 0.002640, -0.001907, 0.000977 
200250231265235, 0.001404, 0.000534, 0.000977 
200250251071143, 0.000198, 0.000534, -0.000244 
200250270877052, 0.000198, 0.001755, -0.000244 
200250290713477, 0.000198, 0.001755, -0.000244 
200250310519386, -0.001038, 0.002975, -0.000244 
200250330355811, -0.001038, 0.000534, 0.000977 
200250350161720, 0.000198, 0.000534, 0.000977 
200250369967628, 0.000198, 0.000534, -0.000244 
200250389804054, 0.001404, -0.001907, 0.000977 
200250409609962, 0.000198, 0.000534, -0.000244 
200250429415870, 0.000198, 0.000534, 0.000977 
200250449252296, 0.000198, 0.000534, 0.000977 
200250469058204, 0.002640, -0.001907, 0.000977 
200250488864112, 0.001404, -0.001907, -0.000244 
200250508700538, 0.002640, -0.003143, 0.000977 
200250528536964, 0.002640, -0.001907, 0.000977 
200250548342872, 0.002640, -0.001907, 0.002197 
200250568179298, 0.003845, -0.001907, 0.002197 
200250587985206, 0.002640, -0.000702, 0.000977 
200250607791114, -0.001038, 0.002975, 0.000977 
200250627627540, 0.000198, 0.000534, -0.000244 
200250647433448, 0.000198, 0.001755, -0.000244 
200250667269874, 0.000198, 0.000534, -0.000244 
200250687075782, 0.000198, -0.000702, -0.000244 
200250706881690, 0.001404, -0.000702, 0.000977 
200250726718116, -0.001038, 0.002975, -0.000244 
200250746524024, -0.001038, 0.001755, -0.000244 
200250766329932, 0.000198, -0.001907, 0.000977 
200250786166358, -0.001038, 0.001755, -0.000244 
200250806002784, 0.001404, -0.001907, 0.000977 
200250825808692, 0.000198, 0.001755, 0.000977 
200250845645118, 0.000198, -0.001907, 0.000977 
200250865451026, 0.001404, -0.000702, 0.000977 
200250885256934, 0.000198, 0.000534, 0.000977 
200250905093360, 0.000198, 0.000534, -0.000244 
200250924899268, 0.000198, 0.000534, -0.000244 
200250944735694, 0.001404, -0.000702, -0.000244 
200250964541602, 0.001404, 0.000534, -0.000244 
200250984347511, -0.002258, 0.000534, 0.000977 
200251004183936, -0.001038, 0.001755, 0.000977 
200251023989845, 0.001404, 0.000534, -0.000244 
200251043795753, -0.001038, 0.000534, -0.000244 
200251063632179, 0.000198, 0.000534, 0.000977 
200251083468604, 0.001404, 0.000534, -0.000244 
200251103274513, 0.000198, 0.000534, -0.000244 
200251123110938, 0.000198, 0.000534, -0.000244 
200251142916847, -0.001038, 0.001755, -0.000244 
200251162722755, 0.000198, 0.000534, -0.000244 
200251182559181, 0.000198, 0.000534, -0.000244 
200251202365089, 0.000198, 0.000534, -0.000244 
200251222201515, 0.001404, -0.000702, 0.000977 
200251242007423, -0.001038, 0.000534, -0.000244 
200251261813331, -0.002258, 0.004211, -0.000244 
200251281649757, -0.002258, 0.004211, -0.000244 
200251301455665, 0.000198, 0.000534, 0.000977 
200251321261573, 0.000198, -0.000702, -0.000244 
200251341097999, -0.001038, 0.004211, -0.000244 
200251360934425, 0.000198, 0.000534, 0.000977 
200251380740333, 0.000198, -0.001907, -0.000244 
200251400576759, 0.001404, -0.001907, 0.000977 
200251420382667, 0.000198, 0.000534, 0.000977 
200251440188575, -0.002258, 0.002975, -0.000244 
200251460025001, -0.001038, 0.000534, -0.000244 
200251479830909, -0.001038, 0.001755, -0.000244 
200251499636817, -0.001038, 0.000534, -0.000244 
200251519473243, 0.000198, 0.000534, -0.000244 
200251539279151, 0.000198, 0.000534, 0.000977 
200251559115577, -0.001038, 0.002975, -0.000244 
200251578921485, 0.000198, 0.000534, -0.000244 
200251598727393, 0.000198, 0.000534, -0.000244 
200251618563819, 0.000198, 0.000534, -0.000244 
200251638400245, 0.000198, 0.001755, -0.000244 
200251658206153, 0.001404, -0.000702, 0.000977 
200251678042579, 0.002640, -0.000702, 0.000977 
200251697848487, 0.002640, -0.000702, 0.000977 
200251717654395, 0.000198, 0.001755, 0.000977 
200251737490821, -0.001038, 0.000534, -0.000244 
200251757296729, 0.000198, 0.000534, -0.000244 
200251777102638, 0.000198, 0.000534, 0.000977 
200251796939063, -0.001038, 0.000534, -0.000244 
200251816744972, -0.001038, 0.000534, -0.000244 
200251836581397, 0.000198, -0.000702, -0.000244 
200251856387306, 0.000198, -0.000702, -0.000244 
200251876193214, -0.002258, 0.002975, -0.000244 
200251896029640, -0.001038, 0.001755, -0.000244 
200251915835548, 0.000198, 0.000534, 0.000977 
200251935671973, 0.000198, 0.000534, -0.000244 
200251955508399, 0.000198, 0.000534, 0.000977 
200251975314307, 0.000198, 0.000534, -0.000244 
200251995120216, 0.002640, -0.003143, 0.000977 
200252014956641, 0.002640, -0.000702, 0.000977 
200252034762550, -0.001038, 0.002975, -0.000244 
200252054568458, -0.002258, 0.002975, -0.001465 
200252074404884, 0.000198, -0.000702, -0.000244 
200252094210792, 0.000198, 0.000534, -0.000244 
200252114016700, 0.000198, -0.000702, -0.000244 
200252133853126, 0.000198, 0.000534, 0.000977 
200252153659034, 0.000198, 0.000534, 0.000977 
200252173495460, 0.000198, 0.000534, 0.000977 
200252193301368, 0.000198, -0.001907, -0.000244 
200252213137794, 0.001404, -0.001907, 0.000977 
200252232974220, -0.001038, 0.001755, -0.000244 
200252252780128, 0.000198, -0.001907, -0.000244 
200252272586036, 0.000198, 0.000534, -0.000244 
200252292422462, 0.000198, 0.000534, -0.000244 
200252312228370, 0.001404, -0.000702, 0.000977 
200252332034278, 0.001404, -0.001907, 0.000977 
200252351870704, 0.001404, 0.000534, 0.000977 
200252371676612, -0.001038, 0.000534, -0.000244 
200252391482520, 0.000198, -0.000702, -0.000244 
200252411318946, -0.002258, 0.001755, -0.000244 
200252431124854, 0.000198, -0.000702, -0.000244 
200252450961280, -0.001038, 0.002975, -0.000244 
200252470767188, 0.000198, 0.000534, -0.000244 
200252490573097, 0.000198, 0.000534, -0.000244 
200252510409522, 0.001404, -0.000702, -0.000244 
200252530245948, 0.000198, 0.000534, -0.000244 
200252550051856, 0.001389, -0.002426, 0.000610 
200252569888282, 0.001389, -0.001221, 0.000610 
200252589694190, 0.002625, -0.003662, 0.000610 
200252609500098, 0.002625, -0.002426, 0.000610 
200252629336524, -0.001053, 0.001236, -0.000610 
200252649142432, 0.000183, -0.001221, -0.000610 
200252668948341, 0.000183, 0.000015, 0.000610 
200252688784766, 0.001389, -0.001221, 0.000610 
200252708590675, 0.000183, -0.001221, -0.000610 
200252728396583, 0.000183, 0.000015, -0.000610 
200252748233009, 0.001389, -0.001221, 0.000610 
200252768038917, 0.001389, -0.002426, 0.000610 
200252787875343, 0.001389, -0.001221, -0.000610 
200252807711768, 0.002625, -0.001221, -0.000610 
200252827517677, 0.000183, -0.001221, -0.000610 
200252847354102, 0.000183, -0.001221, -0.000610 
200252867160011, -0.001053, 0.000015, -0.000610 
200252886965919, 0.001389, 0.001236, -0.000610 
200252906802345, 0.000183, 0.000015, -0.000610 
200252926608253, 0.000183, 0.000015, -0.000610 
200252946414161, 0.000183, 0.001236, -0.000610 
200252966250587, 0.000183, 0.000015, -0.000610 
200252986056495, 0.000183, 0.000015, 0.000610 
200253005862403, 0.000183, 0.000015, -0.000610 
200253025698829, 0.000183, 0.001236, -0.000610 
200253045504737, 0.000183, 0.000015, -0.000610 
200253065341163, -0.002274, 0.001236, -0.000610 
200253085177589, 0.000183, -0.001221, -0.000610 
200253104983497, 0.001389, -0.001221, -0.000610 
200253124819923, 0.000183, 0.000015, -0.000610 
200253144625831, 0.000183, -0.001221, -0.000610 
200253164431739, 0.001389, -0.003662, 0.000610 
200253184268165, 0.000183, 0.000015, -0.000610 
200253204074073, -0.001053, 0.000015, -0.000610 
200253223879981, -0.001053, 0.000015, -0.000610 
200253243716407, -0.001053, 0.002457, -0.000610 
200253263522315, 0.000183, 0.000015, 0.000610 
200253283328223, 0.000183, 0.000015, 0.000610 
200253303164649, -0.001053, 0.000015, 0.000610 
200253322970557, -0.001053, 0.001236, -0.000610 
200253342806983, 0.000183, 0.000015, 0.000610 
200253362643409, 0.000183, 0.000015, 0.000610 
200253382449317, 0.000183, 0.000015, 0.000610 
200253402285743, 0.000183, 0.000015, -0.000610 
200253422091651, 0.000183, -0.001221, 0.000610 
200253441897559, 0.000183, 0.000015, 0.000610 
200253461733985, 0.000183, 0.000015, 0.000610 
200253481539893, 0.000183, 0.000015, -0.000610 
200253501345802, 0.000183, 0.000015, -0.000610 
200253521182227, 0.000183, 0.000015, 0.000610 
200253540988136, 0.000183, 0.000015, 0.000610 
200253560794044, 0.000183, 0.000015, 0.000610 
200253580630470, 0.000183, 0.000015, -0.000610 
200253600436378, -0.001053, -0.001221, 0.000610 
200253620242286, -0.002274, -0.001221, 0.000610 
200253640078712, 0.000183, 0.000015, 0.000610 
200253659915138, -0.003494, 0.000015, 0.000610 
200253679751563, -0.001053, 0.000015, 0.000610 
200253699557472, 0.001389, 0.000015, 0.000610 
200253719363380, 0.003830, 0.000015, -0.000610 
200253739169288, 0.002625, 0.001236, 0.000610 
200253759005714, 0.001389, 0.000015, -0.000610 
200253778811622, 0.000183, 0.000015, -0.000610 
200253798648048, 0.000183, 0.000015, -0.000610 
200253818453956, 0.000183, 0.000015, 0.000610 
200253838259864, 0.000183, 0.000015, 0.000610 
200253858096290, 0.000183, 0.000015, 0.000610 
200253877902198, 0.000183, 0.000015, 0.000610 
200253897708106, 0.000183, 0.000015, 0.000610 
200253917544532, 0.000183, 0.000015, 0.000610 
200253937380958, 0.000183, 0.000015, 0.000610 
200253957186866, 0.000183, 0.000015, 0.000610 
200253977023292, -0.001053, 0.000015, 0.000610 
200253996829200, 0.000183, 0.000015, 0.000610 
200254016665626, 0.003830, 0.001236, 0.000610 
200254036471534, 0.006271, 0.002457, 0.000610 
200254056277442, -0.002274, -0.001221, 0.000610 
200254076113868, -0.003494, -0.001221, 0.000610 
200254095919776, -0.002274, -0.001221, 0.000610 
