2507892387430 -0.096339 -0.109444 9.805567  
2507912193338 -0.093226 -0.107107 9.805622  
2507931999247 -0.090449 -0.104851 9.805673  
2507951835672 -0.093714 -0.107576 9.805613  
2507971641581 -0.091818 -0.106431 9.805642  
2507991478006 -0.095598 -0.108903 9.805579  
2508011283915 -0.093344 -0.106707 9.805625  
2508031089823 -0.093714 -0.107059 9.805618  
2508050926249 -0.096336 -0.108636 9.805575  
2508070732157 -0.092687 -0.106092 9.805638  
2508090568583 -0.094483 -0.107877 9.805601  
2508110374491 -0.095613 -0.108437 9.805585  
2508130180399 -0.092458 -0.106123 9.805641  
2508150016825 -0.095971 -0.108971 9.805574  
2508169853251 -0.094788 -0.107925 9.805598  
2508189659159 -0.093193 -0.107090 9.805622  
2508209495585 -0.096617 -0.109631 9.805561  
2508229301493 -0.093690 -0.106455 9.805625  
2508249107401 -0.094216 -0.107239 9.805612  
2508268943827 -0.096421 -0.108566 9.805574  
2508288749735 -0.093075 -0.106016 9.805635  
2508308586161 -0.095109 -0.108513 9.805588  
2508328392069 -0.095826 -0.108563 9.805581  
2508348197977 -0.092970 -0.106728 9.805629  
2508368034403 -0.096465 -0.109400 9.805565  
2508387840311 -0.095186 -0.108107 9.805592  
2508407676737 -0.093564 -0.107416 9.805615  
2508427482645 -0.097220 -0.110088 9.805551  
2508447319071 -0.094601 -0.107613 9.805603  
2508467155497 -0.094457 -0.108333 9.805597  
2508486961405 -0.097133 -0.109946 9.805553  
2508506767313 -0.093684 -0.106980 9.805618  
2508526603739 -0.095672 -0.108555 9.805583  
2508546409647 -0.096680 -0.109250 9.805565  
2508566242319 -0.093312 -0.107304 9.805619  
2508586048227 -0.096087 -0.110413 9.805557  
2508605884653 -0.095450 -0.109560 9.805573  
2508625690561 -0.093489 -0.108813 9.805601  
2508645496469 -0.096583 -0.111663 9.805539  
2508665332895 -0.093840 -0.109854 9.805585  
2508685138803 -0.093457 -0.109696 9.805591  
2508704944711 -0.096156 -0.111881 9.805540  
2508724781137 -0.092599 -0.109231 9.805605  
2508744617563 -0.093738 -0.110709 9.805577  
2508764453989 -0.095466 -0.111828 9.805548  
2508784259897 -0.092139 -0.109240 9.805609  
2508804065805 -0.095396 -0.111641 9.805551  
2508823902231 -0.095270 -0.111088 9.805557  
2508843708139 -0.093153 -0.109735 9.805593  
2508863514047 -0.096497 -0.112708 9.805528  
2508883350473 -0.094309 -0.110087 9.805578  
2508903156381 -0.093920 -0.110137 9.805581  
2508922962289 -0.096363 -0.112227 9.805534  
2508942798715 -0.093562 -0.109396 9.805593  
2508962604623 -0.095624 -0.110959 9.805555  
2508982441049 -0.096799 -0.111484 9.805539  
2509002246957 -0.093896 -0.109541 9.805589  
2509022083383 -0.097102 -0.112261 9.805527  
2509041919809 -0.096095 -0.110789 9.805553  
2509061725717 -0.094582 -0.110000 9.805576  
2509081562143 -0.098111 -0.112582 9.805512  
2509101368051 -0.095211 -0.110163 9.805570  
2509121173959 -0.095610 -0.111200 9.805553  
2509141010385 -0.097828 -0.112392 9.805518  
2509160816293 -0.094199 -0.109933 9.805582  
2509180622202 -0.096445 -0.112302 9.805532  
2509200458627 -0.096224 -0.112045 9.805538  
2509220264536 -0.093454 -0.110567 9.805581  
2509240100961 -0.096865 -0.113430 9.805516  
2509259906870 -0.094670 -0.111257 9.805562  
2509279712778 -0.094435 -0.111664 9.805559  
2509299549204 -0.096944 -0.114021 9.805508  
2509319385629 -0.093827 -0.111229 9.805571  
2509339191538 -0.096043 -0.112820 9.805532  
2509359027963 -0.096416 -0.112912 9.805526  
2509378833872 -0.094085 -0.110773 9.805573  
2509398670297 -0.097457 -0.113631 9.805508  
2509418476206 -0.096541 -0.112279 9.805532  
2509438282114 -0.094939 -0.111367 9.805558  
2509458118539 -0.098148 -0.113905 9.805498  
2509477924448 -0.096075 -0.112200 9.805538  
2509497760873 -0.095307 -0.112260 9.805545  
2509517566782 -0.098274 -0.114064 9.805494  
2509537372690 -0.095045 -0.111272 9.805559  
2509557209116 -0.095940 -0.112356 9.805536  
2509577045541 -0.097672 -0.113662 9.805505  
2509596851450 -0.094823 -0.111101 9.805563  
2509616687875 -0.097772 -0.112908 9.805513  
2509636493784 -0.096867 -0.111931 9.805533  
2509656330209 -0.095565 -0.110865 9.805557  
2509676136118 -0.098684 -0.113418 9.805498  
2509695942026 -0.096243 -0.110969 9.805550  
2509715778452 -0.097133 -0.111270 9.805537  
2509735584360 -0.098541 -0.112086 9.805515  
2509755390268 -0.094276 -0.108724 9.805593  
2509775226694 -0.097292 -0.111139 9.805537  
2509795032602 -0.096803 -0.110768 9.805547  
2509814869028 -0.094473 -0.109417 9.805585  
2509834674936 -0.097843 -0.112248 9.805520  
2509854480844 -0.095384 -0.110343 9.805566  
2509874317270 -0.095034 -0.110555 9.805567  
