# Created at Tue Jun 01 16:05:03 GMT+02:00 2021 in Burnaby Canada 
2505938652079 1018.650085 
2505971977274 1018.672913 
2506005302469 1018.746399 
2506038627665 1018.753967 
2506071952860 1018.791931 
2506105278055 1018.925232 
2506138603251 1019.089539 
2506171928446 1019.214844 
2506205253641 1019.347961 
2506238578836 1019.469299 
2506271904032 1019.537048 
2506305229227 1019.540710 
2506338554422 1019.500977 
2506371879618 1019.445557 
2506405204813 1019.393250 
2506438530008 1019.340820 
2506471855204 1019.299133 
2506505180399 1019.270569 
2506538505594 1019.245422 
2506571830790 1019.219238 
2506605155985 1019.187683 
2506638481180 1019.159851 
2506671806376 1019.116394 
2506705131571 1019.083069 
2506738456766 1019.058533 
2506771781961 1019.042786 
2506805107157 1019.025391 
2506838432352 1019.017273 
2506871757547 1018.996765 
2506905082743 1018.976379 
2506938407938 1018.951660 
2506971733133 1018.923157 
2507005058329 1018.901062 
2507038383524 1018.884460 
2507071708719 1018.869934 
2507105033915 1018.845032 
2507138359110 1018.837402 
2507171684305 1018.820007 
2507205009501 1018.805603 
2507238334696 1018.794434 
2507271659891 1018.786621 
2507304985086 1018.772644 
2507338310282 1018.756042 
2507371635477 1018.740173 
2507404960672 1018.721252 
2507438285868 1018.704590 
2507471611063 1018.680847 
2507504936258 1018.681335 
2507538261454 1018.679199 
2507571586649 1018.682617 
2507604911844 1018.679993 
2507638237040 1018.685364 
2507671562235 1018.680420 
2507704887430 1018.669983 
2507738212626 1018.656494 
2507771537821 1018.646667 
2507804863016 1018.628662 
2507838188211 1018.619934 
2507871513407 1018.613586 
2507904838602 1018.613037 
2507938163797 1018.610046 
2507971488993 1018.610046 
2508004814188 1018.599915 
2508038139383 1018.591797 
2508071464579 1018.583740 
2508104789774 1018.580017 
2508138114969 1018.568848 
2508171440165 1018.572937 
2508204765360 1018.567078 
2508238090555 1018.572998 
2508271415751 1018.567078 
2508304740946 1018.565979 
2508338066141 1018.559143 
2508371391336 1018.563782 
2508404716532 1018.550964 
2508438041727 1018.554932 
2508471366922 1018.549988 
2508504692118 1018.548279 
2508538013559 1018.532043 
2508571338754 1018.533875 
2508604663950 1018.530029 
2508637989145 1018.522156 
2508671314340 1018.526062 
2508704639536 1018.533203 
2508737964731 1018.535889 
2508771289926 1018.527039 
2508804615122 1018.529236 
2508837940317 1018.515137 
2508871265512 1018.518982 
2508904590707 1018.507141 
2508937915903 1018.515930 
2508971241098 1018.510010 
2509004566293 1018.522949 
2509037891489 1018.512207 
2509071216684 1018.515930 
2509104541879 1018.506836 
2509137867075 1018.508240 
2509171192270 1018.494141 
2509204517465 1018.499329 
2509237842661 1018.494690 
2509271167856 1018.494141 
2509304493051 1018.490540 
2509337818247 1018.487610 
2509371143442 1018.485779 
2509404468637 1018.486511 
2509437793832 1018.484619 
2509471119028 1018.495789 
2509504444223 1018.500305 
2509537769418 1018.505371 
2509571094614 1018.511414 
2509604419809 1018.516785 
2509637745004 1018.521667 
2509671070200 1018.518738 
2509704395395 1018.519714 
2509737720590 1018.512512 
2509771045786 1018.510010 
2509804370981 1018.500305 
2509837696176 1018.500000 
2509871021372 1018.491455 
2509904346567 1018.502502 
2509937671762 1018.489990 
2509970996957 1018.489990 
2510004322153 1018.480713 
2510037647348 1018.485596 
2510070972543 1018.474060 
2510104297739 1018.482910 
2510137622934 1018.475769 
2510170948129 1018.487488 
2510204273325 1018.480225 
2510237598520 1018.488586 
2510270923715 1018.482422 
2510304248911 1018.486633 
2510337574106 1018.492859 
2510370899301 1018.507629 
2510404224497 1018.506531 
2510437549692 1018.500000 
2510470874887 1018.505859 
2510504200082 1018.484192 
2510537525278 1018.485901 
2510570850473 1018.479980 
2510604175668 1018.473633 
2510637500864 1018.461182 
2510670826059 1018.464783 
2510704151254 1018.457031 
2510737476450 1018.462952 
2510770801645 1018.467468 
2510804126840 1018.476624 
2510837452036 1018.485168 
2510870777231 1018.491882 
2510904102426 1018.493347 
2510937427622 1018.492981 
2510970752817 1018.492126 
2511004078012 1018.487549 
2511037403207 1018.483948 
2511070728403 1018.489990 
2511104053598 1018.492981 
2511137378793 1018.479980 
2511170703989 1018.485046 
2511204029184 1018.480896 
2511237354379 1018.479004 
2511270679575 1018.477051 
2511304004770 1018.489990 
2511337329965 1018.493835 
2511370655161 1018.495056 
2511403980356 1018.496094 
2511437305551 1018.493164 
2511470630747 1018.488037 
2511503955942 1018.479980 
2511537281137 1018.479980 
2511570606332 1018.481934 
2511603931528 1018.489990 
2511637256723 1018.493713 
2511670581918 1018.495117 
2511703907114 1018.495911 
2511737232309 1018.496277 
2511770557504 1018.497742 
2511803882700 1018.494202 
2511837207895 1018.492371 
2511870533090 1018.479980 
2511903858286 1018.491699 
2511937183481 1018.496765 
2511970508676 1018.507629 
2512003833872 1018.518555 
2512037159067 1018.504578 
2512070484262 1018.383606 
2512103809457 1018.151550 
2512137134653 1017.888733 
2512170459848 1017.633789 
2512203785043 1017.429382 
2512237110239 1017.344238 
2512270435434 1017.372986 
2512303760629 1017.473206 
2512337085825 1017.656494 
2512370411020 1017.731140 
2512403736215 1017.761292 
2512437061411 1017.783508 
2512470386606 1017.727844 
2512503711801 1017.637207 
2512537036997 1017.646729 
2512570362192 1017.673401 
2512603687387 1017.712219 
2512637012582 1017.750000 
2512670337778 1017.780334 
2512703662973 1017.816589 
2512736988168 1017.849854 
2512770313364 1017.881775 
2512803638559 1017.906494 
