# Created at Tue Jun 01 15:39:06 GMT+02:00 2021 in Burnaby Canada 
948856197609 0.001930 -0.009443 0.027104 
948876003517 0.001578 0.005911 0.021592 
948895839943 -0.000834 -0.004915 0.020881 
948915645851 0.001437 0.000127 0.017871 
948935451759 -0.005372 0.000138 0.021894 
948955288185 -0.005022 0.000149 0.016549 
948975094093 0.004567 0.000157 0.029880 
948994900001 0.006674 0.000164 0.017320 
949014736427 -0.003085 0.000172 0.019041 
949034572853 -0.000722 -0.002363 0.013786 
949054378761 0.006408 -0.009430 0.013327 
949074215187 -0.000792 -0.004488 0.008251 
949094021095 -0.009856 0.000306 0.014925 
949113827003 0.001981 -0.004323 0.009796 
949133663429 -0.000442 0.007630 0.016404 
949153469337 -0.000483 0.003004 0.015860 
949173275245 0.004096 -0.006349 0.001451 
949193111671 -0.000713 -0.001493 0.008350 
949212917579 0.006190 0.003199 0.008072 
949232723487 -0.003321 -0.010774 0.007803 
949252559913 -0.003036 -0.003696 0.005227 
949272365821 -0.000446 -0.003560 0.009686 
949292171730 0.008761 -0.001113 -0.002200 
949312008155 0.001693 -0.000828 0.007125 
949331844581 -0.003036 0.003844 0.009203 
949351650489 -0.002762 0.001413 0.008898 
949371456398 -0.000410 0.006010 0.008601 
949391292823 -0.005082 -0.003442 0.008314 
949411098732 -0.007282 -0.007934 0.008037 
949430904640 0.004698 -0.009740 0.010088 
949450741066 0.009117 0.000078 0.012054 
949470546974 0.001810 -0.001996 0.004722 
949490352882 -0.002694 0.009648 0.011498 
949510189308 -0.004746 -0.002225 0.013433 
949529995216 0.000217 0.000410 0.015306 
949549801124 0.007088 0.000407 0.014795 
949569637550 -0.002220 0.000178 0.007370 
949589473976 0.004732 0.000182 0.014057 
949609279884 -0.002643 -0.002129 0.015902 
949629116310 -0.002609 -0.002047 0.008424 
949648922218 -0.004891 0.000347 0.012774 
949668728126 0.004466 0.004978 0.010033 
949688564552 -0.000355 -0.004438 0.012014 
949708370460 0.001902 0.000586 -0.002264 
949728176368 0.006414 -0.004052 0.011691 
949748012794 -0.000786 0.005357 0.006670 
949767818702 -0.005218 -0.001756 -0.000484 
949787624611 0.006466 0.007576 -0.002783 
949807461036 0.001563 0.005021 0.008874 
949827266944 -0.000848 0.002785 -0.002984 
949847072853 -0.000647 -0.001926 -0.009815 
949866909278 -0.002997 0.000467 -0.000239 
949886745704 0.008841 -0.001619 0.020586 
949906551612 0.010350 0.012557 -0.037924 
949926388038 0.012030 0.007537 0.023474 
949946193946 0.004848 0.000819 -0.021243 
949965999855 -0.078181 -0.031335 -0.050604 
949985836280 0.040250 0.023148 0.050548 
950005642189 0.057345 0.033973 0.000291 
950025448097 -0.055423 -0.038857 -0.076049 
950045284523 -0.028192 -0.009552 -0.011060 
950065090431 0.081396 0.046535 0.051763 
950084896339 -0.013660 -0.015152 -0.040173 
950104732765 -0.068785 -0.030810 -0.064278 
950124538673 0.053723 0.030368 0.046588 
950144344581 0.030827 0.020357 -0.005853 
950164181007 -0.067176 -0.035591 -0.079669 
950184017433 0.008784 0.007254 0.029377 
950203823341 0.063721 0.041494 0.026077 
950223659767 -0.072627 -0.031803 -0.076571 
950243465675 -0.023762 -0.009918 -0.004617 
950263271583 0.069023 0.039005 0.051038 
950283077491 -0.037431 -0.024498 -0.057055 
950302913917 -0.047578 -0.032913 -0.027391 
950322719825 0.076550 0.051699 0.070668 
950342525734 -0.020677 -0.012228 -0.045023 
950362362159 -0.056827 -0.027983 -0.031957 
950382168068 0.074772 0.044667 0.061638 
950402004493 -0.011061 -0.010008 -0.021380 
950421810402 -0.072976 -0.035101 -0.057674 
950441646827 0.061248 0.038019 0.076101 
950461483253 0.013116 0.011560 -0.009710 
950481289161 -0.077367 -0.035062 -0.057957 
950501095069 0.054901 0.028808 0.066568 
950520931495 0.032198 0.013986 -0.005035 
950540737403 -0.077416 -0.032720 -0.058069 
950560543312 0.040763 0.021590 0.057207 
950580379737 0.039343 0.025505 0.011359 
950600185646 -0.070752 -0.040096 -0.053787 
950619991554 0.035640 0.014460 0.059031 
950639827980 0.041324 0.032507 0.031619 
950659633888 -0.082474 -0.037959 -0.052698 
950679439796 0.026854 0.002646 0.062401 
950699276222 0.063135 0.032883 0.027934 
950719082130 -0.066248 -0.040140 -0.049332 
950738918556 0.000668 0.000540 0.047156 
950758754982 0.063040 0.037545 0.040953 
950778560890 -0.066575 -0.035157 -0.050625 
950798366798 -0.008911 -0.001359 0.032028 
950818203224 0.067655 0.042894 0.049459 
950838009132 -0.059565 -0.034619 -0.063211 
950857815040 -0.025252 -0.010317 0.024476 
950877651466 0.081922 0.043481 0.056053 
950897457374 -0.057109 -0.031735 -0.054534 
950917263282 -0.027279 -0.014230 0.005124 
950937069191 0.073027 0.051249 0.058159 
950956905616 -0.049513 -0.037874 -0.066377 
950976711525 -0.036362 -0.013216 0.000606 
950996517433 0.080660 0.051995 0.053791 
951016353859 -0.046762 -0.026040 -0.063656 
951036190284 -0.040404 -0.013590 -0.015276 
951055996193 0.079083 0.051634 0.056951 
951075832618 -0.032337 -0.019455 -0.058288 
951095638527 -0.049814 -0.023423 -0.023968 
951115444435 0.081307 0.049091 0.062411 
951135280861 -0.022996 -0.024243 -0.062256 
951155086769 -0.045431 -0.028263 -0.032424 
951174892677 0.078857 0.051328 0.058870 
951194729103 -0.027692 -0.012820 -0.067994 
951214535011 -0.049727 -0.028784 -0.024103 
951234340919 0.076777 0.043891 0.059979 
951254177345 -0.016053 -0.013077 -0.059992 
951273983253 -0.059534 -0.026488 -0.032548 
951293789161 0.085808 0.053275 0.058751 
951313625587 -0.025821 -0.015552 -0.051916 
951333462013 -0.048147 -0.031441 -0.031692 
951353267921 0.078304 0.041323 0.071141 
951373104347 -0.028459 -0.010925 -0.039939 
951392910255 -0.057644 -0.033674 -0.027043 
951412716163 0.085319 0.055360 0.068686 
951432552589 -0.023976 -0.015855 -0.037695 
951452358497 -0.060258 -0.036138 -0.027175 
951472164405 0.078173 0.039332 0.075509 
951492000831 -0.010087 -0.010536 -0.038047 
951511806739 -0.062998 -0.035614 -0.036778 
951531612648 0.075512 0.051169 0.070855 
951551449073 -0.003168 -0.006024 -0.028649 
951571254982 -0.065346 -0.031250 -0.034639 
951591091407 0.075787 0.043824 0.072925 
951610927833 -0.007534 -0.013139 -0.019716 
951630733741 -0.064936 -0.035812 -0.030622 
951650539650 0.066704 0.039416 0.081424 
951670376075 0.001953 0.003427 0.002378 
951690181984 -0.074261 -0.031362 -0.041640 
951709987892 0.064624 0.025203 0.089269 
951729824318 0.020770 0.003568 0.007660 
951749630226 -0.072282 -0.045105 -0.052745 
951769436134 0.048041 0.028114 0.083180 
951789272560 0.032501 0.015860 0.006393 
951809078468 -0.079665 -0.035541 -0.049339 
951828884376 0.031638 0.018865 0.061014 
951848720802 0.042087 0.025186 0.015039 
951868526710 -0.072488 -0.042705 -0.061792 
951888363136 0.031644 0.028121 0.065172 
951908199562 0.046726 0.024883 0.014427 
951928005470 -0.077478 -0.038383 -0.055453 
951947811378 0.017559 0.011272 0.043551 
951967647804 0.058555 0.031724 0.032837 
951987453712 -0.068362 -0.034084 -0.074651 
952007259620 0.014820 0.017958 0.041178 
952027096046 0.069537 0.040738 0.032858 
952046901954 -0.062150 -0.041549 -0.083877 
952066707862 0.009489 0.001478 0.032262 
952086544288 0.071567 0.045399 0.042750 
952106350196 -0.069661 -0.039378 -0.088211 
952126156105 -0.007032 0.003589 0.011876 
952145992530 0.060228 0.035876 0.025360 
952165828956 -0.061896 -0.030072 -0.091140 
952185634864 -0.006688 0.003554 0.006743 
952205471290 0.072122 0.045093 0.027331 
952225277198 -0.061965 -0.032725 -0.086918 
952245083107 -0.009072 -0.006173 0.008507 
952264889015 0.074449 0.047254 0.038284 
952284725441 -0.057397 -0.030638 -0.074015 
952304531349 -0.006743 -0.006471 0.011734 
952324337257 0.072071 0.049265 0.036787 
952344173683 -0.055067 -0.035851 -0.080096 
952363979591 -0.025301 -0.006881 0.001208 
952383816017 0.077260 0.041936 0.033560 
952403621925 -0.061857 -0.026530 -0.078584 
952423427833 -0.025148 -0.014064 -0.004264 
952443264259 0.075092 0.055819 0.035202 
952463100685 -0.054692 -0.033920 -0.072379 
952482906593 -0.018234 -0.007556 -0.009818 
952502743019 0.074843 0.048448 0.034451 
952522548927 -0.050301 -0.034098 -0.068473 
952542354835 -0.013764 -0.012132 -0.001421 
952562160743 0.074762 0.055371 0.051832 
952581997169 -0.050377 -0.036671 -0.070183 
952601803077 -0.018468 -0.012303 -0.003074 
952621608986 0.072299 0.052893 0.047916 
952641445411 -0.052534 -0.032115 -0.071636 
952661251319 -0.027715 -0.014846 0.004768 
952681057228 0.072607 0.052984 0.062432 
952700893653 -0.047846 -0.034345 -0.062238 
952720699562 -0.022940 -0.019303 0.002291 
952740535987 0.072595 0.046124 0.062351 
952760372413 -0.047628 -0.036360 -0.059999 
952780178321 -0.029676 -0.014318 0.016020 
952799984230 0.077660 0.046560 0.070992 
952819820655 -0.045509 -0.031307 -0.058597 
952839626564 -0.037105 -0.018682 0.003508 
952859432472 0.079941 0.049259 0.051968 
952879268898 -0.040509 -0.033084 -0.067732 
952899074806 -0.023253 -0.013470 -0.000709 
952918880714 0.079225 0.051763 0.061768 
952938717140 -0.045836 -0.026277 -0.069825 
952958523048 -0.025857 -0.011504 -0.011978 
952978328956 0.083651 0.058299 0.055505 
952998165382 -0.050579 -0.027131 -0.059684 
953018001808 -0.039476 -0.010013 -0.011436 
953037807716 0.079507 0.055335 0.056029 
953057644142 -0.038843 -0.036474 -0.070741 
953077450050 -0.046872 -0.016729 -0.022126 
953097255958 0.089026 0.050915 0.057261 
953117092384 -0.031974 -0.020149 -0.069551 
953136898292 -0.049463 -0.028937 -0.030228 
953156704200 0.086281 0.057855 0.049415 
953176540626 -0.039245 -0.022704 -0.063257 
953196346534 -0.049561 -0.022156 -0.028760 
953216152443 0.072303 0.047985 0.053147 
953235988868 -0.034257 -0.029916 -0.066582 
953255794777 -0.042421 -0.026829 -0.036620 
953275600685 0.072272 0.055047 0.059444 
953295437111 -0.025026 -0.027735 -0.062824 
953315273536 -0.056644 -0.026793 -0.035286 
953335079444 0.081655 0.052764 0.058418 
953354915870 -0.029834 -0.020681 -0.054553 
953374721778 -0.061289 -0.031540 -0.036539 
953394527687 0.074863 0.057654 0.066442 
953414364112 -0.018134 -0.015968 -0.046800 
953434170021 -0.059227 -0.038775 -0.035979 
953453975929 0.069909 0.047888 0.060046 
953473812355 -0.003722 -0.016145 -0.034479 
953493618263 -0.065882 -0.029455 -0.056457 
953513424171 0.063476 0.031678 0.072645 
953533260597 0.015031 0.003110 -0.015355 
953553066505 -0.078044 -0.043233 -0.065731 
953572872413 0.067898 0.034558 0.068297 
953592708839 0.014686 0.003580 -0.017242 
953612545265 -0.076059 -0.040706 -0.067558 
953632351173 0.053850 0.039090 0.073478 
953652187599 0.008054 -0.001519 -0.016868 
953671993507 -0.070920 -0.041003 -0.062565 
953691799415 0.063463 0.043661 0.082924 
953711635841 -0.003710 -0.001735 -0.005424 
953731441749 -0.077661 -0.043287 -0.046883 
953751247657 0.068039 0.039120 0.084213 
953771084083 0.010208 -0.001261 -0.004172 
953790889991 -0.082718 -0.042829 -0.045673 
953810695900 0.058994 0.041879 0.078454 
953830532325 0.013029 -0.001142 0.001808 
953850338234 -0.079991 -0.040412 -0.039877 
953870144142 0.058854 0.037282 0.079407 
953889980568 0.020281 -0.003267 0.000431 
953909816993 -0.070438 -0.044992 -0.052773 
953929622902 0.056754 0.041880 0.076204 
953949459327 0.006458 -0.001138 -0.000365 
953969265236 -0.067832 -0.042936 -0.048928 
953989071144 0.071068 0.046181 0.077607 
954008907569 0.010821 -0.003930 -0.019809 
954028713478 -0.072878 -0.034071 -0.035347 
954048519386 0.063659 0.045962 0.065293 
954068355812 0.005959 -0.018007 -0.024779 
954088161720 -0.072717 -0.038445 -0.044765 
954107967628 0.064045 0.044047 0.067756 
954127773536 -0.005232 -0.010610 -0.031648 
954147609962 -0.062936 -0.040317 -0.046788 
954167446388 0.075569 0.051257 0.070428 
954187252296 -0.010519 -0.010799 -0.038332 
954207088722 -0.069909 -0.033315 -0.039349 
954226894630 -0.067869 -0.032415 -0.038042 
954246700538 -0.001128 -0.012591 -0.046037 
954266536964 -0.000238 -0.011920 -0.044491 
954286342872 -0.053039 -0.025824 -0.033746 
954306179298 0.092303 0.060900 0.087632 
954325985206 -0.021641 -0.029439 -0.030971 
954345791114 -0.036958 -0.027941 -0.039204 
954365597023 -0.010352 -0.017960 -0.028651 
954385433448 -0.063731 -0.029369 -0.055443 
954405239357 0.063237 0.043761 0.101413 
954425045265 0.021513 0.009231 0.007834 
954444881691 -0.071777 -0.043573 -0.045624 
954464718116 0.069339 0.038861 0.083117 
954484524025 0.008900 -0.001281 -0.000600 
954504360450 0.008771 -0.000988 -0.000575 
954524166359 0.072731 0.049722 0.091949 
954543972267 0.001088 -0.004659 -0.019817 
954563808693 -0.066323 -0.028075 -0.033044 
954583614601 0.053347 0.040174 0.083711 
954603420509 -0.013255 -0.007177 -0.037049 
954623256935 0.001011 0.000469 0.033589 
954643062843 0.000689 0.007645 0.020905 
954662868751 0.007543 -0.001613 0.015579 
954682705177 -0.001784 0.005386 0.008129 
954702511085 0.007468 0.007535 0.017106 
954722316993 -0.009032 0.004981 0.000340 
