# Created at Tue Jun 01 15:39:06 GMT+02:00 2021 in Burnaby Canada 
948854610694 0.302124 -23.973083 21.295166 
948874477638 0.302124 -23.973083 21.295166 
948894344581 0.303650 -24.125671 21.295166 
948914242042 0.303650 -24.125671 21.295166 
948934108986 0.302124 -24.423218 20.848083 
948953975929 0.302124 -24.421692 20.700073 
948973873390 0.149536 -24.415588 19.653320 
948993740333 0.151062 -24.417114 19.950867 
949013637794 0.000000 -24.417114 19.950867 
949033535255 0.151062 -24.417114 19.950867 
949053402198 0.151062 -24.417114 19.950867 
949073269142 0.151062 -24.417114 19.950867 
949093166603 0.151062 -24.417114 19.950867 
949113033546 0.151062 -24.417114 19.950867 
949132900489 0.300598 -24.420166 20.401001 
949152797950 0.302124 -24.720764 20.402527 
949172664894 0.152588 -24.569702 20.399475 
949192531837 0.450134 -23.818970 20.397949 
949212429298 0.451660 -24.121094 20.399475 
949232296241 0.450134 -23.968506 20.399475 
949252163185 0.450134 -23.968506 20.399475 
949272060646 0.450134 -23.968506 20.399475 
949291958107 0.450134 -23.968506 20.399475 
949311825050 0.451660 -24.121094 20.399475 
949331722511 0.451660 -24.121094 20.101929 
949351589454 0.451660 -24.121094 20.101929 
949371456398 0.451660 -24.121094 20.101929 
949391353859 0.451660 -24.121094 20.101929 
949411220802 0.453186 -24.571228 20.103455 
949431087745 0.453186 -24.571228 20.103455 
949450985206 0.453186 -24.569702 19.952393 
949470852150 0.453186 -24.569702 19.952393 
949490719093 0.302124 -24.571228 20.103455 
949510586036 0.303650 -24.572754 20.700073 
949530483497 0.303650 -24.572754 20.700073 
949550350441 0.303650 -24.572754 20.700073 
949570217384 0.303650 -24.572754 20.700073 
949590145362 0.755310 -24.574280 20.700073 
949610012306 0.906372 -24.575806 20.701599 
949629879249 0.906372 -24.575806 20.701599 
949649776710 0.906372 -24.575806 20.701599 
949669643653 0.755310 -24.574280 20.700073 
949689510597 1.057434 -24.575806 20.701599 
949709408058 1.057434 -24.575806 20.701599 
949729275001 1.057434 -24.575806 20.701599 
949749141944 1.057434 -24.575806 20.701599 
949769039405 0.906372 -24.577332 20.849609 
949788906349 0.755310 -24.575806 20.848083 
949808773292 0.454712 -24.574280 20.848083 
949828670753 0.454712 -24.574280 20.848083 
949848537696 0.152588 -24.421692 20.846558 
949868435157 0.152588 -24.421692 20.846558 
949888332618 0.152588 -24.421692 20.846558 
949908199562 0.001526 -24.421692 20.846558 
949928066505 0.001526 -24.421692 20.846558 
949947963966 0.001526 -24.421692 20.846558 
949967830909 0.154114 -24.572754 20.846558 
949987697853 0.154114 -24.722290 20.848083 
950007595314 0.154114 -24.722290 20.848083 
950027462257 0.154114 -24.722290 20.848083 
950047329200 0.154114 -24.722290 20.848083 
950067226661 0.154114 -24.722290 20.848083 
950087093605 0.154114 -24.722290 20.848083 
950106960548 0.303650 -24.723816 21.000671 
950126858009 0.303650 -24.723816 21.000671 
950146724952 0.303650 -24.723816 21.000671 
950166622413 0.303650 -24.723816 21.000671 
950186519874 0.303650 -24.723816 21.000671 
950206386818 0.303650 -24.574280 20.999146 
950226253761 0.303650 -24.574280 20.999146 
950246151222 0.305176 -24.575806 21.444702 
950266018165 0.305176 -24.575806 21.296692 
950285885109 0.155640 -24.574280 21.295166 
950305752052 0.155640 -24.574280 21.295166 
950325649513 0.155640 -24.574280 21.295166 
950345516456 0.155640 -24.574280 21.295166 
950365383400 0.154114 -24.572754 20.997620 
950385280861 0.303650 -24.572754 20.700073 
950405178321 0.300598 -24.569702 19.804382 
950425045265 0.454712 -24.572754 20.550537 
950444942726 0.302124 -24.421692 20.700073 
950464840187 0.453186 -24.421692 20.700073 
950484707130 0.302124 -24.421692 20.700073 
950504574073 0.302124 -24.421692 20.700073 
950524471534 0.302124 -24.423218 20.848083 
950544338478 0.303650 -24.424744 21.444702 
950564174903 0.454712 -24.424744 21.296692 
950584072364 0.454712 -24.424744 21.444702 
950603939308 0.456238 -24.575806 21.444702 
950623806251 0.456238 -24.575806 21.444702 
950643703712 0.454712 -24.424744 21.444702 
950663570655 0.454712 -24.424744 21.444702 
950683437599 0.003052 -24.423218 21.443176 
950703335060 0.004578 -24.723816 21.444702 
950723232521 0.157166 -24.873352 21.444702 
950743099464 0.157166 -24.873352 21.444702 
950762996925 0.157166 -24.873352 21.296692 
950782863868 0.157166 -24.873352 21.296692 
950802730812 0.155640 -24.871826 20.999146 
950822628273 0.155640 -24.871826 20.999146 
950842495216 0.303650 -24.723816 20.849609 
950862362159 0.300598 -24.569702 19.804382 
950882259620 0.300598 -24.719238 19.805908 
950902126564 0.300598 -24.719238 19.805908 
950921993507 0.300598 -24.719238 19.805908 
950941890968 0.300598 -24.569702 19.804382 
950961757911 0.752258 -24.571228 19.804382 
950981624855 0.450134 -24.418640 19.804382 
951001522316 0.454712 -24.572754 20.700073 
951021419777 0.454712 -24.572754 20.700073 
951041286720 0.454712 -24.574280 20.999146 
951061184181 0.456238 -24.575806 21.296692 
951081051124 0.456238 -24.575806 21.444702 
951100918068 0.456238 -24.575806 21.444702 
951120815528 0.454712 -24.424744 21.296692 
951140682472 0.454712 -24.424744 21.444702 
951160549415 0.454712 -24.424744 21.444702 
951180446876 0.454712 -24.424744 21.444702 
951200313819 0.303650 -24.424744 21.296692 
951220180763 0.303650 -24.424744 21.296692 
951240078224 0.303650 -24.424744 21.444702 
951259945167 0.303650 -24.424744 21.444702 
951279812111 0.154114 -24.423218 21.443176 
951299740089 0.303650 -24.424744 21.444702 
951319607032 0.454712 -24.424744 21.444702 
951339504493 0.454712 -24.424744 21.444702 
951359371437 0.454712 -24.424744 21.444702 
951379238380 0.454712 -24.424744 21.444702 
951399135841 0.454712 -24.424744 21.444702 
951419002784 0.454712 -24.424744 21.444702 
951438869728 0.454712 -24.424744 21.444702 
951458767189 0.454712 -24.424744 21.444702 
951478634132 0.454712 -24.424744 21.444702 
951498501075 0.454712 -24.424744 21.444702 
951518398536 0.454712 -24.424744 21.444702 
951538265480 0.454712 -24.424744 21.444702 
951558132423 0.454712 -24.424744 21.444702 
951578029884 0.454712 -24.424744 21.444702 
951597927345 0.454712 -24.424744 21.296692 
951617794288 0.454712 -24.424744 21.296692 
951637691749 0.454712 -24.424744 21.296692 
951657558693 0.454712 -24.424744 21.296692 
951677456153 0.154114 -24.423218 21.295166 
951697323097 0.154114 -24.423218 21.295166 
951717190040 0.154114 -24.423218 21.295166 
951737056984 0.154114 -24.423218 21.295166 
951756954444 0.154114 -24.423218 21.295166 
951776821388 0.154114 -24.124146 21.293640 
951796688331 0.154114 -24.124146 21.293640 
951816585792 0.152588 -24.122620 20.996094 
951836452736 0.302124 -24.124146 20.997620 
951856319679 0.302124 -24.124146 20.997620 
951876247657 0.453186 -24.124146 20.997620 
951896114601 0.453186 -24.124146 20.997620 
951915981544 0.453186 -24.124146 20.997620 
951935879005 0.453186 -24.124146 20.997620 
951955745948 0.453186 -24.423218 20.999146 
951975612892 0.904846 -24.426270 21.000671 
951995510353 0.904846 -24.426270 21.000671 
952015377296 0.906372 -24.577332 21.000671 
952035244239 0.755310 -24.575806 20.999146 
952055141700 0.755310 -24.575806 20.999146 
952075008644 0.755310 -24.575806 20.999146 
952094875587 0.755310 -24.575806 20.999146 
952114773048 0.755310 -24.575806 20.999146 
952134639991 0.755310 -24.575806 20.999146 
952154567970 0.454712 -24.574280 20.999146 
952174434913 0.454712 -24.723816 21.000671 
952194301857 0.454712 -24.574280 20.999146 
952214199318 0.454712 -24.574280 20.999146 
952234066261 0.454712 -24.574280 20.999146 
952253933204 0.453186 -24.423218 20.999146 
952273830665 0.454712 -24.424744 21.296692 
952293697609 0.454712 -24.424744 21.444702 
952313564552 0.454712 -24.424744 21.444702 
952333462013 0.454712 -24.424744 21.444702 
952353328956 0.454712 -24.424744 21.444702 
952373195900 0.454712 -24.424744 21.444702 
952393093361 0.454712 -24.424744 21.444702 
952412960304 0.454712 -24.424744 21.444702 
952432827247 0.454712 -24.424744 21.444702 
952452755226 0.456238 -24.725342 21.446228 
952472622169 0.456238 -24.575806 21.444702 
952492519630 0.456238 -24.575806 21.444702 
952512386573 0.755310 -24.426270 21.444702 
952532253517 0.454712 -24.424744 21.444702 
952552150978 0.454712 -24.424744 21.444702 
952572017921 0.454712 -24.426270 21.595764 
952591884864 0.454712 -24.426270 21.595764 
952611782325 0.454712 -24.426270 21.595764 
952631649269 0.454712 -24.426270 21.595764 
952651516212 0.454712 -24.426270 21.595764 
952671383155 0.454712 -24.426270 21.595764 
952691280616 0.454712 -24.424744 21.444702 
952711147560 0.454712 -24.424744 21.444702 
952731075538 0.454712 -24.426270 21.595764 
952750942482 0.456238 -24.575806 21.444702 
952770809425 0.456238 -24.575806 21.444702 
952790706886 0.456238 -24.575806 21.444702 
952810573829 0.456238 -24.725342 21.446228 
952830440773 0.456238 -24.575806 21.444702 
952850338234 0.456238 -24.725342 21.446228 
952870205177 0.456238 -24.725342 21.446228 
952890072120 0.456238 -24.575806 21.296692 
952909969581 0.456238 -24.575806 21.444702 
952929836525 0.456238 -24.575806 21.444702 
952949703468 0.456238 -24.575806 21.444702 
952969600929 0.456238 -24.575806 21.444702 
952989467872 0.454712 -24.424744 21.444702 
953009334816 0.454712 -24.424744 21.444702 
953029262794 0.303650 -24.125671 21.443176 
953049129737 0.303650 -24.125671 21.443176 
953068996681 0.302124 -23.973083 21.443176 
953088894142 0.302124 -23.973083 21.443176 
953108761085 0.303650 -24.424744 21.444702 
953128628028 0.303650 -24.125671 21.443176 
953148525489 0.303650 -24.125671 21.443176 
953168392433 0.303650 -24.125671 21.443176 
953188259376 0.303650 -24.125671 21.443176 
953208156837 0.303650 -24.125671 21.443176 
953228023780 0.303650 -24.125671 21.443176 
953247890724 0.303650 -24.125671 21.443176 
953267788185 0.303650 -24.125671 21.443176 
953287655128 0.303650 -24.125671 21.443176 
953307552589 0.303650 -24.127197 21.594238 
953327419532 0.303650 -24.426270 21.595764 
953347316993 0.305176 -24.577332 21.595764 
953367183937 0.305176 -24.577332 21.595764 
953387050880 1.358032 -24.581909 21.597290 
953406948341 1.058960 -24.578857 21.446228 
953426815284 1.058960 -24.578857 21.446228 
953446682228 1.058960 -24.578857 21.446228 
953466579689 1.058960 -24.578857 21.446228 
953486446632 1.058960 -24.578857 21.446228 
953506313575 0.907898 -24.578857 21.446228 
953526211036 0.907898 -24.729919 21.598816 
953546077980 0.906372 -24.429321 21.745300 
953565944923 0.756836 -24.427795 21.893311 
953585872902 0.756836 -24.429321 22.042847 
953605739845 0.756836 -24.130249 22.041321 
953625606788 0.756836 -24.130249 22.041321 
953645504249 0.756836 -24.130249 22.041321 
953665371193 0.756836 -24.130249 22.041321 
953685238136 0.756836 -24.130249 22.041321 
953705135597 0.755310 -24.128723 21.594238 
953725002540 0.755310 -24.128723 21.594238 
953744869484 0.755310 -24.128723 21.742249 
953764766944 0.755310 -24.128723 21.594238 
953784633888 0.755310 -24.128723 21.594238 
953804500831 0.755310 -24.128723 21.594238 
953824398292 0.755310 -24.128723 21.594238 
953844265236 0.753784 -23.976135 21.594238 
953864132179 0.753784 -23.976135 21.742249 
953884029640 0.753784 -23.976135 21.742249 
953903927101 0.755310 -24.128723 21.742249 
953923794044 0.755310 -24.128723 21.742249 
953943660987 0.755310 -24.128723 21.742249 
953963558448 0.755310 -24.128723 21.742249 
953983425392 0.755310 -24.128723 21.594238 
954003292335 0.755310 -24.128723 21.594238 
954023189796 0.303650 -24.127197 21.742249 
954043056739 0.154114 -24.125671 21.592712 
954062954200 0.154114 -24.125671 21.592712 
954082821144 0.154114 -24.125671 21.592712 
954102718605 0.154114 -24.125671 21.592712 
954122585548 0.154114 -24.424744 21.594238 
954142452491 0.154114 -24.424744 21.594238 
954162380470 0.154114 -24.424744 21.594238 
954182247413 0.154114 -24.424744 21.594238 
954202144874 0.154114 -24.424744 21.594238 
954221981300 0.154114 -24.424744 21.594238 
954241848243 0.154114 -24.424744 21.594238 
954261745704 0.303650 -24.426270 21.595764 
954281612648 0.303650 -24.426270 21.595764 
954301479591 0.303650 -24.426270 21.595764 
954321377052 0.303650 -24.127197 21.594238 
954341243995 0.454712 -24.127197 21.594238 
954361110939 0.454712 -24.127197 21.594238 
954381008400 0.454712 -24.127197 21.594238 
954400875343 0.755310 -24.128723 21.594238 
954420742286 0.755310 -24.128723 21.594238 
954440639747 0.755310 -24.128723 21.594238 
954460537208 0.755310 -24.127197 21.443176 
954480404152 0.755310 -24.127197 21.295166 
954500271095 0.755310 -24.127197 21.295166 
954520168556 0.755310 -24.127197 21.295166 
954540035499 0.755310 -24.127197 21.295166 
954559902443 0.755310 -24.127197 21.295166 
954579769386 0.755310 -24.127197 21.443176 
954599666847 0.755310 -24.127197 21.443176 
954619533790 0.755310 -24.127197 21.443176 
954639400734 0.907898 -24.578857 21.446228 
954659298194 0.907898 -24.728394 21.447754 
954679165138 0.907898 -24.728394 21.447754 
954699032081 0.907898 -24.728394 21.447754 
954718899025 0.907898 -24.728394 21.447754 
