# Created at Tue Jun 01 15:39:06 GMT+02:00 2021 in Burnaby Canada 
948841243995 1018.460388 
948874569191 1018.458557 
948907894386 1018.455505 
948941219581 1018.413147 
948974544777 1018.313721 
949007869972 1018.310852 
949041195167 1018.320007 
949074520362 1018.314026 
949107845558 1018.320007 
949141170753 1018.329285 
949174495948 1018.320007 
949207821144 1018.320007 
949241146339 1018.320007 
949274471534 1018.320007 
949307796730 1018.317078 
949341121925 1018.313538 
949374447120 1018.314148 
949407772316 1018.311768 
949441097511 1018.309998 
949474422706 1018.309998 
949507747902 1018.307800 
949541073097 1018.299988 
949574398292 1018.307068 
949607723487 1018.312256 
949641048683 1018.320007 
949674373878 1018.320007 
949707699073 1018.320007 
949741024269 1018.320007 
949774349464 1018.315979 
949807674659 1018.301941 
949840999855 1018.299988 
949874325050 1018.300964 
949907650245 1018.304138 
949940975441 1018.294678 
949974300636 1018.327698 
950007625831 1018.311768 
950040951027 1018.293152 
950074276222 1018.326111 
950107601417 1018.307068 
950140926612 1018.306213 
950174251808 1018.320007 
950207577003 1018.320007 
950240902198 1018.310974 
950274227394 1018.316833 
950307552589 1018.302246 
950340877784 1018.296082 
950374202980 1018.311707 
950407528175 1018.288879 
950440853370 1018.314880 
950474178566 1018.294861 
950507503761 1018.328552 
950540828956 1018.300293 
950574154152 1018.329895 
950607479347 1018.317810 
950640804542 1018.317627 
950674129737 1018.318604 
950707454933 1018.303040 
950740780128 1018.324280 
950774105323 1018.299255 
950807430519 1018.336487 
950840755714 1018.299500 
950874080909 1018.328308 
950907406105 1018.291748 
950940731300 1018.319031 
950974056495 1018.296631 
951007381691 1018.304443 
951040706886 1018.300049 
951074032081 1018.303894 
951107357277 1018.312988 
951140682472 1018.299561 
951174007667 1018.332336 
951207332862 1018.311768 
951240658058 1018.343323 
951273983253 1018.305664 
951307308448 1018.344543 
951340633644 1018.304504 
951373958839 1018.341553 
951407284034 1018.300293 
951440609230 1018.326660 
951473934425 1018.307373 
951507259620 1018.325134 
951540584816 1018.322327 
951573910011 1018.323486 
951607235206 1018.345703 
951640560402 1018.308105 
951673885597 1018.344788 
951707210792 1018.303772 
951740535987 1018.332214 
951773861183 1018.308105 
951807186378 1018.324524 
951840511573 1018.308350 
951873836769 1018.309814 
951907161964 1018.315674 
951940487159 1018.300110 
951973812355 1018.322449 
952007137550 1018.296692 
952040462745 1018.323547 
952073787941 1018.288330 
952107113136 1018.321838 
952140438331 1018.285339 
952173763527 1018.314697 
952207088722 1018.295654 
952240413917 1018.322083 
952273739112 1018.311340 
952307064308 1018.313293 
952340389503 1018.316956 
952373714698 1018.299988 
952407039894 1018.312683 
952440365089 1018.288757 
952473690284 1018.316406 
952507015480 1018.280212 
952540340675 1018.316711 
952573665870 1018.278625 
952606991066 1018.308899 
952640316261 1018.280945 
952673641456 1018.322571 
952706966652 1018.299622 
952740291847 1018.325867 
952773617042 1018.319397 
952806942237 1018.325439 
952840267433 1018.320007 
952873592628 1018.311523 
952906917823 1018.326843 
952940243019 1018.300964 
952973568214 1018.326721 
953006893409 1018.293396 
953040218605 1018.329041 
953073543800 1018.295105 
953106868995 1018.331848 
953140194191 1018.301331 
953173519386 1018.323914 
953206844581 1018.296143 
953240169777 1018.310120 
953273494972 1018.300598 
953306820167 1018.301453 
953340145362 1018.309021 
953373470558 1018.297607 
953406795753 1018.313904 
953440120948 1018.283142 
953473446144 1018.315979 
953506771339 1018.287659 
953540096534 1018.311829 
953573421730 1018.282471 
953606746925 1018.312500 
953640072120 1018.287109 
953673397316 1018.314636 
953706722511 1018.307190 
953740047706 1018.327820 
953773372902 1018.325623 
953806698097 1018.321350 
953840023292 1018.335388 
953873348487 1018.311035 
953906673683 1018.331482 
953939998878 1018.297668 
953973324073 1018.323486 
954006649269 1018.288757 
954039974464 1018.329834 
954073299659 1018.289124 
954106624855 1018.337402 
954139950050 1018.293762 
954173275245 1018.325500 
954206600441 1018.288147 
954239925636 1018.315186 
954273250831 1018.291748 
954306576027 1018.397400 
954339901222 1018.489258 
954373226417 1018.541992 
954406551612 1018.565613 
954439876808 1018.528320 
954473202003 1018.477356 
954506527198 1018.307190 
954539852394 1018.276123 
954573177589 1018.242432 
954606502784 1018.261536 
954639827980 1018.241028 
954673153175 1018.272034 
954706478370 1018.251709 
