# Created at Tue Jun 01 16:15:58 GMT+02:00 2021 in Burnaby Canada 
3161016583776 -0.000748 0.005234 0.012100 
3161036420201 -0.000748 0.005234 0.012100 
3161056226110 -0.000748 0.005234 0.012100 
3161076062535 -0.000748 0.005234 0.012100 
3161095868444 -0.000748 0.005234 0.012100 
3161115704869 -0.000748 0.005234 0.012100 
3161135541295 -0.000748 0.005234 0.012100 
3161155347203 -0.000748 0.005234 0.012100 
3161175153112 -0.000748 0.005234 0.012100 
3161194989537 -0.000748 0.005234 0.012100 
3161214795446 -0.000748 0.005234 0.012100 
3161234601354 -0.000748 0.005234 0.012100 
3161254437780 -0.000748 0.005234 0.012100 
3161274243688 -0.000748 0.005234 0.012100 
3161294049596 -0.000748 0.005234 0.012100 
3161313886022 -0.000748 0.005234 0.012100 
3161333691930 -0.000748 0.005234 0.012100 
3161353528356 -0.000748 0.005234 0.012100 
3161373334264 -0.000748 0.005234 0.012100 
3161393170690 -0.000748 0.005234 0.012100 
3161413007115 -0.000748 0.005234 0.012100 
3161432813024 -0.000748 0.005234 0.012100 
3161452618932 -0.000748 0.005234 0.012100 
3161472455358 -0.000748 0.005234 0.012100 
3161492261266 -0.000748 0.005234 0.012100 
3161512067174 -0.000748 0.005234 0.012100 
3161531903600 -0.000748 0.005234 0.012100 
3161551709508 -0.000748 0.005234 0.012100 
3161571545934 -0.000748 0.005234 0.012100 
3161591351842 -0.000748 0.005234 0.012100 
3161611157750 -0.000748 0.005234 0.012100 
3161630994176 -0.000748 0.005234 0.012100 
3161650800084 -0.000748 0.005234 0.012100 
3161670605992 -0.000748 0.005234 0.012100 
3161690442418 -0.000748 0.005234 0.012100 
3161710278844 -0.000748 0.005234 0.012100 
3161730084752 -0.000748 0.005234 0.012100 
3161749921178 -0.000748 0.005234 0.012100 
3161769727086 -0.000748 0.005234 0.012100 
3161789563512 -0.000748 0.005234 0.012100 
3161809369420 -0.000748 0.005234 0.012100 
3161829175328 -0.000748 0.005234 0.012100 
3161849011754 -0.000748 0.005234 0.012100 
3161868817662 -0.000748 0.005234 0.012100 
3161888623571 -0.000748 0.005234 0.012100 
3161908459996 -0.000748 0.005234 0.012100 
3161928265905 -0.000748 0.005234 0.012100 
3161948071813 -0.000748 0.005234 0.012100 
3161967908238 -0.000748 0.005234 0.012100 
3161987744664 -0.000748 0.005234 0.012100 
3162007581090 -0.000748 0.005234 0.012100 
3162027386998 -0.000748 0.005234 0.012100 
3162047192906 -0.000748 0.005234 0.012100 
3162067029332 -0.000748 0.005234 0.012100 
3162086835240 -0.000748 0.005234 0.012100 
3162106641149 -0.000748 0.005234 0.012100 
3162126477574 -0.000748 0.005234 0.012100 
3162146283483 -0.000748 0.005234 0.012100 
3162166089391 -0.000748 0.005234 0.012100 
3162185925817 -0.000748 0.005234 0.012100 
3162205731725 -0.000748 0.005234 0.012100 
3162225568151 -0.000748 0.005234 0.012100 
3162245404576 -0.000748 0.005234 0.012100 
3162265210485 -0.000748 0.005234 0.012100 
3162285046910 -0.000748 0.005234 0.012100 
3162304852819 -0.000748 0.005234 0.012100 
3162324658727 -0.000748 0.005234 0.012100 
3162344495153 -0.000748 0.005234 0.012100 
3162364301061 -0.000748 0.005234 0.012100 
3162384106969 -0.000748 0.005234 0.012100 
3162403943395 -0.000748 0.005234 0.012100 
3162423749303 -0.000748 0.005234 0.012100 
3162443585729 -0.000748 0.005234 0.012100 
3162463391637 -0.000748 0.005234 0.012100 
3162483197545 -0.000748 0.005234 0.012100 
3162503033971 -0.000748 0.005234 0.012100 
3162522839879 -0.000748 0.005234 0.012100 
3162542676305 -0.000748 0.005234 0.012100 
3162562512731 -0.000748 0.005234 0.012100 
3162582318639 -0.000748 0.005234 0.012100 
3162602124547 -0.000748 0.005234 0.012100 
3162621960973 -0.000748 0.005234 0.012100 
3162641766881 -0.000748 0.005234 0.012100 
3162661572789 -0.000748 0.005234 0.012100 
3162681409215 -0.000748 0.005234 0.012100 
3162701215123 -0.000748 0.005234 0.012100 
3162721021031 -0.000748 0.005234 0.012100 
3162740857457 -0.000748 0.005234 0.012100 
3162760663365 -0.000748 0.005234 0.012100 
3162780499791 -0.000748 0.005234 0.012100 
3162800305699 -0.000748 0.005234 0.012100 
3162820142125 -0.000748 0.005234 0.012100 
3162839978551 -0.000748 0.005234 0.012100 
3162859784459 -0.000748 0.005234 0.012100 
3162879620885 -0.000748 0.005234 0.012100 
3162899426793 -0.000748 0.005234 0.012100 
3162919232701 -0.000748 0.005234 0.012100 
3162939069127 -0.000748 0.005234 0.012100 
3162958875035 -0.000748 0.005234 0.012100 
3162978680944 -0.000748 0.005234 0.012100 
3162998517369 -0.000748 0.005234 0.012100 
3163018323278 -0.000748 0.005234 0.012100 
3163038129186 -0.000748 0.005234 0.012100 
3163057965612 -0.000748 0.005234 0.012100 
3163077771520 -0.000748 0.005234 0.012100 
3163097607946 -0.000748 0.005234 0.012100 
3163117444371 -0.000748 0.005234 0.012100 
3163137250280 -0.000748 0.005234 0.012100 
3163157086705 -0.000748 0.005234 0.012100 
3163176892613 -0.000748 0.005234 0.012100 
3163196698522 -0.000748 0.005234 0.012100 
3163216534947 -0.000748 0.005234 0.012100 
3163236340856 -0.000748 0.005234 0.012100 
3163256146764 -0.000748 0.005234 0.012100 
3163275983190 -0.000748 0.005234 0.012100 
3163295789098 -0.000748 0.005234 0.012100 
3163315625524 -0.000748 0.005234 0.012100 
3163335431432 -0.000748 0.005234 0.012100 
3163355237340 -0.000748 0.005234 0.012100 
3163375073766 -0.000748 0.005234 0.012100 
3163394910192 -0.000748 0.005234 0.012100 
3163414716100 -0.000748 0.005234 0.012100 
3163434552526 -0.000748 0.005234 0.012100 
3163454358434 -0.000748 0.005234 0.012100 
3163474164342 -0.000748 0.005234 0.012100 
3163494000768 -0.000748 0.005234 0.012100 
3163513806676 -0.000748 0.005234 0.012100 
3163533643102 -0.000748 0.005234 0.012100 
3163553449010 -0.000748 0.005234 0.012100 
3163573254918 -0.000748 0.005234 0.012100 
3163593091344 -0.000748 0.005234 0.012100 
3163612897252 -0.000748 0.005234 0.012100 
3163632703160 -0.000748 0.005234 0.012100 
3163652539586 -0.000748 0.005234 0.012100 
3163672345494 -0.000748 0.005234 0.012100 
3163692181920 -0.000748 0.005234 0.012100 
3163712018346 -0.000748 0.005234 0.012100 
3163731824254 -0.000748 0.005234 0.012100 
3163751660680 -0.000748 0.005234 0.012100 
3163771466588 -0.000748 0.005234 0.012100 
3163791272496 -0.000748 0.005234 0.012100 
3163811108922 -0.000748 0.005234 0.012100 
3163830914830 -0.000748 0.005234 0.012100 
3163850720738 -0.000748 0.005234 0.012100 
3163870557164 -0.000748 0.005234 0.012100 
3163890363072 -0.000748 0.005234 0.012100 
3163910168981 -0.000748 0.005234 0.012100 
3163930005406 -0.000748 0.005234 0.012100 
3163949811315 -0.000748 0.005234 0.012100 
3163969647740 -0.000748 0.005234 0.012100 
3163989484166 -0.000748 0.005234 0.012100 
3164009290074 -0.000748 0.005234 0.012100 
3164029126500 -0.000748 0.005234 0.012100 
3164048932408 -0.000748 0.005234 0.012100 
3164068738317 -0.000748 0.005234 0.012100 
3164088574742 -0.000748 0.005234 0.012100 
3164108380651 -0.000748 0.005234 0.012100 
3164128186559 -0.000748 0.005234 0.012100 
3164148022985 -0.000748 0.005234 0.012100 
3164167828893 -0.000748 0.005234 0.012100 
3164187665319 -0.000748 0.005234 0.012100 
3164207471227 -0.000748 0.005234 0.012100 
3164227277135 -0.000748 0.005234 0.012100 
3164247113561 -0.000748 0.005234 0.012100 
3164266949987 -0.000748 0.005234 0.012100 
3164286755895 -0.000748 0.005234 0.012100 
3164306592321 -0.000748 0.005234 0.012100 
3164326398229 -0.000748 0.005234 0.012100 
3164346204137 -0.000748 0.005234 0.012100 
3164366040563 -0.000748 0.005234 0.012100 
3164385846471 -0.000748 0.005234 0.012100 
3164405682897 -0.000748 0.005234 0.012100 
3164425488805 -0.000748 0.005234 0.012100 
3164445294713 -0.000748 0.005234 0.012100 
3164465131139 -0.000748 0.005234 0.012100 
3164484937047 -0.000748 0.005234 0.012100 
3164504742955 -0.000748 0.005234 0.012100 
3164524579381 -0.000748 0.005234 0.012100 
3164544415807 -0.000748 0.005234 0.012100 
3164564221715 -0.000748 0.005234 0.012100 
3164584058141 -0.000748 0.005234 0.012100 
3164603864049 -0.000748 0.005234 0.012100 
3164623669957 -0.000748 0.005234 0.012100 
3164643506383 -0.000748 0.005234 0.012100 
3164663312291 -0.000748 0.005234 0.012100 
3164683148717 -0.000748 0.005234 0.012100 
3164702954625 -0.000748 0.005234 0.012100 
3164722760533 -0.000748 0.005234 0.012100 
3164742596959 -0.000748 0.005234 0.012100 
3164762402867 -0.000748 0.005234 0.012100 
3164782208776 -0.000748 0.005234 0.012100 
3164802045201 -0.000748 0.005234 0.012100 
3164821881627 -0.000748 0.005234 0.012100 
3164841718053 -0.000748 0.005234 0.012100 
3164861523961 -0.000748 0.005234 0.012100 
3164881329869 -0.000748 0.005234 0.012100 
3164901166295 -0.000748 0.005234 0.012100 
3164920972203 -0.000748 0.005234 0.012100 
3164940778112 -0.000748 0.005234 0.012100 
3164960614537 -0.000748 0.005234 0.012100 
3164980420446 -0.000748 0.005234 0.012100 
3165000226354 -0.000748 0.005234 0.012100 
3165020062780 -0.000748 0.005234 0.012100 
3165039868688 -0.000748 0.005234 0.012100 
3165059705113 -0.000748 0.005234 0.012100 
3165079511022 -0.000748 0.005234 0.012100 
3165099316930 -0.000748 0.005234 0.012100 
3165119153356 -0.000748 0.005234 0.012100 
3165138989781 -0.000748 0.005234 0.012100 
3165158795690 -0.000748 0.005234 0.012100 
3165178632115 -0.000748 0.005234 0.012100 
3165198438024 -0.000748 0.005234 0.012100 
3165218243932 -0.000748 0.005234 0.012100 
3165238080358 -0.000748 0.005234 0.012100 
3165257886266 -0.000748 0.005234 0.012100 
3165277722692 -0.000748 0.005234 0.012100 
3165297528600 -0.000748 0.005234 0.012100 
3165317334508 -0.000748 0.005234 0.012100 
3165337170934 -0.000748 0.005234 0.012100 
3165356976842 -0.000748 0.005234 0.012100 
3165376782750 -0.000748 0.005234 0.012100 
3165396619176 -0.000748 0.005234 0.012100 
3165416455602 -0.000748 0.005234 0.012100 
3165436261510 -0.000748 0.005234 0.012100 
3165456097936 -0.000748 0.005234 0.012100 
3165475903844 -0.000748 0.005234 0.012100 
3165495740270 -0.000748 0.005234 0.012100 
3165515546178 -0.000748 0.005234 0.012100 
3165535352086 -0.000748 0.005234 0.012100 
3165555188512 -0.000748 0.005234 0.012100 
3165574994420 -0.000748 0.005234 0.012100 
3165594800328 -0.000748 0.005234 0.012100 
3165614636754 -0.000748 0.005234 0.012100 
3165634442662 -0.000748 0.005234 0.012100 
3165654248571 -0.000748 0.005234 0.012100 
3165674084996 -0.000748 0.005234 0.012100 
3165693921422 -0.000748 0.005234 0.012100 
3165713727330 -0.000748 0.005234 0.012100 
3165733563756 -0.000748 0.005234 0.012100 
3165753369664 -0.000748 0.005234 0.012100 
3165773206090 -0.000748 0.005234 0.012100 
3165793011998 -0.000748 0.005234 0.012100 
3165812817906 -0.000748 0.005234 0.012100 
3165832654332 -0.000748 0.005234 0.012100 
3165852460240 -0.000748 0.005234 0.012100 
3165872266149 -0.000748 0.005234 0.012100 
3165892102574 -0.000748 0.005234 0.012100 
3165911908483 -0.000748 0.005234 0.012100 
3165931744908 -0.000748 0.005234 0.012100 
3165951550817 -0.000748 0.005234 0.012100 
3165971387242 -0.000748 0.005234 0.012100 
3165991223668 -0.000748 0.005234 0.012100 
3166011029576 -0.000748 0.005234 0.012100 
3166030835485 -0.000748 0.005234 0.012100 
3166050671910 -0.000748 0.005234 0.012100 
3166070477819 -0.000748 0.005234 0.012100 
3166090283727 -0.000748 0.005234 0.012100 
3166110120153 -0.000748 0.005234 0.012100 
3166129926061 -0.000748 0.005234 0.012100 
3166149762487 -0.000748 0.005234 0.012100 
3166169568395 -0.000748 0.005234 0.012100 
3166189374303 -0.000748 0.005234 0.012100 
3166209210729 -0.000748 0.005234 0.012100 
3166229016637 -0.000748 0.005234 0.012100 
3166248822545 -0.000748 0.005234 0.012100 
3166268658971 -0.000748 0.005234 0.012100 
3166288495397 -0.000748 0.005234 0.012100 
3166308301305 -0.000748 0.005234 0.012100 
3166328137731 -0.000748 0.005234 0.012100 
3166347943639 -0.000748 0.005234 0.012100 
3166367780065 -0.000748 0.005234 0.012100 
3166387585973 -0.000748 0.005234 0.012100 
3166407391881 -0.000748 0.005234 0.012100 
3166427228307 -0.000748 0.005234 0.012100 
3166447034215 -0.000748 0.005234 0.012100 
3166466840123 -0.000748 0.005234 0.012100 
3166486676549 -0.000748 0.005234 0.012100 
3166506482457 -0.000748 0.005234 0.012100 
3166526288365 -0.000748 0.005234 0.012100 
3166546124791 -0.000748 0.005234 0.012100 
3166565961217 -0.000748 0.005234 0.012100 
3166585797643 -0.000748 0.005234 0.012100 
3166605603551 -0.000748 0.005234 0.012100 
3166625409459 -0.000748 0.005234 0.012100 
3166645245885 -0.000748 0.005234 0.012100 
3166665051793 -0.000748 0.005234 0.012100 
3166684857701 -0.000748 0.005234 0.012100 
3166704694127 -0.000748 0.005234 0.012100 
3166724500035 -0.000748 0.005234 0.012100 
3166744305944 -0.000748 0.005234 0.012100 
3166764142369 -0.000748 0.005234 0.012100 
3166783948278 -0.000748 0.005234 0.012100 
3166803784703 -0.000748 0.005234 0.012100 
3166823621129 -0.000748 0.005234 0.012100 
3166843427037 -0.000748 0.005234 0.012100 
3166863263463 -0.000748 0.005234 0.012100 
3166883069371 -0.000748 0.005234 0.012100 
3166902875280 -0.000748 0.005234 0.012100 
3166922711705 -0.000748 0.005234 0.012100 
3166942517613 -0.000748 0.005234 0.012100 
3166962354039 -0.000748 0.005234 0.012100 
