# Created at Tue Jun 01 16:15:58 GMT+02:00 2021 in Burnaby Canada 
3161014142369 0.000000 0.000000 0.000000 
3161034009313 0.000000 0.000000 0.000000 
3161053876256 0.000000 0.000000 0.000000 
3161073743199 0.000000 0.000000 0.000000 
3161093610143 0.000000 0.000000 0.000000 
3161113507604 0.000000 0.000000 0.000000 
3161133405065 0.000000 0.000000 0.000000 
3161153272008 0.000000 0.000000 0.000000 
3161173138951 0.000000 0.000000 0.000000 
3161193005895 0.000000 0.000000 0.000000 
3161212872838 0.000000 0.000000 0.000000 
3161232739781 0.000000 0.000000 0.000000 
3161252606725 0.000000 0.000000 0.000000 
3161272473668 0.000000 0.000000 0.000000 
3161292371129 0.000000 0.000000 0.000000 
3161312238072 0.000000 0.000000 0.000000 
3161332105016 0.000000 0.000000 0.000000 
3161351971959 0.000000 0.000000 0.000000 
3161371838903 0.000000 0.000000 0.000000 
3161391736363 0.000000 0.000000 0.000000 
3161411603307 0.000000 0.000000 0.000000 
3161431470250 0.000000 0.000000 0.000000 
3161451367711 0.000000 0.000000 0.000000 
3161471234655 0.000000 0.000000 0.000000 
3161491101598 0.000000 0.000000 0.000000 
3161510968541 0.000000 0.000000 0.000000 
3161530835485 0.000000 0.000000 0.000000 
3161550702428 0.000000 0.000000 0.000000 
3161570599889 0.000000 0.000000 0.000000 
3161590466832 0.000000 0.000000 0.000000 
3161610333776 0.000000 0.000000 0.000000 
3161630200719 0.000000 0.000000 0.000000 
3161650067662 0.000000 0.000000 0.000000 
3161669934606 0.000000 0.000000 0.000000 
3161689801549 0.000000 0.000000 0.000000 
3161709668492 0.000000 0.000000 0.000000 
3161729565953 0.000000 0.000000 0.000000 
3161749432897 0.000000 0.000000 0.000000 
3161769299840 0.000000 0.000000 0.000000 
3161789166783 0.000000 0.000000 0.000000 
3161809033727 0.000000 0.000000 0.000000 
3161828931188 0.000000 0.000000 0.000000 
3161848798131 0.000000 0.000000 0.000000 
3161868665074 0.000000 0.000000 0.000000 
3161888532018 0.000000 0.000000 0.000000 
3161908429479 0.000000 0.000000 0.000000 
3161928296422 0.000000 0.000000 0.000000 
3161948163365 0.000000 0.000000 0.000000 
3161968060826 0.000000 0.000000 0.000000 
3161987927770 0.000000 0.000000 0.000000 
3162007794713 0.000000 0.000000 0.000000 
3162027661656 0.000000 0.000000 0.000000 
3162047528600 0.000000 0.000000 0.000000 
3162067395543 0.000000 0.000000 0.000000 
3162087262487 0.000000 0.000000 0.000000 
3162107159947 0.000000 0.000000 0.000000 
3162127026891 0.000000 0.000000 0.000000 
3162146893834 0.000000 0.000000 0.000000 
3162166760778 0.000000 0.000000 0.000000 
3162186627721 0.000000 0.000000 0.000000 
3162206494664 0.000000 0.000000 0.000000 
3162226361608 0.000000 0.000000 0.000000 
3162246259069 0.000000 0.000000 0.000000 
3162266126012 0.000000 0.000000 0.000000 
3162286023473 0.000000 0.000000 0.000000 
3162305890416 0.000000 0.000000 0.000000 
3162325757360 0.000000 0.000000 0.000000 
3162345624303 0.000000 0.000000 0.000000 
3162365491246 0.000000 0.000000 0.000000 
3162385358190 0.000000 0.000000 0.000000 
3162405255651 0.000000 0.000000 0.000000 
3162425122594 0.000000 0.000000 0.000000 
3162444989537 0.000000 0.000000 0.000000 
3162464856481 0.000000 0.000000 0.000000 
3162484723424 0.000000 0.000000 0.000000 
3162504590367 0.000000 0.000000 0.000000 
3162524457311 0.000000 0.000000 0.000000 
3162544354772 0.000000 0.000000 0.000000 
3162564252233 0.000000 0.000000 0.000000 
3162584119176 0.000000 0.000000 0.000000 
3162603986119 0.000000 0.000000 0.000000 
3162623853063 0.000000 0.000000 0.000000 
3162643720006 0.000000 0.000000 0.000000 
3162663586949 0.000000 0.000000 0.000000 
3162683453893 0.000000 0.000000 0.000000 
3162703351354 0.000000 0.000000 0.000000 
3162723218297 0.000000 0.000000 0.000000 
3162743085240 0.000000 0.000000 0.000000 
3162762952184 0.000000 0.000000 0.000000 
3162782819127 0.000000 0.000000 0.000000 
3162802686071 0.000000 0.000000 0.000000 
3162822583531 0.000000 0.000000 0.000000 
3162842450475 0.000000 0.000000 0.000000 
3162862347936 0.000000 0.000000 0.000000 
3162882214879 0.000000 0.000000 0.000000 
3162902081822 0.000000 0.000000 0.000000 
3162921948766 0.000000 0.000000 0.000000 
3162941815709 0.000000 0.000000 0.000000 
3162961682653 0.000000 0.000000 0.000000 
3162981549596 0.000000 0.000000 0.000000 
3163001416539 0.000000 0.000000 0.000000 
3163021283483 0.000000 0.000000 0.000000 
3163041150426 0.000000 0.000000 0.000000 
3163061047887 0.000000 0.000000 0.000000 
3163080914830 0.000000 0.000000 0.000000 
3163100812291 0.000000 0.000000 0.000000 
3163120679235 0.000000 0.000000 0.000000 
3163140546178 0.000000 0.000000 0.000000 
3163160413121 0.000000 0.000000 0.000000 
3163180280065 0.000000 0.000000 0.000000 
3163200147008 0.000000 0.000000 0.000000 
3163220044469 0.000000 0.000000 0.000000 
3163239911412 0.000000 0.000000 0.000000 
3163259778356 0.000000 0.000000 0.000000 
3163279645299 0.000000 0.000000 0.000000 
3163299512242 0.000000 0.000000 0.000000 
3163319379186 0.000000 0.000000 0.000000 
3163339246129 0.000000 0.000000 0.000000 
3163359143590 0.000000 0.000000 0.000000 
3163379010533 0.000000 0.000000 0.000000 
3163398907994 0.000000 0.000000 0.000000 
3163418774938 0.000000 0.000000 0.000000 
3163438641881 0.000000 0.000000 0.000000 
3163458508824 0.000000 0.000000 0.000000 
3163478375768 0.000000 0.000000 0.000000 
3163498242711 0.000000 0.000000 0.000000 
3163518109655 0.000000 0.000000 0.000000 
3163537976598 0.000000 0.000000 0.000000 
3163557874059 0.000000 0.000000 0.000000 
3163577741002 0.000000 0.000000 0.000000 
3163597607946 0.000000 0.000000 0.000000 
3163617474889 0.000000 0.000000 0.000000 
3163637341832 0.000000 0.000000 0.000000 
3163657208776 0.000000 0.000000 0.000000 
3163677106237 0.000000 0.000000 0.000000 
3163696973180 0.000000 0.000000 0.000000 
3163716870641 0.000000 0.000000 0.000000 
3163736737584 0.000000 0.000000 0.000000 
3163756604528 0.000000 0.000000 0.000000 
3163776471471 0.000000 0.000000 0.000000 
3163796338414 0.000000 0.000000 0.000000 
3163816205358 0.000000 0.000000 0.000000 
3163836072301 0.000000 0.000000 0.000000 
3163855939244 0.000000 0.000000 0.000000 
3163875836705 0.000000 0.000000 0.000000 
3163895703649 0.000000 0.000000 0.000000 
3163915570592 0.000000 0.000000 0.000000 
3163935437535 0.000000 0.000000 0.000000 
3163955304479 0.000000 0.000000 0.000000 
3163975201940 0.000000 0.000000 0.000000 
3163995068883 0.000000 0.000000 0.000000 
3164014935826 0.000000 0.000000 0.000000 
3164034802770 0.000000 0.000000 0.000000 
3164054700231 0.000000 0.000000 0.000000 
3164074567174 0.000000 0.000000 0.000000 
3164094434117 0.000000 0.000000 0.000000 
3164114301061 0.000000 0.000000 0.000000 
3164134168004 0.000000 0.000000 0.000000 
3164154034947 0.000000 0.000000 0.000000 
3164173901891 0.000000 0.000000 0.000000 
3164193768834 0.000000 0.000000 0.000000 
3164213635778 0.000000 0.000000 0.000000 
3164233502721 0.000000 0.000000 0.000000 
3164253400182 0.000000 0.000000 0.000000 
3164273267125 0.000000 0.000000 0.000000 
3164293134069 0.000000 0.000000 0.000000 
3164313001012 0.000000 0.000000 0.000000 
3164332867955 0.000000 0.000000 0.000000 
3164352734899 0.000000 0.000000 0.000000 
3164372632360 0.000000 0.000000 0.000000 
3164392499303 0.000000 0.000000 0.000000 
3164412396764 0.000000 0.000000 0.000000 
3164432263707 0.000000 0.000000 0.000000 
3164452130651 0.000000 0.000000 0.000000 
3164471997594 0.000000 0.000000 0.000000 
3164491864537 0.000000 0.000000 0.000000 
3164511731481 0.000000 0.000000 0.000000 
3164531628942 0.000000 0.000000 0.000000 
3164551526403 0.000000 0.000000 0.000000 
3164571393346 0.000000 0.000000 0.000000 
3164591260289 0.000000 0.000000 0.000000 
3164611127233 0.000000 0.000000 0.000000 
3164630994176 0.000000 0.000000 0.000000 
3164650861119 0.000000 0.000000 0.000000 
3164670728063 0.000000 0.000000 0.000000 
3164690625524 0.000000 0.000000 0.000000 
3164710492467 0.000000 0.000000 0.000000 
3164730359410 0.000000 0.000000 0.000000 
3164750226354 0.000000 0.000000 0.000000 
3164770093297 0.000000 0.000000 0.000000 
3164789960240 0.000000 0.000000 0.000000 
3164809827184 0.000000 0.000000 0.000000 
3164829755162 0.000000 0.000000 0.000000 
3164849622106 0.000000 0.000000 0.000000 
3164869489049 0.000000 0.000000 0.000000 
3164889355992 0.000000 0.000000 0.000000 
3164909222936 0.000000 0.000000 0.000000 
3164929120397 0.000000 0.000000 0.000000 
3164948987340 0.000000 0.000000 0.000000 
3164968854283 0.000000 0.000000 0.000000 
3164988721227 0.000000 0.000000 0.000000 
3165008588170 0.000000 0.000000 0.000000 
3165028455113 0.000000 0.000000 0.000000 
3165048322057 0.000000 0.000000 0.000000 
3165068219518 0.000000 0.000000 0.000000 
3165088086461 0.000000 0.000000 0.000000 
3165107983922 0.000000 0.000000 0.000000 
3165127850865 0.000000 0.000000 0.000000 
3165147717809 0.000000 0.000000 0.000000 
3165167584752 0.000000 0.000000 0.000000 
3165187482213 0.000000 0.000000 0.000000 
3165207349156 0.000000 0.000000 0.000000 
3165227216100 0.000000 0.000000 0.000000 
3165247083043 0.000000 0.000000 0.000000 
3165266949987 0.000000 0.000000 0.000000 
3165286816930 0.000000 0.000000 0.000000 
3165306714391 0.000000 0.000000 0.000000 
3165326581334 0.000000 0.000000 0.000000 
3165346448278 0.000000 0.000000 0.000000 
3165366315221 0.000000 0.000000 0.000000 
3165386182164 0.000000 0.000000 0.000000 
3165406079625 0.000000 0.000000 0.000000 
3165425946569 0.000000 0.000000 0.000000 
3165445844030 0.000000 0.000000 0.000000 
3165465710973 0.000000 0.000000 0.000000 
3165485577916 0.000000 0.000000 0.000000 
3165505444860 0.000000 0.000000 0.000000 
3165525311803 0.000000 0.000000 0.000000 
3165545209264 0.000000 0.000000 0.000000 
3165565076207 0.000000 0.000000 0.000000 
3165584943151 0.000000 0.000000 0.000000 
3165604810094 0.000000 0.000000 0.000000 
3165624677037 0.000000 0.000000 0.000000 
3165644543981 0.000000 0.000000 0.000000 
3165664441442 0.000000 0.000000 0.000000 
3165684338903 0.000000 0.000000 0.000000 
3165704205846 0.000000 0.000000 0.000000 
3165724072789 0.000000 0.000000 0.000000 
3165743939733 0.000000 0.000000 0.000000 
3165763806676 0.000000 0.000000 0.000000 
3165783704137 0.000000 0.000000 0.000000 
3165803571080 0.000000 0.000000 0.000000 
3165823438024 0.000000 0.000000 0.000000 
3165843304967 0.000000 0.000000 0.000000 
3165863171910 0.000000 0.000000 0.000000 
3165883038854 0.000000 0.000000 0.000000 
3165902905797 0.000000 0.000000 0.000000 
3165922803258 0.000000 0.000000 0.000000 
3165942670201 0.000000 0.000000 0.000000 
3165962567662 0.000000 0.000000 0.000000 
3165982434606 0.000000 0.000000 0.000000 
3166002301549 0.000000 0.000000 0.000000 
3166022168492 0.000000 0.000000 0.000000 
3166042065953 0.000000 0.000000 0.000000 
3166061932897 0.000000 0.000000 0.000000 
3166081799840 0.000000 0.000000 0.000000 
3166101666783 0.000000 0.000000 0.000000 
3166121533727 0.000000 0.000000 0.000000 
3166141400670 0.000000 0.000000 0.000000 
3166161267613 0.000000 0.000000 0.000000 
3166181165074 0.000000 0.000000 0.000000 
3166201032018 0.000000 0.000000 0.000000 
3166220898961 0.000000 0.000000 0.000000 
3166240765905 0.000000 0.000000 0.000000 
3166260663365 0.000000 0.000000 0.000000 
3166280530309 0.000000 0.000000 0.000000 
3166300397252 0.000000 0.000000 0.000000 
3166320294713 0.000000 0.000000 0.000000 
3166340161656 0.000000 0.000000 0.000000 
3166360028600 0.000000 0.000000 0.000000 
3166379895543 0.000000 0.000000 0.000000 
3166399762487 0.000000 0.000000 0.000000 
3166419629430 0.000000 0.000000 0.000000 
3166439526891 0.000000 0.000000 0.000000 
3166459393834 0.000000 0.000000 0.000000 
3166479260778 0.000000 0.000000 0.000000 
3166499127721 0.000000 0.000000 0.000000 
3166518994664 0.000000 0.000000 0.000000 
3166538892125 0.000000 0.000000 0.000000 
3166558759069 0.000000 0.000000 0.000000 
3166578656530 0.000000 0.000000 0.000000 
3166598523473 0.000000 0.000000 0.000000 
3166618390416 0.000000 0.000000 0.000000 
3166638257360 0.000000 0.000000 0.000000 
3166658124303 0.000000 0.000000 0.000000 
3166677991246 0.000000 0.000000 0.000000 
3166697888707 0.000000 0.000000 0.000000 
3166717755651 0.000000 0.000000 0.000000 
3166737622594 0.000000 0.000000 0.000000 
3166757489537 0.000000 0.000000 0.000000 
3166777356481 0.000000 0.000000 0.000000 
3166797223424 0.000000 0.000000 0.000000 
3166817120885 0.000000 0.000000 0.000000 
3166837018346 0.000000 0.000000 0.000000 
3166856885289 0.000000 0.000000 0.000000 
3166876752233 0.000000 0.000000 0.000000 
3166896619176 0.000000 0.000000 0.000000 
3166916486119 0.000000 0.000000 0.000000 
3166936353063 0.000000 0.000000 0.000000 
3166956250524 0.000000 0.000000 0.000000 
