# Created at Sun Jun 13 00:15:36 GMT+02:00 2021 in Copenhagen 
202315749842533, -0.003230, 0.014052, -0.021869 
202315769648441, 0.003883, 0.015833, -0.028072 
202315789454350, -0.000794, 0.010870, -0.022517 
202315809290775, -0.003245, 0.008142, -0.019454 
202315829127201, 0.008497, -0.003743, -0.023438 
202315848933109, 0.008511, 0.001195, -0.015703 
202315868769535, 0.001347, 0.008273, -0.031373 
202315888575443, -0.000932, 0.017430, -0.028008 
202315908381352, 0.001467, 0.014718, -0.024756 
202315928217777, 0.001485, 0.005392, -0.019309 
202315948023686, -0.000799, 0.007713, -0.134304 
202315967829594, 0.012928, -0.002783, 0.103800 
202315987666020, 0.008176, 0.010460, -0.026886 
202316007471928, -0.005910, 0.012611, -0.021356 
202316027308354, 0.001289, 0.014902, -0.022954 
202316047114262, 0.001541, 0.012289, -0.019868 
202316066920170, 0.008504, 0.007432, -0.014586 
202316086756596, 0.022396, 0.000437, -0.018711 
202316106593022, 0.012456, 0.014469, -0.022717 
202316126398930, -0.006387, 0.002604, -0.017325 
202316146235356, 0.000831, 0.011728, -0.014432 
202316166041264, -0.003972, 0.018449, -0.013951 
202316185847172, 0.000615, 0.006679, -0.001920 
202316205683598, 0.012229, -0.003067, -0.025002 
202316225489506, 0.009358, -0.000698, -0.017223 
202316245295414, -0.002445, -0.000727, -0.014334 
202316265131840, -0.006923, 0.013110, -0.013856 
202316284937748, -0.001989, 0.019568, -0.006461 
202316304774174, 0.007395, 0.002670, -0.010862 
202316324580082, 0.011832, -0.001851, -0.015129 
202316344385990, 0.018221, 0.005555, -0.007689 
202316364222416, 0.004029, 0.001152, -0.014358 
202316384058842, -0.012234, 0.003613, -0.006944 
202316403864750, -0.009441, 0.008306, -0.011326 
202316423701176, 0.007142, 0.003345, -0.004016 
202316443507084, 0.004657, -0.003748, -0.010815 
202316463312992, 0.006656, -0.001357, -0.008142 
202316483149418, 0.010892, 0.005569, -0.005572 
202316502955326, 0.003669, 0.009962, -0.010003 
202316522761234, 0.001300, 0.007496, -0.011983 
202316542597660, -0.003293, 0.000483, -0.006949 
202316562403568, 0.001728, -0.003966, 0.000220 
202316582239994, 0.001740, -0.003883, -0.011352 
202316602045902, 0.001754, 0.000811, -0.015605 
202316621851811, 0.006399, 0.007679, -0.008138 
202316641688236, -0.000689, 0.014303, 0.001382 
202316661524662, 0.004038, 0.011459, -0.012544 
202316681330570, 0.006288, 0.004095, -0.002877 
202316701166996, 0.013083, -0.005342, -0.009714 
202316720972904, 0.008103, -0.005216, -0.007074 
202316740778813, -0.005975, 0.008785, -0.006839 
202316760615238, 0.001229, 0.013057, -0.008926 
202316780421147, 0.001029, 0.012800, -0.003997 
202316800227055, 0.037844, 0.035680, 0.023882 
202316820063481, -0.074144, -0.083285, -0.099497 
202316839869389, 0.094938, 0.070252, 0.047241 
202316859705815, 0.015739, 0.012572, 0.027161 
202316879511723, -0.031206, -0.017955, -0.026951 
202316899317631, -0.055312, -0.045165, -0.053795 
202316919154057, -0.016163, -0.018034, -0.072824 
202316938959965, 0.049887, 0.036177, 0.066086 
202316958796391, 0.061945, 0.041851, -0.017069 
202316978632816, 0.013694, 0.015194, 0.022827 
202316998438725, -0.046602, -0.033704, -0.031132 
202317018244633, -0.065579, -0.051141, -0.060166 
202317038081059, 0.020646, 0.013423, 0.002005 
202317057886967, 0.071145, 0.045545, 0.020440 
202317077723393, 0.029748, 0.030556, 0.001270 
202317097529301, -0.052136, -0.032966, -0.021915 
202317117335209, -0.057489, -0.068928, -0.062813 
202317137171635, 0.039328, 0.023529, 0.047990 
202317156977543, 0.072797, 0.059701, -0.004498 
202317176783451, -0.001276, 0.016022, 0.067353 
202317196619877, -0.058982, -0.056265, -0.110684 
202317216425785, -0.015304, -0.021834, -0.039908 
202317236262211, 0.070625, 0.043612, 0.060880 
202317256098637, 0.033876, 0.042109, -0.010531 
202317275904545, -0.038899, -0.033360, 0.024512 
202317295740971, -0.060431, -0.057745, -0.078078 
202317315546879, 0.049907, 0.036434, 0.054052 
202317335352787, 0.069365, 0.067549, 0.003681 
202317355189213, -0.024944, 0.003022, 0.084516 
202317374995121, -0.076556, -0.073236, -0.114896 
202317394801029, 0.028069, 0.012421, -0.000039 
202317414637455, 0.068609, 0.065164, 0.018456 
202317434443363, -0.007622, 0.009967, 0.080297 
202317454249272, -0.065134, -0.069048, -0.081977 
202317474085697, 0.002102, 0.004905, -0.037601 
202317493891606, 0.073819, 0.064825, 0.042300 
202317513728031, 0.011277, 0.014043, 0.068635 
202317533564457, -0.069978, -0.065123, -0.065490 
202317553370365, -0.007440, -0.019046, -0.030931 
202317573206791, 0.087721, 0.058103, 0.044120 
202317593012699, 0.017783, 0.032988, 0.063477 
202317612818608, -0.066020, -0.063004, -0.075108 
202317632655033, -0.005686, -0.023945, -0.030976 
202317652460941, 0.089629, 0.064930, 0.046394 
202317672266850, 0.086936, 0.062950, 0.044853 
202317692103275, -0.079893, -0.068488, -0.065345 
202317711909184, 0.001485, -0.017680, -0.033106 
202317731745609, 0.080150, 0.066359, 0.046648 
202317751551518, 0.006072, 0.015986, 0.082109 
202317771357426, -0.081732, -0.065327, -0.070971 
202317791193852, 0.011487, 0.003885, -0.036211 
202317811030277, 0.073857, 0.059223, 0.041331 
202317830836186, -0.007166, 0.001677, 0.090841 
202317850672611, -0.078573, -0.076845, -0.101856 
202317870478520, 0.028207, 0.008947, 0.017180 
202317890284428, 0.082628, 0.066417, 0.018921 
202317910120854, -0.028780, -0.005231, 0.076125 
202317929926762, -0.074008, -0.086070, -0.104521 
202317949763188, 0.046500, 0.030090, 0.044680 
202317969569096, 0.065604, 0.054709, -0.012315 
202317989375004, -0.033427, -0.028130, 0.038986 
202318009211430, -0.069252, -0.066551, -0.080285 
202318029017338, 0.055940, 0.051493, 0.061181 
202318048823246, 0.056685, 0.052276, -0.007936 
202318068659672, -0.046685, -0.044342, 0.006210 
202318088496098, -0.061255, -0.068358, -0.054133 
202318108302006, 0.072710, 0.049755, 0.074894 
202318128138432, 0.035649, 0.041331, 0.021512 
202318147944340, -0.060071, -0.047992, -0.043970 
202318167780766, -0.037184, -0.034881, -0.021692 
202318187586674, 0.084415, 0.070322, 0.059995 
202318207392582, 0.021519, 0.031151, 0.041802 
202318227229008, -0.071641, -0.062465, -0.061367 
202318247034916, -0.004644, -0.025967, -0.033883 
202318266840824, 0.078845, 0.062976, 0.052830 
202318286677250, 0.011521, 0.016884, 0.069580 
202318306483158, -0.074374, -0.060061, -0.059959 
202318326289066, 0.006822, -0.004904, -0.037148 
202318346125492, 0.087616, 0.064592, 0.035805 
202318365931400, -0.003132, 0.006884, 0.092432 
202318385767826, -0.081819, -0.078992, -0.100325 
202318405604252, 0.029686, 0.006871, -0.013701 
202318425410160, 0.075025, 0.059793, 0.019132 
202318445246586, -0.024548, -0.007020, 0.092510 
202318465052494, -0.078949, -0.076238, -0.114123 
202318484858402, 0.041726, 0.028028, 0.019217 
202318504694828, 0.072784, 0.064049, 0.009328 
202318524500736, -0.029030, -0.016771, 0.055273 
202318544306645, -0.071934, -0.081254, -0.113116 
202318564143070, 0.057522, 0.041452, 0.047944 
202318583948979, 0.057993, 0.047196, -0.016104 
202318603754887, -0.043346, -0.032844, 0.021444 
202318623591313, -0.069577, -0.061874, -0.085678 
202318643397221, 0.069283, 0.044228, 0.055963 
202318663233647, 0.041602, 0.042933, 0.007843 
202318683070072, -0.054328, -0.053394, -0.047935 
202318702875981, -0.043182, -0.049575, -0.037077 
202318722712406, 0.080918, 0.060748, 0.065935 
202318742518315, 0.020455, 0.037847, 0.040594 
202318762354740, -0.074758, -0.062925, -0.060217 
202318782160649, -0.007426, -0.016924, -0.025818 
202318801966557, 0.083333, 0.064537, 0.039813 
202318821802983, 0.002205, 0.011679, 0.091681 
202318841608891, -0.080833, -0.076658, -0.107978 
202318861414799, 0.032958, 0.009124, -0.014167 
202318881251225, 0.073556, 0.061957, 0.014065 
202318901057133, -0.021339, -0.007227, 0.062168 
202318920863041, -0.085327, -0.085683, -0.120328 
202318940699467, 0.051742, 0.030461, 0.047912 
202318960535893, 0.066055, 0.050206, -0.016140 
202318980372318, -0.044556, -0.037100, 0.028357 
202319000178227, -0.063828, -0.056725, -0.078997 
202319019984135, 0.067904, 0.049208, 0.057789 
202319039820561, 0.049517, 0.047746, -0.004272 
202319059626469, -0.060772, -0.053139, -0.052699 
202319079432377, -0.042024, -0.032678, -0.023174 
202319099268803, 0.088970, 0.063188, 0.058547 
202319119074711, 0.009742, 0.014776, 0.056596 
202319138880619, -0.080483, -0.075978, -0.067877 
202319158717045, -0.001396, -0.011046, -0.040171 
202319178522953, 0.072739, 0.063287, 0.028252 
202319198359379, 0.005616, 0.007939, 0.080499 
202319218165287, -0.075238, -0.071023, -0.070214 
202319238001713, 0.017552, -0.001847, -0.040116 
202319257838139, 0.072786, 0.063147, 0.035243 
202319277644047, -0.013078, -0.010936, 0.080319 
202319297449955, -0.077341, -0.084406, -0.123591 
202319317286381, 0.055073, 0.034242, 0.051709 
202319337092289, 0.069275, 0.053636, -0.005540 
202319356928715, -0.049074, -0.038872, 0.008514 
202319376734623, -0.052229, -0.056580, -0.051914 
202319396540531, 0.076349, 0.060685, 0.088593 
202319416376957, 0.039181, 0.033399, 0.034754 
202319436182865, -0.058972, -0.062607, -0.026538 
202319455988774, -0.035894, -0.051324, -0.002522 
202319475825199, 0.090276, 0.056976, 0.092393 
202319495631108, 0.020483, 0.018247, 0.077755 
202319515437016, -0.081892, -0.073078, -0.026618 
202319535273441, -0.000913, -0.013315, -0.007231 
202319555109867, 0.082013, 0.056236, 0.057770 
202319574915775, -0.015493, -0.008143, 0.118297 
202319594752201, -0.072499, -0.079622, -0.061437 
202319614558109, 0.015793, -0.005314, 0.005382 
202319634394535, 0.075475, 0.048246, 0.063025 
202319654200443, 0.073257, 0.046819, 0.060930 
202319674006352, -0.081777, -0.084330, -0.061374 
202319693842777, 0.025113, 0.004009, 0.021621 
202319713648686, 0.066215, 0.057258, 0.055598 
202319733486870, -0.016655, -0.013856, 0.118519 
202319753292779, -0.087503, -0.085159, -0.077402 
202319773098687, 0.035987, 0.012471, 0.059334 
202319792935113, 0.073953, 0.060575, 0.045789 
202319812771538, -0.029990, -0.022226, 0.088209 
202319832577447, -0.082110, -0.086528, -0.055834 
202319852413872, 0.062010, 0.038910, 0.103326 
202319872219781, 0.053311, 0.047040, 0.044368 
202319892025689, -0.057334, -0.058897, 0.015139 
202319911862115, -0.039169, -0.055128, 0.016930 
202319931668023, 0.084812, 0.057682, 0.104261 
202319951504449, 0.015431, 0.018930, 0.112358 
202319971310357, -0.086559, -0.090230, -0.032467 
202319991116265, 0.022561, 0.009644, 0.021799 
202320010952691, 0.072769, 0.057842, 0.058095 
202320030758599, -0.043156, -0.025312, 0.086214 
202320050564507, -0.082813, -0.075178, -0.062368 
202320070400933, 0.065505, 0.047549, 0.094673 
202320090237359, 0.038179, 0.036663, 0.056828 
202320110043267, -0.069188, -0.059452, -0.012133 
202320129879693, -0.022640, -0.029989, 0.016017 
202320149685601, 0.089440, 0.077826, 0.080259 
202320169522027, -0.003900, -0.003466, 0.126154 
202320189327935, -0.084433, -0.086207, -0.076963 
202320209133843, 0.038727, 0.023007, 0.071334 
202320228970269, 0.065268, 0.054579, 0.027316 
202320248776177, 0.063162, 0.052710, 0.026405 
202320268582085, -0.054298, -0.041627, 0.039408 
202320288418511, 0.075034, 0.045289, 0.105165 
202320308224419, 0.017101, 0.011350, 0.094728 
202320328030327, -0.092123, -0.086237, -0.026402 
202320347866753, 0.012796, -0.009611, 0.009183 
202320367672661, 0.077668, 0.058187, 0.057460 
202320387509087, -0.028484, -0.012725, 0.094879 
202320407345513, -0.071408, -0.079199, -0.081772 
202320427151421, 0.060349, 0.041134, 0.087492 
202320446987847, 0.060711, 0.032536, 0.019805 
202320466793755, -0.038156, -0.037986, 0.086231 
202320486599663, -0.064344, -0.078409, -0.053109 
202320506436089, 0.035262, 0.009732, 0.045809 
202320526241997, 0.069081, 0.065107, 0.030408 
202320546078423, -0.027766, -0.013212, 0.098800 
202320565884331, -0.082276, -0.084522, -0.101113 
202320585690240, 0.036196, 0.020004, 0.057237 
202320605526665, 0.067668, 0.045191, 0.013699 
202320625332574, -0.047399, -0.045871, 0.031767 
202320645138482, -0.056852, -0.064761, -0.064123 
202320664974908, 0.076720, 0.062250, 0.088360 
202320684811333, 0.073776, 0.059895, 0.085406 
202320704647759, -0.083116, -0.067058, -0.049272 
202320724453667, 0.005305, -0.016068, -0.026814 
202320744259575, 0.081533, 0.065379, 0.043480 
202320764096001, -0.020576, -0.010867, 0.083655 
202320783901909, -0.084356, -0.079957, -0.127299 
202320803707818, 0.054997, 0.047561, 0.045804 
202320823544243, 0.059949, 0.054962, -0.002000 
202320843350152, -0.050703, -0.039675, 0.005012 
202320863186577, -0.058189, -0.066165, -0.064555 
202320882992486, 0.064323, 0.047016, 0.064819 
202320902798394, 0.055316, 0.040782, -0.011357 
202320922634820, -0.043373, -0.039275, 0.019099 
202320942440728, -0.062455, -0.058828, -0.069431 
202320962277154, 0.085891, 0.064045, 0.069366 
202320982113579, 0.025492, 0.034563, 0.036988 
202321001919488, -0.081913, -0.070943, -0.068342 
202321021755913, -0.002548, -0.022374, -0.033670 
202321041561822, 0.083190, 0.064132, 0.029907 
202321061367730, -0.009955, 0.008738, 0.079796 
202321081204156, -0.087968, -0.072322, -0.110215 
202321101010064, 0.042486, 0.029496, 0.006802 
202321120815972, 0.066587, 0.065469, 0.004259 
202321140652398, -0.039425, -0.029058, 0.020318 
202321160458306, -0.061167, -0.062835, -0.086767 
202321180264214, 0.082045, 0.062028, 0.066476 
202321200100640, 0.023863, 0.037012, 0.034187 
202321219906548, -0.076552, -0.072983, -0.052535 
202321239742974, 0.011897, 0.008045, -0.032269 
202321259579400, 0.078639, 0.065548, 0.040506 
202321279385308, -0.025685, -0.012789, 0.059972 
202321299221734, -0.077716, -0.077184, -0.106253 
202321319027642, 0.077597, 0.047925, 0.056901 
202321338833550, 0.042706, 0.039343, 0.024929 
202321358669976, -0.076616, -0.059166, -0.040669 
202321378475884, -0.009222, -0.015621, -0.020802 
202321398312310, 0.078822, 0.068126, 0.049273 
202321418118218, 0.009195, 0.010286, 0.077705 
202321437924126, -0.078705, -0.075690, -0.059034 
202321457760552, -0.001993, -0.010767, -0.022374 
202321477566460, 0.086272, 0.066333, 0.045465 
202321497372368, -0.015765, -0.009483, 0.092530 
202321517208794, -0.077392, -0.090180, -0.109487 
202321537045220, 0.057098, 0.046941, 0.065339 
202321556851128, 0.057583, 0.054572, 0.007642 
202321576687554, -0.059693, -0.062953, -0.011106 
202321596493462, -0.032186, -0.044711, -0.010736 
202321616299370, 0.087160, 0.070067, 0.070573 
202321636135796, 0.003364, 0.005226, 0.112176 
202321655941704, -0.086887, -0.085212, -0.104363 
202321675778130, 0.057182, 0.040164, 0.047148 
202321695584038, 0.062296, 0.052885, 0.003940 
202321715389947, -0.050747, -0.041226, 0.017691 
202321735226372, -0.053600, -0.063033, -0.049968 
202321755032281, 0.096292, 0.075484, 0.071971 
202321774868706, -0.010937, -0.024229, 0.034880 
202321794674615, -0.010499, -0.005189, 0.001323 
202321814511040, 0.010981, -0.000679, 0.001279 
202321834347466, 0.001654, 0.001607, 0.012803 
202321854153374, -0.002945, -0.003116, 0.007759 
202321873959283, -0.002774, -0.000764, 0.014433 
202321893795708, 0.004091, -0.003092, 0.016265 
202321913601617, 0.001712, -0.000508, 0.013410 
202321933407525, -0.000574, -0.002845, 0.012962 
202321953243950, 0.003905, -0.000505, 0.012527 
202321973049859, 0.003615, 0.004091, 0.014422 
202321992886284, 0.003567, 0.011068, 0.023192 
202322012692193, 0.003521, 0.001630, 0.015490 
202322032498101, 0.003477, -0.009808, 0.014976 
202322052334527, 0.001118, -0.009071, 0.000603 
202322072140435, 0.008101, -0.006732, 0.016775 
202322091976861, -0.010378, 0.000145, 0.013900 
202322111813286, 0.001835, 0.006574, 0.006486 
202322131619195, 0.001847, 0.010693, 0.001650 
202322151455620, 0.001858, 0.010283, 0.008528 
202322171261529, -0.002751, -0.001673, 0.003627 
202322191067437, 0.002258, -0.003968, 0.008125 
202322210903863, 0.004801, -0.006205, 0.010173 
202322230709771, 0.011891, -0.003735, 0.000588 
202322250515679, 0.000003, 0.000954, 0.000568 
202322270352105, 0.007236, 0.003188, 0.009801 
202322290158013, 0.007294, 0.000716, 0.009477 
202322309963921, 0.002719, -0.003974, 0.006847 
202322329800347, 0.002702, -0.010842, 0.015867 
202322349606255, 0.002914, 0.007059, -0.000851 
202322369442681, 0.002887, -0.002489, 0.001493 
202322389279107, 0.002864, -0.006843, 0.001447 
202322409085015, 0.005157, 0.005359, 0.006021 
