# Created at Sun Jun 13 00:15:36 GMT+02:00 2021 in Copenhagen 
202315754542240, -1.300049, -8.593750, 8.837891 
202315774409184, -1.301575, -8.592224, 8.390808 
202315794306645, -1.301575, -8.590698, 7.942200 
202315814173588, -1.301575, -8.592224, 8.241272 
202315834040531, -1.301575, -8.592224, 8.241272 
202315853876957, -1.753235, -8.589172, 8.241272 
202315873743900, -1.753235, -8.589172, 8.241272 
202315893610844, -1.904297, -8.290100, 8.241272 
202315913477787, -1.901245, -8.741760, 8.242798 
202315933344731, -1.901245, -8.741760, 8.242798 
202315953211674, -1.901245, -8.741760, 8.242798 
202315973078617, -1.901245, -8.741760, 8.242798 
202315992945561, -1.901245, -8.741760, 8.242798 
202316012812504, -1.902771, -8.888245, 7.795715 
202316032679447, -1.902771, -8.888245, 7.795715 
202316052546391, -1.902771, -8.888245, 7.795715 
202316072413334, -1.902771, -8.888245, 7.795715 
202316092310795, -1.902771, -8.888245, 7.795715 
202316112147221, -1.902771, -8.888245, 7.795715 
202316132014164, -1.901245, -8.891296, 8.242798 
202316151850590, -1.901245, -8.891296, 8.392334 
202316171717533, -1.899719, -8.892822, 8.839417 
202316191584477, -1.898193, -8.897400, 9.736633 
202316211451420, -1.898193, -8.897400, 9.736633 
202316231318363, -1.898193, -9.045410, 9.439087 
202316251185307, -1.898193, -9.045410, 9.439087 
202316271052250, -1.898193, -9.045410, 9.439087 
202316290919193, -1.898193, -9.045410, 9.439087 
202316310816654, -1.898193, -8.895874, 9.288025 
202316330653080, -1.901245, -8.891296, 8.242798 
202316350520024, -1.901245, -8.891296, 8.540344 
202316370417484, -1.899719, -8.892822, 8.839417 
202316390284428, -1.750183, -8.892822, 8.839417 
202316410151371, -1.750183, -8.892822, 8.839417 
202316430018315, -1.597595, -8.894348, 8.839417 
202316449885258, -1.597595, -8.894348, 8.839417 
202316469752201, -1.597595, -8.894348, 8.839417 
202316489619145, -1.596069, -8.747864, 9.288025 
202316509486088, -1.596069, -8.747864, 9.437561 
202316529322514, -1.748657, -8.897400, 9.884644 
202316549189457, -1.745605, -8.901978, 10.780334 
202316569056400, -1.895142, -8.901978, 10.780334 
202316588923344, -2.798462, -8.898926, 11.225891 
202316608790287, -2.345276, -9.051514, 11.376953 
202316628626713, -2.346802, -9.049988, 11.077881 
202316648493656, -2.345276, -9.201050, 10.929871 
202316668391117, -2.645874, -9.199524, 10.928345 
202316688258061, -2.645874, -9.199524, 10.928345 
202316708125004, -2.645874, -9.199524, 10.928345 
202316727991947, -2.645874, -9.199524, 10.928345 
202316747858891, -2.796936, -9.197998, 10.928345 
202316767725834, -2.645874, -9.199524, 10.928345 
202316787623295, -2.645874, -9.199524, 10.928345 
202316807490238, -2.645874, -9.199524, 10.928345 
202316827326664, -2.645874, -9.199524, 10.928345 
202316847193608, -2.645874, -9.199524, 10.928345 
202316867060551, -2.645874, -9.199524, 10.928345 
202316886927494, -2.645874, -9.199524, 10.928345 
202316906794438, -2.645874, -9.197998, 10.630798 
202316926661381, -2.645874, -9.197998, 10.630798 
202316946558842, -2.648926, -9.045410, 10.182190 
202316966425785, -2.650452, -9.043884, 9.735107 
202316986292729, -2.650452, -9.043884, 9.735107 
202317006159672, -2.650452, -9.042358, 9.436035 
202317026026615, -2.650452, -9.042358, 9.436035 
202317045893559, -2.650452, -9.042358, 9.436035 
202317065729984, -2.650452, -9.042358, 9.436035 
202317085596928, -2.650452, -9.043884, 9.735107 
202317105463871, -2.650452, -9.043884, 9.735107 
202317125330815, -2.650452, -9.043884, 9.735107 
202317145197758, -2.650452, -9.042358, 9.436035 
202317165064701, -2.650452, -9.043884, 9.735107 
202317184931645, -2.650452, -9.043884, 9.735107 
202317204798588, -2.650452, -9.043884, 9.735107 
202317224696049, -2.648926, -9.194946, 9.735107 
202317244562992, -2.647400, -9.643555, 9.736633 
202317264429936, -2.647400, -9.494019, 9.736633 
202317284296879, -2.647400, -9.494019, 9.884644 
202317304163822, -2.647400, -9.494019, 9.884644 
202317324000248, -2.798462, -9.492493, 9.884644 
202317343867191, -2.346802, -9.495544, 9.886169 
202317363734135, -2.346802, -9.495544, 9.886169 
202317383601078, -2.346802, -9.495544, 9.886169 
202317403468022, -2.346802, -9.495544, 9.886169 
202317423334965, -2.346802, -9.495544, 9.886169 
202317443201908, -2.346802, -9.197998, 10.034180 
202317463068852, -2.197266, -9.197998, 10.034180 
202317482935795, -1.745605, -9.199524, 10.035706 
202317502802738, -1.895142, -9.199524, 10.035706 
202317522700199, -1.895142, -9.199524, 10.185242 
202317542567143, -1.745605, -9.199524, 10.185242 
202317562434086, -1.594543, -9.049988, 10.185242 
202317582301029, -1.142883, -8.901978, 10.185242 
202317602167973, -1.142883, -8.901978, 10.185242 
202317622004399, -1.594543, -8.750916, 10.183716 
202317641871342, -1.594543, -8.750916, 10.183716 
202317661738285, -1.596069, -8.749390, 9.884644 
202317681605229, -1.296997, -8.898926, 9.437561 
202317701472172, -1.296997, -8.898926, 9.437561 
202317721339115, -1.596069, -8.897400, 9.437561 
202317741206059, -1.596069, -8.747864, 9.437561 
202317761073002, -1.596069, -8.747864, 9.437561 
202317780939945, -1.596069, -8.747864, 9.437561 
202317800837406, -1.596069, -8.749390, 9.736633 
202317820704350, -1.748657, -8.747864, 9.736633 
202317840571293, -1.748657, -8.747864, 9.736633 
202317860407719, -1.748657, -8.747864, 9.736633 
202317880274662, -1.748657, -8.747864, 9.736633 
202317900111088, -1.898193, -8.897400, 9.736633 
202317919978031, -2.200317, -8.895874, 9.735107 
202317939844975, -1.898193, -8.897400, 9.736633 
202317959711918, -1.898193, -9.046936, 9.738159 
202317979578861, -1.896667, -9.197998, 9.738159 
202317999445805, -1.898193, -8.897400, 9.736633 
202318019312748, -1.898193, -8.897400, 9.736633 
202318039179691, -1.898193, -8.897400, 9.736633 
202318059077152, -1.898193, -8.897400, 9.884644 
202318078944096, -1.896667, -9.048462, 10.334778 
202318098841557, -1.895142, -9.199524, 10.334778 
202318118708500, -1.895142, -9.199524, 10.185242 
202318138544926, -2.197266, -9.197998, 10.183716 
202318158411869, -2.197266, -9.197998, 10.183716 
202318178278813, -2.346802, -9.197998, 10.034180 
202318198145756, -2.346802, -9.197998, 10.034180 
202318218012699, -2.198792, -9.196472, 9.736633 
202318237879643, -1.898193, -9.194946, 8.990479 
202318257746586, -1.899719, -9.043884, 9.140015 
202318277613529, -1.899719, -8.744812, 9.138489 
202318297480473, -1.899719, -8.894348, 9.138489 
202318317347416, -1.899719, -8.894348, 9.138489 
202318337214359, -1.898193, -8.895874, 9.288025 
202318357081303, -1.748657, -8.895874, 9.288025 
202318376948246, -1.596069, -8.897400, 9.288025 
202318396815190, -1.596069, -8.898926, 9.736633 
202318416682133, -1.596069, -8.898926, 9.884644 
202318436549076, -1.594543, -8.900452, 10.034180 
202318456385502, -1.594543, -8.900452, 10.034180 
202318476252445, -1.747131, -8.898926, 10.183716 
202318496119389, -1.745605, -8.900452, 10.632324 
202318515986332, -1.745605, -8.901978, 11.077881 
202318535853275, -1.745605, -9.051514, 10.931396 
202318555720219, -1.745605, -9.051514, 10.781860 
202318575587162, -1.742554, -9.501648, 10.783386 
202318595454106, -1.588440, -9.803772, 10.784912 
202318615321049, -1.588440, -9.803772, 10.784912 
202318635187992, -1.588440, -9.803772, 10.784912 
202318655085453, -1.591492, -9.649658, 10.186768 
202318674952397, -1.591492, -9.649658, 10.186768 
202318694819340, -1.589966, -9.652710, 10.783386 
202318714686283, -1.591492, -9.649658, 10.336304 
202318734553227, -1.591492, -9.649658, 10.037231 
202318754420170, -1.591492, -9.500122, 10.037231 
202318774287113, -1.744080, -9.498596, 10.037231 
202318794154057, -1.893616, -9.498596, 10.037231 
202318814021000, -1.895142, -9.646606, 9.887695 
202318833887943, -1.895142, -9.497070, 9.887695 
202318853754887, -2.195740, -9.497070, 10.035706 
202318873621830, -2.346802, -9.495544, 9.886169 
202318893488774, -2.345276, -9.497070, 10.035706 
202318913355717, -2.345276, -9.497070, 10.035706 
202318933192143, -2.345276, -9.497070, 10.035706 
202318953089604, -2.195740, -9.497070, 10.035706 
202318972956547, -2.195740, -9.497070, 10.035706 
202318992823490, -2.195740, -9.497070, 10.035706 
202319012659916, -2.346802, -9.495544, 9.886169 
202319032526859, -2.346802, -9.495544, 9.886169 
202319052393803, -2.197266, -9.494019, 9.439087 
202319072260746, -2.198792, -9.492493, 9.140015 
202319092127690, -2.197266, -9.495544, 9.886169 
202319111994633, -2.198792, -9.492493, 9.140015 
202319131861576, -2.198792, -9.492493, 9.140015 
202319151728520, -1.745605, -9.495544, 9.291077 
202319171595463, -1.895142, -9.495544, 9.291077 
202319191462406, -1.895142, -9.495544, 9.291077 
202319211329350, -1.895142, -9.495544, 9.440613 
202319231226811, -1.895142, -9.495544, 9.440613 
202319251093754, -1.895142, -9.495544, 9.440613 
202319270960697, -1.895142, -9.495544, 9.440613 
202319290827641, -1.895142, -9.497070, 9.887695 
202319310694584, -1.895142, -9.497070, 9.887695 
202319330561527, -1.895142, -9.497070, 9.887695 
202319350428471, -1.895142, -9.497070, 9.887695 
202319370295414, -1.895142, -9.497070, 9.887695 
202319390162358, -1.895142, -9.497070, 9.887695 
202319410029301, -1.895142, -9.497070, 9.887695 
202319429865727, -1.895142, -9.497070, 9.887695 
202319449732670, -1.895142, -9.497070, 9.887695 
202319469599613, -1.895142, -9.497070, 9.887695 
202319489466557, -1.895142, -9.497070, 9.887695 
202319509333500, -1.896667, -9.197998, 9.886169 
202319529230961, -2.198792, -9.196472, 9.884644 
202319549097904, -2.198792, -9.196472, 9.884644 
202319568964848, -2.200317, -9.045410, 9.884644 
202319588831791, -2.200317, -9.045410, 9.884644 
202319608698734, -2.200317, -9.045410, 9.884644 
202319628565678, -2.200317, -9.045410, 9.884644 
202319648432621, -1.896667, -9.048462, 10.185242 
202319668269047, -1.896667, -9.048462, 10.185242 
202319688135990, -1.896667, -9.048462, 10.334778 
202319708002934, -1.896667, -9.048462, 10.334778 
202319727869877, -2.348328, -9.046936, 10.333252 
202319747738579, -2.348328, -9.046936, 10.333252 
202319767605523, -2.348328, -9.046936, 10.333252 
202319787472466, -2.348328, -9.046936, 10.333252 
202319807369927, -2.348328, -9.046936, 10.333252 
202319827236870, -2.348328, -9.046936, 10.333252 
202319847103814, -2.348328, -9.046936, 10.333252 
202319866970757, -2.348328, -9.046936, 10.333252 
202319886837700, -2.348328, -9.046936, 10.333252 
202319906704644, -2.348328, -9.046936, 10.333252 
202319926541070, -2.348328, -9.046936, 10.333252 
202319946408013, -2.348328, -9.046936, 10.333252 
202319966244439, -2.198792, -9.046936, 10.333252 
202319986111382, -1.896667, -9.048462, 10.334778 
202320005978325, -1.896667, -9.048462, 10.334778 
202320025845269, -1.896667, -9.048462, 10.185242 
202320045712212, -1.896667, -8.898926, 10.183716 
202320065579156, -1.896667, -8.898926, 10.183716 
202320085476617, -1.896667, -8.749390, 10.183716 
202320105343560, -1.896667, -8.749390, 10.183716 
202320125210503, -1.896667, -8.749390, 10.183716 
202320145077447, -1.896667, -8.749390, 10.034180 
202320164944390, -1.898193, -8.747864, 9.736633 
202320184780816, -1.898193, -8.747864, 9.736633 
202320204647759, -1.896667, -8.749390, 10.034180 
202320224514702, -1.898193, -8.747864, 9.884644 
202320244381646, -1.898193, -8.747864, 9.884644 
202320264248589, -1.898193, -8.747864, 9.884644 
202320284115533, -1.898193, -8.747864, 9.884644 
202320303982476, -1.898193, -8.747864, 9.884644 
202320323849419, -1.896667, -8.749390, 10.034180 
202320343716363, -1.896667, -8.749390, 10.034180 
202320363583306, -1.896667, -8.749390, 10.034180 
202320383480767, -1.896667, -8.749390, 10.034180 
202320403347710, -1.896667, -8.749390, 10.034180 
202320423214654, -1.896667, -8.749390, 10.034180 
202320443112115, -1.896667, -8.749390, 10.034180 
202320462979058, -1.893616, -9.498596, 10.037231 
202320482815484, -1.893616, -9.498596, 10.037231 
202320502682427, -1.893616, -9.498596, 10.037231 
202320522549370, -1.744080, -9.498596, 10.037231 
202320542416314, -1.744080, -9.648132, 10.037231 
202320562283257, -1.292419, -9.501648, 10.186768 
202320582150200, -1.744080, -9.498596, 10.186768 
202320602017144, -1.744080, -9.498596, 10.336304 
202320621884087, -1.744080, -9.498596, 10.336304 
202320641751031, -1.744080, -9.498596, 10.336304 
202320661648492, -1.742554, -9.799194, 10.337830 
202320681515435, -1.744080, -9.498596, 10.336304 
202320701382378, -1.745605, -9.199524, 10.334778 
202320721249322, -1.745605, -9.199524, 10.334778 
202320741116265, -1.747131, -9.048462, 10.334778 
202320760952691, -1.747131, -9.048462, 10.334778 
202320780819634, -1.747131, -9.048462, 10.334778 
202320800656060, -1.747131, -8.898926, 10.333252 
202320820553521, -1.748657, -8.596802, 10.331726 
202320840389947, -1.747131, -8.749390, 10.333252 
202320860256890, -1.747131, -8.749390, 10.333252 
202320880123833, -1.747131, -8.749390, 10.333252 
202320899990777, -1.747131, -8.749390, 10.333252 
202320919888238, -1.747131, -8.749390, 10.333252 
202320939755181, -2.198792, -8.897400, 10.331726 
202320959652642, -2.198792, -8.897400, 10.331726 
202320979519585, -2.348328, -8.897400, 10.331726 
202320999386529, -2.348328, -8.897400, 10.331726 
202321019253472, -2.348328, -8.897400, 10.331726 
202321039120415, -2.348328, -9.196472, 9.884644 
202321058987359, -2.348328, -9.196472, 9.884644 
202321078823784, -2.348328, -9.196472, 9.884644 
202321098690728, -2.348328, -9.196472, 9.884644 
202321118557671, -1.896667, -9.197998, 9.886169 
202321138424615, -1.898193, -9.046936, 9.886169 
202321158291558, -1.296997, -8.750916, 9.884644 
202321178158501, -1.597595, -8.596802, 9.883118 
202321198025445, -1.750183, -8.595276, 9.883118 
202321217892388, -1.750183, -8.595276, 9.883118 
202321237850884, -1.750183, -8.595276, 9.883118 
202321257687310, -1.750183, -8.595276, 9.883118 
202321277554253, -1.750183, -8.595276, 9.883118 
202321297421197, -1.750183, -8.595276, 9.883118 
202321317288140, -1.750183, -8.595276, 9.883118 
202321337155083, -1.750183, -8.595276, 9.883118 
202321357022027, -1.750183, -8.595276, 9.883118 
202321376888970, -1.750183, -8.595276, 9.883118 
202321396694878, -1.750183, -8.595276, 9.883118 
202321416561822, -1.750183, -8.595276, 9.883118 
202321436428765, -1.750183, -8.595276, 9.883118 
202321456295708, -1.751709, -8.296204, 9.883118 
202321476162652, -1.750183, -8.297729, 10.032654 
202321496029595, -1.750183, -8.297729, 10.032654 
202321515927056, -2.201843, -8.145142, 10.029602 
202321535793999, -1.899719, -8.146667, 10.031128 
202321555660943, -2.201843, -8.145142, 10.029602 
202321575527886, -2.201843, -8.145142, 10.029602 
202321595394829, -2.201843, -8.145142, 10.029602 
202321615261773, -2.201843, -8.145142, 10.029602 
202321635128716, -2.201843, -8.296204, 10.031128 
202321654995659, -2.201843, -8.296204, 10.031128 
202321674862603, -2.201843, -8.296204, 10.330200 
202321694729546, -2.200317, -8.595276, 10.330200 
202321714627007, -2.348328, -8.747864, 10.331726 
202321734463433, -2.648926, -8.746338, 10.330200 
202321754330376, -2.647400, -8.747864, 10.629272 
202321774197320, -2.647400, -8.897400, 10.629272 
202321794064263, -2.647400, -8.897400, 10.629272 
202321813961724, -2.346802, -8.898926, 10.630798 
202321833828667, -2.346802, -9.048462, 10.632324 
202321853695611, -2.346802, -9.048462, 10.632324 
202321873562554, -2.197266, -9.048462, 10.632324 
202321893429497, -2.348328, -9.046936, 10.034180 
202321913296441, -2.648926, -9.045410, 10.182190 
202321933163384, -2.648926, -9.045410, 10.182190 
202321953030327, -2.197266, -9.197998, 10.183716 
202321972897271, -2.197266, -9.197998, 10.183716 
202321992764214, -1.895142, -9.199524, 10.035706 
202322012631158, -1.895142, -9.199524, 10.035706 
202322032498101, -1.896667, -9.197998, 9.886169 
202322052365044, -1.896667, -9.197998, 9.886169 
202322072201470, -1.896667, -9.197998, 9.886169 
202322092098931, -1.896667, -9.197998, 9.886169 
202322111965874, -1.895142, -9.199524, 10.035706 
202322131832818, -1.896667, -9.048462, 10.035706 
202322151699761, -2.197266, -9.197998, 10.034180 
202322171566704, -2.197266, -9.197998, 10.034180 
202322191403130, -2.197266, -9.197998, 10.034180 
202322211270074, -2.197266, -9.197998, 10.034180 
202322231137017, -2.197266, -9.197998, 10.034180 
202322251003960, -2.197266, -9.197998, 10.034180 
202322270870904, -2.197266, -9.197998, 10.034180 
202322290737847, -2.197266, -9.197998, 10.034180 
202322310604790, -2.198792, -9.046936, 10.034180 
202322330471734, -2.348328, -9.046936, 10.034180 
202322350338677, -2.198792, -9.046936, 10.034180 
202322370205620, -2.200317, -8.595276, 10.031128 
202322390072564, -2.200317, -8.595276, 10.031128 
202322409939507, -2.200317, -8.595276, 10.180664 
