1666205599906 -0.454712 -24.411011 18.757629  
1666225497367 -0.454712 -24.411011 18.757629  
1666245364310 -0.454712 -24.411011 18.757629  
1666265231254 -0.454712 -24.411011 18.757629  
1666285098197 -0.454712 -24.411011 18.757629  
1666304965140 -0.454712 -24.411011 18.608093  
1666324862601 -0.456238 -23.959351 18.905640  
1666344760062 -0.456238 -23.959351 18.905640  
1666364627006 -0.155640 -23.960876 18.905640  
1666384493949 -0.155640 -23.960876 18.905640  
1666404360892 -0.155640 -23.960876 18.905640  
1666424227836 -0.155640 -23.960876 18.905640  
1666444125297 -0.155640 -23.960876 18.905640  
1666463992240 -0.155640 -23.960876 18.905640  
1666483859183 -0.154114 -24.412537 18.907166  
1666503726127 -0.152588 -24.563599 18.907166  
1666523593070 -0.152588 -24.563599 18.907166  
1666543460014 -0.152588 -24.563599 18.907166  
1666563357474 -0.152588 -24.563599 18.907166  
1666583224418 -0.154114 -24.562073 18.458557  
1666603091361 -0.154114 -24.560547 18.161011  
1666622958305 -0.155640 -24.559021 17.712402  
1666642855765 -0.155640 -24.560547 17.861938  
1666662722709 -0.155640 -24.560547 17.861938  
1666682620170 -0.155640 -24.560547 17.861938  
1666702487113 -0.155640 -24.560547 17.861938  
1666722354056 -0.155640 -24.560547 17.861938  
1666742221000 -0.155640 -24.560547 17.861938  
1666762087943 -0.155640 -24.560547 17.861938  
1666781954887 -0.155640 -24.411011 18.458557  
1666801852347 -0.155640 -24.411011 18.458557  
1666821719291 0.146484 -24.111938 18.457031  
1666841586234 0.144958 -23.959351 18.457031  
1666861453178 0.144958 -23.809814 18.455505  
1666881320121 -0.006104 -23.809814 18.455505  
1666901187064 -0.006104 -23.809814 18.455505  
1666921115043 -0.006104 -23.809814 18.455505  
1666940981986 -0.006104 -23.809814 18.455505  
1666960848930 -0.006104 -23.808289 18.157959  
1666980715873 -0.006104 -23.808289 18.157959  
1667000582816 -0.006104 -23.808289 18.006897  
1667020449760 -0.006104 -23.808289 18.006897  
1667040347221 -0.006104 -23.808289 18.006897  
1667060214164 -0.006104 -23.808289 18.157959  
1667080081107 -0.006104 -23.808289 18.157959  
1667099948051 -0.006104 -23.808289 18.157959  
1667119814994 0.294495 -23.809814 18.159485  
1667139681937 0.294495 -23.959351 18.161011  
1667159579398 0.447083 -24.411011 18.162537  
1667179446342 0.746155 -23.811340 18.159485  
1667199343803 0.746155 -23.811340 18.159485  
1667219210746 0.445557 -23.809814 18.008423  
1667239077689 0.445557 -23.809814 18.008423  
1667258975150 0.445557 -23.959351 18.009949  
1667278842094 0.447083 -24.113464 18.458557  
1667298709037 0.447083 -24.113464 18.458557  
1667318575980 0.296021 -24.113464 18.458557  
1667338442924 0.296021 -24.113464 18.458557  
1667358340385 0.296021 -24.113464 18.458557  
1667378207328 0.146484 -24.111938 18.457031  
1667398074271 0.146484 -24.111938 18.457031  
1667417941215 0.146484 -24.111938 18.457031  
1667437808158 0.146484 -24.111938 18.457031  
1667457705619 0.146484 -24.111938 18.457031  
1667477572562 0.148010 -24.113464 18.606567  
1667497470023 0.148010 -24.113464 18.606567  
1667517336967 0.148010 -24.113464 18.606567  
1667537234428 0.148010 -24.412537 18.608093  
1667557101371 0.148010 -24.412537 18.608093  
1667576968314 0.148010 -24.113464 18.606567  
1667596835258 0.148010 -24.113464 18.606567  
1667616702201 0.148010 -24.113464 18.606567  
1667636599662 0.148010 -24.113464 18.606567  
1667656466605 0.148010 -24.113464 18.606567  
1667676333549 0.149536 -24.563599 18.608093  
1667696200492 0.149536 -24.563599 18.608093  
1667716067435 0.149536 -24.563599 18.608093  
1667735964896 0.148010 -24.412537 18.608093  
1667755831840 -0.001526 -24.713135 18.609619  
1667775729301 -0.001526 -24.713135 18.609619  
1667795596244 -0.001526 -24.713135 18.609619  
1667815463187 -0.001526 -24.713135 18.759155  
1667835360648 -0.001526 -24.713135 18.908691  
1667855227592 0.000000 -24.716187 19.355774  
1667875094535 -0.001526 -24.565125 19.056702  
1667894961478 -0.001526 -24.565125 19.056702  
1667914828422 -0.152588 -24.565125 19.056702  
1667934725883 -0.154114 -24.414063 19.056702  
1667954592826 -0.155640 -23.962402 19.055176  
1667974459769 -0.758362 -23.959351 19.053650  
1667994326713 -0.756836 -24.411011 19.055176  
1668014193656 -0.608826 -23.658752 18.902588  
1668034091117 -0.608826 -23.658752 18.902588  
1668053958060 -0.608826 -23.658752 18.753052  
1668073855521 -0.457764 -23.660278 18.605042  
1668093722465 -0.157166 -23.661804 18.904114  
1668113619926 -0.459290 -23.657227 18.006897  
1668133486869 -0.457764 -23.806763 18.157959  
1668153353812 -0.157166 -23.809814 18.455505  
1668173220756 -0.157166 -23.809814 18.455505  
1668193118217 -0.157166 -23.809814 18.455505  
