# Created at Tue Jun 01 15:51:02 GMT+02:00 2021 in Burnaby Canada 
1664257876517 -0.155640 -23.960876 18.756104 
1664277743461 -0.155640 -23.960876 18.756104 
1664297640922 -0.155640 -23.960876 18.756104 
1664317507865 -0.155640 -23.960876 18.756104 
1664337405326 -0.155640 -23.960876 18.756104 
1664357272269 -0.155640 -23.960876 18.606567 
1664377139213 -0.155640 -23.960876 18.606567 
1664397006156 -0.155640 -23.960876 18.606567 
1664416903617 -0.154114 -24.113464 18.606567 
1664436770560 -0.155640 -24.111938 18.457031 
1664456637504 -0.157166 -24.108887 17.562866 
1664476504447 -0.457764 -24.107361 17.710876 
1664496371390 -0.608826 -24.105835 17.709351 
1664516238334 -0.457764 -24.406433 17.712402 
1664536105277 -1.058960 -24.403381 17.710876 
1664556002738 -1.058960 -24.403381 17.710876 
1664575869681 -1.058960 -24.403381 17.710876 
1664595736625 -1.058960 -24.404907 17.860413 
1664615603568 -1.057434 -24.406433 18.457031 
1664635501029 -1.057434 -24.406433 18.457031 
1664655398490 -0.758362 -24.406433 18.159485 
1664675265433 -0.758362 -24.406433 18.159485 
1664695132377 -0.758362 -24.406433 18.159485 
1664714999320 -0.758362 -24.406433 18.008423 
1664734866264 -0.758362 -24.406433 18.008423 
1664754733207 -0.004578 -24.409485 18.161011 
1664774630668 -0.155640 -24.110413 18.159485 
1664794497611 -0.155640 -24.110413 18.159485 
1664814364555 -0.155640 -24.110413 18.159485 
1664834231498 -0.155640 -24.110413 18.159485 
1664854098441 -0.157166 -23.957825 18.159485 
1664873965385 -0.157166 -23.957825 18.159485 
1664893862846 -0.157166 -23.957825 18.159485 
1664913760306 -0.157166 -23.957825 18.008423 
1664933627250 -0.157166 -23.808289 18.006897 
1664953494193 -0.157166 -23.808289 18.006897 
1664973361137 -0.160217 -23.208618 18.005371 
1664993228080 -0.158691 -23.507690 18.005371 
1665013125541 -0.158691 -23.509216 18.453979 
1665032992484 -0.158691 -23.509216 18.453979 
1665052859428 -0.157166 -23.510742 18.753052 
1665072726371 -0.154114 -23.666382 19.947815 
1665092623832 -0.154114 -23.814392 19.502258 
1665112490775 -0.154114 -23.814392 19.502258 
1665132357719 -0.152588 -24.415588 19.505310 
1665152224662 -0.144958 -25.917053 19.511414 
1665172091605 -0.148010 -25.167847 19.357300 
1665191989066 -0.148010 -25.465393 19.061279 
1665211886527 -0.149536 -25.166321 19.059753 
1665231753471 -0.149536 -25.166321 19.059753 
1665251620414 -0.149536 -25.164795 18.760681 
1665271487357 -0.155640 -25.006104 17.117310 
1665291354301 -0.154114 -25.007629 17.713928 
1665311251762 -0.155640 -24.710083 17.863464 
1665331118705 -0.155640 -24.560547 17.861938 
1665350985648 -0.157166 -24.110413 17.860413 
1665370852592 -0.157166 -24.409485 17.861938 
1665390719535 -0.155640 -24.110413 18.159485 
1665410586478 -0.154114 -24.113464 18.606567 
1665430453422 -0.149536 -24.121094 20.547485 
1665450350883 -0.149536 -24.121094 20.547485 
1665470217826 -0.602722 -24.114990 19.947815 
1665490115287 -0.451660 -24.116516 19.949341 
1665509982230 -0.451660 -24.116516 19.949341 
1665529879691 -0.453186 -24.116516 19.801331 
1665549746635 -0.453186 -24.114990 19.503784 
1665569613578 -0.454712 -24.111938 18.905640 
1665589480521 -0.457764 -24.107361 17.562866 
1665609347465 -0.454712 -24.111938 18.756104 
1665629214408 -0.456238 -24.110413 18.457031 
1665649111869 -0.456238 -24.108887 18.159485 
1665668978812 -0.456238 -24.110413 18.457031 
1665688845756 -0.456238 -24.110413 18.457031 
1665708712699 -0.456238 -24.110413 18.457031 
1665728579642 -0.456238 -24.409485 18.458557 
1665748477103 -0.456238 -24.409485 18.458557 
1665768374564 -0.456238 -24.409485 18.458557 
1665788241508 -0.456238 -24.409485 18.458557 
1665808108451 -0.454712 -24.411011 18.608093 
1665827975394 -0.454712 -24.411011 18.608093 
1665847872855 -0.154114 -24.412537 18.608093 
1665867739799 -0.003052 -24.412537 18.608093 
1665887606742 -0.154114 -24.412537 18.608093 
1665907473685 -0.155640 -24.411011 18.458557 
1665927340629 -0.155640 -24.411011 18.458557 
1665947238090 -0.155640 -24.411011 18.458557 
1665967105033 -0.155640 -24.411011 18.458557 
1665986971976 -0.154114 -24.412537 18.608093 
1666006838920 -0.154114 -24.412537 18.757629 
1666026705863 -0.154114 -24.412537 18.757629 
1666046603324 -0.154114 -24.412537 18.907166 
1666066500785 -0.454712 -24.411011 18.907166 
1666086367728 -0.454712 -24.411011 18.757629 
1666106234672 -0.454712 -24.411011 18.757629 
1666126132133 -0.454712 -24.411011 18.757629 
1666145999076 -0.454712 -24.411011 18.757629 
1666165866019 -0.454712 -24.411011 18.757629 
1666185732963 -0.454712 -24.411011 18.757629 
1666205599906 -0.454712 -24.411011 18.757629 
1666225497367 -0.454712 -24.411011 18.757629 
1666245364310 -0.454712 -24.411011 18.757629 
1666265231254 -0.454712 -24.411011 18.757629 
1666285098197 -0.454712 -24.411011 18.757629 
1666304965140 -0.454712 -24.411011 18.608093 
1666324862601 -0.456238 -23.959351 18.905640 
1666344760062 -0.456238 -23.959351 18.905640 
1666364627006 -0.155640 -23.960876 18.905640 
1666384493949 -0.155640 -23.960876 18.905640 
1666404360892 -0.155640 -23.960876 18.905640 
1666424227836 -0.155640 -23.960876 18.905640 
1666444125297 -0.155640 -23.960876 18.905640 
1666463992240 -0.155640 -23.960876 18.905640 
1666483859183 -0.154114 -24.412537 18.907166 
1666503726127 -0.152588 -24.563599 18.907166 
1666523593070 -0.152588 -24.563599 18.907166 
1666543460014 -0.152588 -24.563599 18.907166 
1666563357474 -0.152588 -24.563599 18.907166 
1666583224418 -0.154114 -24.562073 18.458557 
1666603091361 -0.154114 -24.560547 18.161011 
1666622958305 -0.155640 -24.559021 17.712402 
1666642855765 -0.155640 -24.560547 17.861938 
1666662722709 -0.155640 -24.560547 17.861938 
1666682620170 -0.155640 -24.560547 17.861938 
1666702487113 -0.155640 -24.560547 17.861938 
1666722354056 -0.155640 -24.560547 17.861938 
1666742221000 -0.155640 -24.560547 17.861938 
1666762087943 -0.155640 -24.560547 17.861938 
1666781954887 -0.155640 -24.411011 18.458557 
1666801852347 -0.155640 -24.411011 18.458557 
1666821719291 0.146484 -24.111938 18.457031 
1666841586234 0.144958 -23.959351 18.457031 
1666861453178 0.144958 -23.809814 18.455505 
1666881320121 -0.006104 -23.809814 18.455505 
1666901187064 -0.006104 -23.809814 18.455505 
1666921115043 -0.006104 -23.809814 18.455505 
1666940981986 -0.006104 -23.809814 18.455505 
1666960848930 -0.006104 -23.808289 18.157959 
1666980715873 -0.006104 -23.808289 18.157959 
1667000582816 -0.006104 -23.808289 18.006897 
1667020449760 -0.006104 -23.808289 18.006897 
1667040347221 -0.006104 -23.808289 18.006897 
1667060214164 -0.006104 -23.808289 18.157959 
1667080081107 -0.006104 -23.808289 18.157959 
1667099948051 -0.006104 -23.808289 18.157959 
1667119814994 0.294495 -23.809814 18.159485 
1667139681937 0.294495 -23.959351 18.161011 
1667159579398 0.447083 -24.411011 18.162537 
1667179446342 0.746155 -23.811340 18.159485 
1667199343803 0.746155 -23.811340 18.159485 
1667219210746 0.445557 -23.809814 18.008423 
1667239077689 0.445557 -23.809814 18.008423 
1667258975150 0.445557 -23.959351 18.009949 
1667278842094 0.447083 -24.113464 18.458557 
1667298709037 0.447083 -24.113464 18.458557 
1667318575980 0.296021 -24.113464 18.458557 
1667338442924 0.296021 -24.113464 18.458557 
1667358340385 0.296021 -24.113464 18.458557 
1667378207328 0.146484 -24.111938 18.457031 
1667398074271 0.146484 -24.111938 18.457031 
1667417941215 0.146484 -24.111938 18.457031 
1667437808158 0.146484 -24.111938 18.457031 
1667457705619 0.146484 -24.111938 18.457031 
1667477572562 0.148010 -24.113464 18.606567 
1667497470023 0.148010 -24.113464 18.606567 
1667517336967 0.148010 -24.113464 18.606567 
1667537234428 0.148010 -24.412537 18.608093 
1667557101371 0.148010 -24.412537 18.608093 
1667576968314 0.148010 -24.113464 18.606567 
1667596835258 0.148010 -24.113464 18.606567 
1667616702201 0.148010 -24.113464 18.606567 
1667636599662 0.148010 -24.113464 18.606567 
1667656466605 0.148010 -24.113464 18.606567 
1667676333549 0.149536 -24.563599 18.608093 
1667696200492 0.149536 -24.563599 18.608093 
1667716067435 0.149536 -24.563599 18.608093 
1667735964896 0.148010 -24.412537 18.608093 
1667755831840 -0.001526 -24.713135 18.609619 
1667775729301 -0.001526 -24.713135 18.609619 
1667795596244 -0.001526 -24.713135 18.609619 
1667815463187 -0.001526 -24.713135 18.759155 
1667835360648 -0.001526 -24.713135 18.908691 
1667855227592 0.000000 -24.716187 19.355774 
1667875094535 -0.001526 -24.565125 19.056702 
1667894961478 -0.001526 -24.565125 19.056702 
1667914828422 -0.152588 -24.565125 19.056702 
1667934725883 -0.154114 -24.414063 19.056702 
1667954592826 -0.155640 -23.962402 19.055176 
1667974459769 -0.758362 -23.959351 19.053650 
1667994326713 -0.756836 -24.411011 19.055176 
1668014193656 -0.608826 -23.658752 18.902588 
1668034091117 -0.608826 -23.658752 18.902588 
1668053958060 -0.608826 -23.658752 18.753052 
1668073855521 -0.457764 -23.660278 18.605042 
1668093722465 -0.157166 -23.661804 18.904114 
1668113619926 -0.459290 -23.657227 18.006897 
1668133486869 -0.457764 -23.806763 18.157959 
1668153353812 -0.157166 -23.809814 18.455505 
1668173220756 -0.157166 -23.809814 18.455505 
1668193118217 -0.157166 -23.809814 18.455505 
1668212985160 -0.154114 -24.562073 18.458557 
1668232852103 -0.454712 -24.710083 18.460083 
1668252719047 -0.453186 -24.562073 18.608093 
1668272585990 -0.453186 -24.562073 18.757629 
1668292483451 -0.454712 -24.411011 18.757629 
1668312350394 -0.454712 -24.411011 18.907166 
1668332217338 -0.454712 -24.411011 18.757629 
1668352114799 -0.454712 -24.411011 18.907166 
1668371981742 -0.152588 -24.415588 19.354248 
1668391879203 -0.152588 -24.118042 19.801331 
1668411746146 -0.151062 -24.119568 20.100403 
1668431613090 -0.151062 -24.118042 19.949341 
1668451480033 0.149536 -24.417114 19.802856 
1668471346976 0.149536 -24.417114 19.802856 
1668491259161 -0.001526 -24.417114 19.802856 
1668511126105 -0.001526 -24.417114 19.802856 
1668530993048 -0.001526 -24.417114 19.802856 
1668550859991 -0.001526 -24.415588 19.505310 
1668570726935 -0.001526 -24.415588 19.354248 
1668590624396 -0.001526 -24.116516 19.352722 
1668610491339 -0.456238 -23.960876 19.055176 
1668630388800 -0.456238 -24.110413 18.457031 
1668650255743 -0.457764 -23.660278 18.605042 
1668670153204 -0.456238 -23.959351 18.606567 
1668690020148 -0.456238 -23.959351 18.756104 
1668709887091 -0.456238 -23.959351 18.756104 
1668729754034 -0.456238 -23.959351 18.756104 
1668749620978 -0.456238 -23.959351 18.756104 
1668769518439 -0.456238 -23.959351 18.756104 
1668789385382 -0.456238 -23.959351 18.756104 
1668809252325 -0.456238 -23.959351 18.606567 
1668829119269 -0.456238 -23.809814 18.754578 
1668848986212 -0.456238 -23.809814 18.754578 
1668868883673 -0.456238 -23.809814 18.754578 
1668888750616 -0.457764 -23.808289 18.455505 
1668908617560 -0.457764 -23.957825 18.457031 
1668928515021 -0.457764 -23.957825 18.457031 
1668948381964 -0.457764 -23.957825 18.457031 
1668968279425 -0.457764 -23.957825 18.457031 
1668988146368 -0.457764 -23.957825 18.457031 
1669008013312 -0.457764 -23.957825 18.457031 
1669027880255 -0.457764 -23.957825 18.457031 
1669047777716 -0.457764 -23.957825 18.457031 
1669067644659 -0.457764 -23.957825 18.457031 
1669087511603 -0.456238 -23.959351 18.606567 
1669107378546 -0.454712 -23.962402 19.503784 
1669127245489 -0.456238 -23.959351 18.905640 
1669147142950 -0.456238 -23.959351 18.905640 
1669167009894 -0.456238 -23.959351 18.905640 
1669186876837 -0.456238 -23.959351 18.905640 
1669206774298 -0.456238 -23.959351 18.905640 
1669226641241 -0.456238 -23.959351 18.905640 
1669246538702 -0.607300 -23.957825 18.904114 
1669266405646 -0.607300 -23.957825 18.904114 
1669286272589 -0.607300 -23.957825 18.904114 
1669306139532 -0.607300 -23.957825 18.904114 
1669326036993 -0.456238 -23.959351 18.905640 
1669345903937 -0.456238 -23.959351 18.905640 
1669365770880 -0.456238 -23.959351 18.905640 
1669385637823 -0.456238 -23.959351 18.905640 
1669405504767 -0.454712 -24.111938 18.905640 
1669425402228 -0.454712 -24.111938 18.905640 
1669445269171 -0.454712 -24.111938 18.905640 
1669465136114 -0.454712 -24.111938 18.905640 
1669485003058 -0.454712 -24.411011 18.907166 
1669504900519 -0.454712 -24.411011 18.907166 
1669524797980 -0.454712 -24.411011 18.907166 
1669544664923 -0.454712 -24.411011 18.907166 
1669564531866 -0.454712 -24.411011 18.907166 
1669584398810 -0.453186 -24.711609 18.908691 
1669604296271 -0.453186 -24.562073 18.907166 
1669624163214 -0.453186 -24.562073 18.907166 
1669644030157 -0.453186 -24.562073 18.907166 
1669663897101 -0.453186 -24.562073 18.907166 
1669683764044 -0.604248 -24.560547 18.905640 
1669703661505 -0.605774 -24.409485 18.905640 
1669723528448 -0.605774 -24.409485 18.905640 
1669743395392 -0.605774 -24.409485 18.606567 
1669763262335 -0.607300 -24.406433 18.008423 
1669783159796 -0.607300 -24.406433 18.008423 
1669803057257 -0.608826 -24.406433 17.860413 
1669822924200 -0.608826 -24.406433 17.860413 
1669842791144 -0.608826 -24.404907 17.562866 
1669862658087 -0.608826 -24.404907 17.562866 
1669882525030 -0.608826 -24.403381 17.263794 
1669902391974 -0.610352 -24.400330 16.667175 
