1570645805341 0.070955 0.090547 0.226564  
1570665611249 -0.095760 -0.121640 -0.079215  
1570685447675 0.045085 0.036090 -0.100142  
1570705253583 0.073062 0.090836 0.231050  
1570725059491 -0.098677 -0.116602 -0.079531  
1570744895917 0.051697 0.033728 -0.100471  
1570764701825 0.063243 0.095642 0.225989  
1570784538251 -0.101320 -0.121595 -0.077444  
1570804374677 0.041947 0.021872 -0.105517  
1570824180585 0.072576 0.095522 0.213850  
1570844017011 -0.101563 -0.121494 -0.070479  
1570863822919 0.044326 0.026505 -0.108131  
1570883628827 0.070422 0.097980 0.206530  
1570903465253 -0.105846 -0.109535 -0.068250  
1570923271161 0.042440 0.021740 -0.122583  
1570943077069 0.073081 0.100398 0.218349  
1570962913495 -0.098463 -0.119037 -0.066017  
1570982719403 0.044800 0.026572 -0.113247  
1571002525312 0.065906 0.095460 0.215756  
1571022361737 -0.105829 -0.116827 -0.070987  
1571042167646 0.039846 0.036136 -0.101536  
1571062004071 0.063383 0.090940 0.208381  
1571081840497 -0.100994 -0.118950 -0.097356  
1571101646405 0.047056 0.027135 -0.115870  
1571121452314 0.072928 0.098643 0.198907  
1571141288739 -0.100789 -0.109150 -0.087756  
1571161094648 0.042499 0.024514 -0.130119  
1571180900556 0.070544 0.098664 0.196635  
1571200736982 -0.106009 -0.111273 -0.078126  
1571220542890 0.044444 0.027627 -0.134830  
1571240348798 0.072960 0.106061 0.189600  
1571260185224 -0.103393 -0.118223 -0.085129  
1571279991132 0.049684 0.025243 -0.139438  
1571299797040 0.075560 0.101553 0.185030  
1571319633466 -0.105567 -0.111034 -0.089684  
1571339439374 0.040360 0.025014 -0.141602  
1571359275800 0.071292 0.108244 0.187659  
1571379112226 -0.097918 -0.111535 -0.098978  
1571398918134 0.052504 0.031668 -0.134192  
1571418724042 0.068858 0.098427 0.190278  
1571438529950 -0.105573 -0.118453 -0.108281  
1571458366376 0.049893 0.029785 -0.133926  
1571478172284 0.066479 0.101085 0.181024  
1571498008710 -0.107465 -0.111514 -0.110353  
1571517814618 0.045390 0.034059 -0.133611  
1571537620527 0.071535 0.102965 0.188474  
1571557456952 -0.100065 -0.118944 -0.100554  
1571577262860 0.048237 0.029298 -0.142893  
1571597068769 0.069364 0.098213 0.191138  
1571616905194 -0.101991 -0.116519 -0.112186  
1571636741620 0.045614 0.040994 -0.125920  
1571656547528 0.057235 0.091051 0.198508  
1571676383954 -0.102627 -0.121279 -0.111995  
1571696189862 0.045452 0.029357 -0.125722  
1571715995771 0.073506 0.095904 0.182046  
1571735832196 -0.098341 -0.114300 -0.085532  
1571755638105 0.038049 0.021766 -0.135100  
1571775444013 0.075898 0.105021 0.170333  
1571795280439 -0.098344 -0.093092 -0.032902  
1571815086347 0.025895 -0.011882 -0.163689  
1571834892255 0.089773 0.119389 0.153790  
1571854728681 -0.084778 -0.095466 0.005400  
1571874534589 0.022496 -0.011625 -0.168425  
1571894340497 0.078993 0.122029 0.158579  
1571914176923 -0.090262 -0.104976 0.005414  
1571934013349 0.021576 -0.007276 -0.163667  
1571953819257 0.081161 0.117066 0.184762  
1571973655683 -0.096920 -0.104669 -0.028034  
1571993461591 0.032079 0.012308 -0.135039  
1572013267499 0.091380 0.110136 0.177532  
1572033103925 -0.094591 -0.107057 -0.006681  
1572052909833 0.039146 0.003032 -0.147117  
1572072715741 0.079373 0.119945 0.179802  
1572092552167 -0.094633 -0.106580 -0.021091  
1572112358075 0.038166 0.008020 -0.130511  
1572132163984 0.078634 0.098955 0.208233  
1572152000409 -0.104905 -0.115544 -0.049950  
1572171806318 0.050323 0.020774 -0.116351  
1572191612226 0.069541 0.097361 0.215174  
1572211448652 -0.109182 -0.120244 -0.073993  
1572231285077 0.056055 0.044917 -0.097421  
1572251121503 0.060491 0.089945 0.234015  
1572270927411 -0.102008 -0.124751 -0.110009  
1572290733319 0.068199 0.045184 -0.073738  
1572310539228 0.050667 0.082839 0.243283  
1572330375653 -0.105102 -0.129689 -0.143641  
1572350181562 0.074180 0.059085 -0.052447  
1572369987470 0.028042 0.068333 0.243032  
1572389823896 -0.107144 -0.131502 -0.160536  
1572409629804 0.073077 0.069427 -0.024014  
1572429435712 0.025503 0.059587 0.233257  
1572449272138 -0.103951 -0.124251 -0.182190  
1572469078046 0.089379 0.088759 -0.000329  
1572488914472 0.026964 0.048357 0.218716  
1572508750898 -0.093696 -0.125898 -0.179984  
1572528556806 0.096477 0.104989 0.037568  
1572548393232 -0.004757 0.025683 0.204027  
1572568199140 -0.088830 -0.127268 -0.185087  
1572588005048 0.101322 0.113142 0.080088  
1572607841474 -0.013753 0.005240 0.177305  
1572627647382 -0.072312 -0.109050 -0.190228  
