1570645805341 -0.049744 -0.018646 10.037781  
1570665611249 -0.217239 -0.231613 9.731506  
1570685447675 -0.076065 -0.073685 9.709961  
1570705253583 -0.047348 -0.018646 10.042572  
1570725059491 -0.219635 -0.226822 9.731506  
1570744895917 -0.068893 -0.076080 9.709961  
1570764701825 -0.056915 -0.013855 10.037781  
1570784538251 -0.222031 -0.231613 9.733887  
1570804374677 -0.078461 -0.088043 9.705185  
1570824180585 -0.047348 -0.013855 10.025818  
1570844017011 -0.222031 -0.231613 9.741074  
1570863822919 -0.076065 -0.083252 9.702789  
1570883628827 -0.049744 -0.011475 10.018646  
1570903465253 -0.226807 -0.219650 9.743469  
1570923271161 -0.078461 -0.088043 9.688431  
1570943077069 -0.047348 -0.009079 10.030609  
1570962913495 -0.219635 -0.229218 9.745865  
1570982719403 -0.076065 -0.083252 9.697998  
1571002525312 -0.054535 -0.013855 10.028214  
1571022361737 -0.226807 -0.226822 9.741074  
1571042167646 -0.080856 -0.073685 9.709961  
1571062004071 -0.056915 -0.018646 10.021027  
1571081840497 -0.222031 -0.229218 9.714752  
1571101646405 -0.073669 -0.083252 9.695602  
1571121452314 -0.047348 -0.011475 10.011459  
1571141288739 -0.222031 -0.219650 9.724319  
1571161094648 -0.078461 -0.085648 9.681259  
1571180900556 -0.049744 -0.011475 10.009064  
1571200736982 -0.226807 -0.222031 9.733887  
1571220542890 -0.076065 -0.083252 9.676468  
1571240348798 -0.047348 -0.004288 10.001892  
1571260185224 -0.224426 -0.229218 9.726715  
1571279991132 -0.071274 -0.085648 9.671677  
1571299797040 -0.044952 -0.009079 9.997101  
1571319633466 -0.226807 -0.222031 9.721924  
1571339439374 -0.080856 -0.085648 9.669281  
1571359275800 -0.049744 -0.001892 9.999496  
1571379112226 -0.219635 -0.222031 9.712357  
1571398918134 -0.068893 -0.078461 9.676468  
1571418724042 -0.052139 -0.011475 10.001892  
1571438529950 -0.226807 -0.229218 9.702789  
1571458366376 -0.071274 -0.080856 9.676468  
1571478172284 -0.054535 -0.009079 9.992325  
1571498008710 -0.229202 -0.222031 9.700394  
1571517814618 -0.076065 -0.076080 9.676468  
1571537620527 -0.049744 -0.006683 9.999496  
1571557456952 -0.222031 -0.229218 9.709961  
1571577262860 -0.073669 -0.080856 9.666901  
1571597068769 -0.052139 -0.011475 10.001892  
1571616905194 -0.224426 -0.226822 9.697998  
1571636741620 -0.076065 -0.068893 9.683640  
1571656547528 -0.064102 -0.018646 10.009064  
1571676383954 -0.224426 -0.231613 9.697998  
1571696189862 -0.076065 -0.080856 9.683640  
1571715995771 -0.047348 -0.013855 9.992325  
1571735832196 -0.219635 -0.224426 9.724319  
1571755638105 -0.083237 -0.088043 9.674072  
1571775444013 -0.044952 -0.004288 9.980362  
1571795280439 -0.219635 -0.202896 9.776962  
1571815086347 -0.095215 -0.121536 9.645355  
1571834892255 -0.030594 0.010071 9.963608  
1571854728681 -0.205276 -0.205292 9.815247  
1571874534589 -0.097595 -0.121536 9.640579  
1571894340497 -0.040176 0.012466 9.968384  
1571914176923 -0.210068 -0.214859 9.815247  
1571934013349 -0.097595 -0.116745 9.645355  
1571953819257 -0.037781 0.007675 9.994705  
1571973655683 -0.217239 -0.214859 9.781754  
1571993461591 -0.088028 -0.097610 9.674072  
1572013267499 -0.028214 0.000504 9.987534  
1572033103925 -0.214844 -0.217255 9.803284  
1572052909833 -0.080856 -0.107178 9.662109  
1572072715741 -0.040176 0.010071 9.989929  
1572092552167 -0.214844 -0.217255 9.788925  
1572112358075 -0.080856 -0.102402 9.678864  
1572132163984 -0.040176 -0.011475 10.018646  
1572152000409 -0.224426 -0.226822 9.760208  
1572171806318 -0.068893 -0.090424 9.693222  
1572191612226 -0.049744 -0.013855 10.025818  
1572211448652 -0.229202 -0.231613 9.736282  
1572231285077 -0.064102 -0.066498 9.712357  
1572251121503 -0.059311 -0.021042 10.044968  
1572270927411 -0.222031 -0.236389 9.700394  
1572290733319 -0.052139 -0.066498 9.736282  
1572310539228 -0.068893 -0.028214 10.054535  
1572330375653 -0.224426 -0.241180 9.666901  
1572350181562 -0.044952 -0.052139 9.757828  
1572369987470 -0.090424 -0.042572 10.054535  
1572389823896 -0.226807 -0.243576 9.650146  
1572409629804 -0.047348 -0.042572 9.786530  
1572429435712 -0.095215 -0.052139 10.044968  
1572449272138 -0.224426 -0.236389 9.628616  
1572469078046 -0.030594 -0.023438 9.810471  
1572488914472 -0.092819 -0.064102 10.030609  
1572508750898 -0.214844 -0.238785 9.630997  
1572528556806 -0.023422 -0.006683 9.848755  
1572548393232 -0.123917 -0.085648 10.016251  
1572568199140 -0.207672 -0.238785 9.626221  
1572588005048 -0.016251 0.002884 9.891815  
1572607841474 -0.131104 -0.104782 9.989929  
1572627647382 -0.190918 -0.219650 9.621429  
