# Created at Tue Jun 01 15:49:26 GMT+02:00 2021 in Burnaby Canada 
1568703605634 -0.000137 -0.000275 0.000977 
1568723411542 -0.000137 0.000946 0.000977 
1568743247968 -0.000137 -0.000275 0.000977 
1568763053876 -0.001373 0.000946 0.000977 
1568782890302 -0.001373 -0.000275 0.000977 
1568802726728 -0.000137 0.000946 -0.000244 
1568822532636 -0.000137 -0.000275 -0.000244 
1568842338544 -0.001373 -0.000275 -0.000244 
1568862174970 -0.001373 0.000946 -0.000244 
1568881980878 -0.001373 -0.000275 -0.000244 
1568901786786 -0.001373 0.000946 -0.000244 
1568921623212 -0.001373 -0.000275 -0.000244 
1568941429120 -0.001373 0.002167 -0.000244 
1568961235028 -0.001373 -0.000275 -0.000244 
1568981071454 -0.001373 0.000946 -0.000244 
1569000877362 -0.001373 0.000946 -0.000244 
1569020683271 -0.001373 0.000946 -0.000244 
1569040519696 -0.001373 -0.000275 -0.000244 
1569060356122 -0.001373 0.000946 -0.000244 
1569080162030 -0.001373 -0.000275 -0.000244 
1569099998456 -0.000137 -0.000275 -0.000244 
1569119804364 -0.002594 0.000946 -0.000244 
1569139610273 -0.002594 0.000946 -0.000244 
1569159446698 -0.000137 0.002167 -0.000244 
1569179252607 -0.000137 0.000946 -0.000244 
1569199058515 -0.001373 0.000946 -0.000244 
1569218894941 -0.000137 0.000946 0.000977 
1569238700849 -0.000137 -0.000275 0.000977 
1569258537275 -0.001373 -0.000275 0.000977 
1569278343183 0.001068 -0.000275 0.000977 
1569298149091 -0.000137 -0.000275 -0.000244 
1569317985517 -0.000137 -0.000275 -0.000244 
1569337791425 -0.001373 0.000946 -0.000244 
1569357627851 -0.001373 -0.000275 -0.000244 
1569377464277 -0.000137 -0.000275 0.000977 
1569397270185 -0.000137 -0.000275 0.000977 
1569417076093 -0.000137 0.000946 0.000977 
1569436882001 0.001068 0.000946 0.000977 
1569456718427 -0.000137 0.000946 0.000977 
1569476524335 -0.000137 -0.000275 0.000977 
1569496330243 -0.000137 -0.000275 0.000977 
1569516166669 0.001068 0.000946 0.000977 
1569535972577 -0.000137 0.000946 -0.000244 
1569555809003 -0.000137 -0.000275 0.000977 
1569575614911 -0.000137 -0.000275 0.000977 
1569595420819 -0.000137 -0.000275 0.000977 
1569615257245 0.001068 -0.000275 0.000977 
1569635093671 0.001068 0.000946 0.000977 
1569654899579 -0.000137 0.000946 0.000977 
1569674736005 -0.000137 -0.000275 0.000977 
1569694541913 -0.001373 -0.000275 0.000977 
1569714347821 -0.000137 0.000946 0.000977 
1569734184247 -0.000137 -0.000275 -0.000244 
1569753990155 -0.001373 -0.000275 0.000977 
1569773796064 -0.000137 -0.003952 0.000977 
1569793632489 -0.000137 -0.001511 -0.000244 
1569813438398 -0.001373 0.000946 -0.000244 
1569833244306 -0.001373 0.000946 -0.000244 
1569853080732 0.001068 -0.000275 -0.000244 
1569872886640 -0.001373 0.002167 -0.000244 
1569892692548 -0.001373 0.000946 0.000977 
1569912528974 -0.001373 0.002167 0.000977 
1569932365400 -0.000137 -0.000275 -0.000244 
1569952171308 -0.000137 -0.000275 -0.000244 
1569972007734 -0.000137 0.000946 -0.000244 
1569991813642 0.001068 0.002167 -0.000244 
1570011619550 -0.000137 0.000946 -0.000244 
1570031455976 -0.001373 -0.000275 -0.000244 
1570051261884 -0.000137 0.002167 0.000977 
1570071067792 -0.000137 0.002167 0.000977 
1570090904218 -0.000137 -0.001511 -0.001465 
1570110710126 0.001068 0.000946 -0.000244 
1570130516034 0.001068 -0.000275 -0.000244 
1570150352460 -0.000137 -0.000275 -0.000244 
1570170158368 -0.000137 -0.001511 -0.000244 
1570189964277 -0.000137 -0.000275 -0.000244 
1570209800702 -0.001373 -0.000275 -0.000244 
1570229637128 -0.000137 -0.000275 -0.000244 
1570249443036 0.001068 0.002167 -0.000244 
1570269279462 0.001068 0.000946 -0.000244 
1570289085370 -0.000137 0.000946 -0.000244 
1570308891278 -0.001373 0.000946 -0.000244 
1570328727704 -0.000137 0.000946 -0.000244 
1570348533612 -0.000137 -0.000275 -0.000244 
1570368339521 0.002304 0.000946 -0.000244 
1570388175946 -0.000137 -0.000275 -0.000244 
1570407981855 -0.001373 -0.000275 -0.000244 
1570427787763 -0.000137 -0.000275 -0.000244 
1570447624189 0.001068 -0.000275 -0.000244 
1570467430097 -0.000137 -0.000275 -0.000244 
1570487236005 -0.000137 0.000946 -0.000244 
1570507072431 -0.000137 -0.000275 -0.000244 
1570526908857 -0.000137 -0.000275 -0.000244 
1570546714765 0.001068 0.002167 -0.000244 
1570566551191 -0.000137 0.000946 -0.000244 
1570586357099 -0.000137 -0.000275 -0.000244 
1570606163007 -0.000137 -0.000275 -0.000244 
1570625999433 -0.001373 -0.000275 0.000977 
1570645805341 -0.001373 -0.000275 -0.000244 
1570665611249 -0.000137 0.000946 0.000977 
1570685447675 -0.000137 -0.000275 0.000977 
1570705253583 -0.001373 -0.001511 0.000977 
1570725059491 -0.000137 -0.000275 -0.000244 
1570744895917 0.001068 -0.000275 -0.000244 
1570764701825 -0.001373 -0.000275 0.000977 
1570784538251 0.001068 -0.000275 -0.000244 
1570804374677 -0.000137 -0.000275 -0.000244 
1570824180585 -0.000137 -0.000275 -0.000244 
1570844017011 -0.000137 -0.000275 -0.000244 
1570863822919 0.001068 0.000946 -0.000244 
1570883628827 -0.001373 0.000946 -0.000244 
1570903465253 -0.000137 0.000946 -0.000244 
1570923271161 0.001068 0.000946 -0.000244 
1570943077069 -0.001373 -0.000275 -0.000244 
1570962913495 -0.000137 0.000946 -0.000244 
1570982719403 0.001068 -0.000275 -0.000244 
1571002525312 -0.000137 -0.000275 -0.000244 
1571022361737 -0.000137 -0.000275 -0.000244 
1571042167646 -0.000137 -0.000275 -0.000244 
1571062004071 -0.001373 -0.000275 -0.000244 
1571081840497 -0.000137 0.000946 -0.000244 
1571101646405 -0.001373 -0.000275 -0.000244 
1571121452314 -0.001373 -0.000275 -0.000244 
1571141288739 0.001068 0.002167 -0.000244 
1571161094648 0.001068 -0.000275 -0.000244 
1571180900556 -0.002594 -0.001511 -0.000244 
1571200736982 -0.000137 -0.000275 -0.000244 
1571220542890 -0.001373 -0.000275 -0.000244 
1571240348798 -0.000137 0.000946 -0.000244 
1571260185224 -0.000137 0.000946 -0.000244 
1571279991132 -0.000137 0.000946 -0.000244 
1571299797040 -0.001373 -0.000275 -0.000244 
1571319633466 0.001068 0.000946 -0.000244 
1571339439374 0.001068 0.000946 -0.000244 
1571359275800 -0.000137 0.000946 -0.000244 
1571379112226 0.001068 0.000946 -0.000244 
1571398918134 0.001068 -0.000275 -0.000244 
1571418724042 -0.001373 -0.000275 -0.000244 
1571438529950 -0.001373 -0.001511 -0.000244 
1571458366376 -0.000137 0.000946 -0.000244 
1571478172284 -0.000137 0.000946 -0.001465 
1571498008710 0.001068 0.000946 -0.000244 
1571517814618 0.001068 -0.000275 -0.000244 
1571537620527 -0.000137 0.000946 -0.000244 
1571557456952 -0.000137 0.000946 -0.000244 
1571577262860 -0.000137 0.000946 -0.000244 
1571597068769 -0.000137 -0.000275 -0.000244 
1571616905194 -0.000137 0.002167 -0.001465 
1571636741620 0.001068 -0.002716 0.000977 
1571656547528 -0.001373 -0.000275 -0.000244 
1571676383954 -0.000137 -0.000275 -0.000244 
1571696189862 -0.000137 -0.000275 -0.000244 
1571715995771 -0.000137 -0.001511 -0.000244 
1571735832196 0.001068 -0.000275 -0.000244 
1571755638105 0.001068 0.000946 -0.000244 
1571775444013 -0.000137 -0.000275 -0.000244 
1571795280439 -0.000137 -0.000275 -0.000244 
1571815086347 0.001068 -0.000275 0.000977 
1571834892255 -0.001373 -0.001511 0.000977 
1571854728681 -0.000137 -0.001511 -0.000244 
1571874534589 -0.000137 -0.001511 -0.000244 
1571894340497 -0.001373 -0.002716 0.000977 
1571914176923 0.001068 0.000946 -0.000244 
1571934013349 0.002304 -0.002716 0.000977 
1571953819257 -0.002594 0.000946 -0.002701 
1571973655683 -0.001373 0.004608 -0.002701 
1571993461591 0.001068 -0.000275 0.000977 
1572013267499 -0.001373 -0.000275 -0.000244 
1572033103925 -0.000137 0.000946 -0.000244 
1572052909833 -0.000137 -0.000275 -0.000244 
1572072715741 -0.001373 -0.000275 -0.000244 
1572092552167 -0.001373 0.000946 0.000977 
1572112358075 0.001068 -0.005157 0.002197 
1572132163984 -0.002594 0.000946 -0.000244 
1572152000409 -0.001373 0.000946 -0.000244 
1572171806318 -0.000137 -0.000275 0.000977 
1572191612226 -0.002594 0.002167 -0.001465 
1572211448652 0.002304 0.000946 0.000977 
1572231285077 -0.001373 0.002167 -0.001465 
1572251121503 -0.000137 -0.000275 0.000977 
1572270927411 -0.000137 -0.001511 0.000977 
1572290733319 -0.001373 0.003403 -0.001465 
1572310539228 0.001068 -0.002716 0.002197 
1572330375653 0.001068 -0.003952 0.002197 
1572350181562 -0.000137 0.000946 -0.001465 
1572369987470 -0.000137 -0.002716 0.000977 
1572389823896 -0.002594 0.003403 -0.001465 
1572409629804 -0.001373 0.005844 -0.002701 
1572429435712 -0.000137 0.002167 -0.000244 
1572449272138 0.001068 -0.003952 0.002197 
1572469078046 -0.002594 -0.000275 -0.000244 
1572488914472 -0.002594 -0.000275 -0.000244 
1572508750898 0.001068 0.004608 -0.001465 
1572528556806 0.003510 -0.003952 0.002197 
1572548393232 0.001068 -0.003952 0.002197 
1572568199140 0.002304 -0.003952 0.002197 
1572588005048 0.003510 -0.003952 0.003418 
1572607841474 0.001068 -0.001511 0.000977 
1572627647382 -0.000137 0.004608 -0.001465 
1572647453290 -0.002594 0.005844 -0.003906 
1572667289716 -0.002594 0.005844 -0.002701 
1572687095624 -0.000137 0.005844 -0.001465 
1572706901532 -0.001373 0.004608 -0.002701 
1572726737958 -0.002594 0.004608 -0.002701 
1572746543866 -0.000137 0.000946 -0.002701 
1572766349775 0.001068 -0.003952 0.000977 
1572786186200 -0.000137 0.002167 -0.000244 
1572806022626 -0.001373 0.004608 -0.002701 
1572825828534 -0.002594 -0.001511 -0.001465 
1572845664960 0.001068 -0.001511 0.000977 
1572865470868 -0.001373 0.005844 -0.002701 
1572885276777 -0.001373 0.000946 -0.000244 
1572905113202 0.002304 -0.001511 0.002197 
1572924919110 -0.001373 0.003403 -0.001465 
1572944725019 -0.003815 0.003403 -0.002701 
1572964561444 -0.002594 0.004608 -0.002701 
1572984367353 -0.001373 0.000946 -0.001465 
1573004173261 -0.000137 -0.003952 0.000977 
1573024009687 -0.001373 0.002167 -0.001465 
1573043815595 -0.000137 0.000946 0.000977 
1573063652021 -0.001373 -0.001511 0.000977 
1573083488446 0.001068 0.003403 -0.001465 
1573103294355 0.001068 -0.003952 0.000977 
1573123100263 0.002304 -0.001511 0.002197 
1573142936689 0.003510 0.002167 -0.000244 
1573162742597 -0.001373 0.000946 -0.000244 
1573182548505 -0.000137 -0.000275 0.000977 
1573202384931 0.001068 -0.001511 -0.000244 
1573222190839 -0.000137 0.002167 -0.000244 
1573241996747 -0.001373 0.000946 -0.001465 
1573261833173 0.001068 -0.002716 0.002197 
1573281639081 -0.001373 0.000946 -0.000244 
1573301444989 -0.001373 -0.000275 -0.000244 
1573321281415 -0.000137 -0.000275 -0.000244 
1573341087323 -0.001373 -0.000275 -0.000244 
1573360923749 -0.000137 -0.000275 -0.000244 
1573380760175 -0.000137 0.003403 -0.000244 
1573400566083 -0.002594 0.004608 -0.002701 
1573420371991 -0.000137 -0.000275 -0.000244 
1573440208417 0.001068 0.000946 -0.000244 
1573460014325 -0.001373 -0.000275 -0.000244 
1573479820234 -0.001373 0.000946 -0.000244 
1573499656659 0.001068 -0.000275 -0.000244 
1573519462568 0.001068 0.000946 -0.000244 
1573539268476 -0.000137 0.000946 -0.000244 
1573559104902 -0.001373 -0.000275 -0.000244 
1573578910810 -0.000137 -0.001511 -0.000244 
1573598716718 0.001068 -0.000275 -0.000244 
1573618553144 -0.000137 -0.000275 -0.000244 
1573638389569 -0.001373 -0.000275 -0.000244 
1573658195478 -0.000137 -0.000275 0.000977 
1573678031903 -0.000137 0.000946 -0.000244 
1573697837812 0.001068 -0.005157 0.002197 
1573717643720 0.002304 -0.005157 0.002197 
1573737480146 0.002304 -0.000275 0.000977 
1573757286054 -0.000137 0.002167 -0.001465 
1573777091962 0.001068 0.002167 -0.000244 
1573796928388 -0.001373 -0.001511 0.000977 
1573816734296 -0.001373 0.000946 -0.000244 
1573836540204 -0.000137 0.000946 -0.000244 
1573856376630 0.001068 -0.000275 0.000977 
1573876182538 -0.001373 -0.001511 -0.000244 
1573895988446 0.002304 -0.000275 -0.000244 
1573915824872 0.001068 -0.000275 -0.000244 
1573935661298 -0.000137 -0.000275 -0.000244 
1573955467206 -0.002594 0.003403 -0.002701 
1573975303632 -0.003815 0.002167 -0.002701 
1573995109540 0.001068 -0.001511 -0.001465 
1574014945966 0.009628 -0.000275 -0.003906 
1574034751874 0.001068 -0.000275 0.007095 
1574054557782 -0.005035 -0.000275 0.008301 
1574074394208 -0.005035 -0.000275 -0.005142 
1574094200116 0.001068 -0.000275 -0.002701 
1574114006025 -0.001373 -0.001511 -0.000244 
1574133842450 -0.001373 -0.000275 -0.000244 
1574153648359 -0.001373 -0.001511 -0.000244 
1574173454267 -0.000137 -0.001511 -0.000244 
1574193290693 -0.000137 -0.000275 -0.000244 
1574213127118 0.001068 0.000946 -0.000244 
1574232933027 0.001068 -0.000275 -0.000244 
1574252769452 -0.000137 -0.000275 -0.000244 
1574272575360 -0.000137 0.000946 -0.000244 
1574292381269 0.002304 0.000946 -0.000244 
1574312217694 -0.000137 -0.000275 -0.000244 
1574332023603 0.001068 -0.000275 0.000977 
1574351829511 -0.000137 0.000946 0.000977 
1574371635419 -0.001373 -0.000275 0.000977 
1574391471845 -0.001373 -0.000275 0.000977 
1574411277753 -0.000137 -0.000275 0.000977 
1574431114179 -0.000137 -0.000275 0.000977 
