# Created at Tue Jun 08 20:52:59 GMT+02:00 2021 in Copenhagen 
18735675380731, 0.000046, -0.000229, -0.000671 
18735695186639, 0.000046, -0.001450, -0.000671 
18735715023065, 0.000046, -0.000229, -0.001892 
18735734828973, 0.000046, 0.000992, -0.000671 
18735754634881, 0.000046, -0.000229, -0.000671 
18735774471307, 0.000046, -0.000229, 0.000549 
18735794277215, 0.000046, -0.000229, -0.000671 
18735814113641, 0.000046, -0.000229, -0.000671 
18735833919549, 0.000046, -0.000229, -0.000671 
18735853725457, -0.013397, -0.006332, 0.000549 
18735873561883, -0.001190, 0.003433, 0.000549 
18735893398309, 0.012253, 0.003433, 0.000549 
18735913234734, -0.001190, 0.000992, 0.000549 
18735933040643, -0.007294, 0.000992, -0.000671 
18735952846551, -0.004852, -0.000229, 0.000549 
18735972682977, 0.003693, 0.003433, 0.000549 
18735992488885, 0.001251, -0.000229, 0.000549 
18736012294793, -0.001190, -0.000229, 0.000549 
18736032131219, -0.009750, -0.001450, -0.000671 
18736051937127, -0.017075, -0.000229, -0.001892 
18736071773553, -0.001190, -0.000229, -0.001892 
18736091579461, -0.001190, -0.000229, -0.000671 
18736111385369, -0.001190, 0.002228, 0.000549 
18736131221795, -0.001190, -0.000229, 0.000549 
18736151027703, -0.001190, 0.000992, 0.000549 
18736170864129, -0.001190, -0.001450, -0.000671 
18736190700555, -0.001190, -0.000229, -0.001892 
18736210506463, 0.000046, -0.001450, -0.001892 
18736230342889, 0.000046, -0.000229, -0.000671 
18736250148797, 0.000046, -0.000229, 0.000549 
18736269954705, 0.001251, -0.000229, 0.000549 
18736289791131, 0.000046, 0.000992, 0.000549 
18736309597039, 0.000046, -0.000229, -0.000671 
18736329433465, -0.001190, 0.000992, -0.000671 
18736349239373, -0.001190, -0.000229, -0.000671 
18736369045281, -0.001190, -0.000229, 0.000549 
18736388881707, -0.001190, -0.000229, 0.000549 
18736408687615, -0.001190, -0.001450, 0.000549 
18736428524041, 0.000046, -0.000229, -0.000671 
18736448329949, 0.000046, -0.000229, -0.001892 
18736468166375, 0.000046, -0.000229, -0.001892 
18736488002801, 0.001251, -0.000229, -0.000671 
18736507808709, 0.001251, -0.000229, 0.000549 
18736527645135, 0.001251, -0.000229, 0.000549 
18736547451043, 0.000046, 0.000992, 0.000549 
18736567256951, 0.001251, -0.000229, -0.000671 
18736587093377, 0.000046, -0.000229, -0.000671 
18736606899285, 0.000046, -0.000229, -0.000671 
18736626705193, 0.000046, -0.000229, 0.000549 
18736646541619, -0.001190, -0.000229, 0.000549 
18736666347527, -0.001190, -0.000229, 0.000549 
18736686183953, -0.001190, -0.000229, -0.000671 
18736705989861, 0.000046, -0.000229, -0.000671 
18736725795770, -0.001190, -0.000229, -0.000671 
18736745632195, -0.001190, 0.002228, -0.000671 
18736765468621, 0.001251, 0.000992, 0.000549 
18736785274529, 0.000046, 0.000992, 0.002991 
18736805110955, 0.000046, -0.000229, 0.002991 
18736824916863, 0.000046, 0.000992, -0.000671 
18736844753289, -0.001190, -0.000229, -0.000671 
18736864559197, -0.001190, -0.000229, -0.003113 
18736884365106, -0.001190, 0.000992, -0.001892 
18736904201531, 0.000046, -0.000229, 0.000549 
18736924007440, 0.000046, -0.000229, 0.001770 
18736943843865, 0.000046, 0.000992, -0.000671 
18736963649773, 0.000046, -0.000229, -0.000671 
18736983455682, -0.002411, 0.000992, -0.000671 
18737003292107, 0.000046, 0.000992, 0.001770 
18737023098016, -0.001190, 0.003433, 0.000549 
18737042934441, 0.000046, -0.000229, -0.000671 
18737062770867, 0.001251, 0.000992, 0.000549 
18737082576775, 0.000046, 0.000992, -0.000671 
18737102413201, -0.001190, -0.000229, -0.001892 
18737122219109, 0.000046, 0.000992, -0.001892 
18737142025018, -0.001190, 0.000992, -0.000671 
18737161861443, -0.001190, -0.000229, -0.000671 
18737181667352, 0.000046, -0.000229, 0.000549 
18737201503777, 0.000046, -0.000229, 0.000549 
18737221309686, 0.000046, 0.000992, 0.000549 
18737241115594, 0.001251, -0.000229, -0.001892 
18737260952020, 0.000046, -0.000229, -0.000671 
18737280757928, 0.000046, 0.000992, -0.000671 
18737300563836, 0.000046, -0.000229, -0.000671 
18737320400262, -0.001190, -0.000229, 0.000549 
18737340236688, 0.000046, 0.000992, -0.000671 
18737360073113, -0.001190, 0.000992, 0.000549 
18737379879022, 0.000046, -0.000229, -0.001892 
18737399684930, 0.000046, -0.000229, -0.001892 
18737419521356, 0.000046, 0.000992, -0.000671 
18737439327264, 0.001251, -0.000229, 0.000549 
18737459163690, 0.000046, 0.000992, 0.000549 
18737478969598, 0.000046, 0.000992, 0.001770 
18737498775506, 0.001251, 0.000992, 0.000549 
18737518611932, 0.001251, -0.001450, -0.000671 
18737538417840, 0.000046, -0.001450, -0.001892 
18737558223748, 0.000046, -0.000229, -0.001892 
18737578060174, 0.000046, -0.000229, 0.000549 
18737597896600, 0.000046, -0.000229, 0.001770 
18737617733025, 0.000046, -0.000229, -0.000671 
18737637538934, 0.000046, 0.000992, -0.000671 
18737657344842, -0.001190, 0.000992, 0.000549 
18737677181268, 0.000046, -0.000229, -0.000671 
18737696987176, 0.000046, 0.000992, -0.000671 
18737716823602, 0.000046, 0.000992, -0.000671 
18737736629510, 0.001251, -0.000229, 0.001770 
18737756435418, 0.001251, 0.000992, 0.000549 
18737776271844, 0.000046, -0.000229, -0.000671 
18737796077752, 0.000046, 0.000992, -0.000671 
18737815883660, 0.001251, 0.000992, -0.000671 
18737835720086, 0.000046, 0.000992, -0.000671 
18737855525994, 0.000046, -0.000229, 0.000549 
18737875362420, 0.000046, 0.000992, 0.000549 
18737895198846, 0.000046, -0.000229, -0.001892 
18737915004754, 0.000046, -0.000229, -0.000671 
18737934841180, -0.001190, 0.000992, -0.000671 
18737954647088, 0.000046, 0.000992, -0.000671 
18737974483514, 0.001251, 0.000992, -0.000671 
18737994289422, 0.001251, -0.000229, 0.000549 
18738014095330, 0.001251, 0.000992, 0.000549 
18738033931756, 0.000046, -0.000229, -0.000671 
18738053737664, 0.000046, -0.000229, -0.000671 
18738073543572, 0.000046, -0.000229, -0.000671 
18738093379998, 0.000046, -0.000229, -0.000671 
18738113185906, 0.000046, 0.000992, -0.000671 
18738133022332, 0.000046, -0.000229, -0.000671 
18738152828240, -0.001190, -0.000229, 0.000549 
18738172664666, 0.001251, -0.000229, 0.000549 
18738192501092, 0.000046, -0.000229, -0.000671 
18738212307000, 0.000046, -0.000229, -0.001892 
18738232112908, 0.000046, -0.000229, -0.000671 
18738251949334, 0.000046, -0.000229, -0.000671 
18738271755242, 0.000046, -0.000229, -0.000671 
18738291591668, -0.001190, -0.000229, 0.000549 
18738311397576, 0.000046, -0.000229, 0.000549 
18738331203484, 0.000046, -0.000229, -0.000671 
18738351039910, -0.001190, -0.000229, -0.000671 
18738370845818, 0.000046, -0.000229, -0.000671 
18738390682244, -0.001190, 0.000992, 0.000549 
18738410488152, 0.000046, -0.000229, -0.000671 
18738430294061, 0.001251, 0.000992, -0.000671 
18738450130486, 0.000046, -0.000229, 0.000549 
18738469966912, 0.001251, -0.000229, 0.000549 
18738489772820, 0.000046, -0.000229, -0.000671 
18738509609246, 0.000046, -0.000229, -0.000671 
18738529415154, 0.000046, 0.000992, -0.000671 
18738549251580, 0.000046, -0.000229, -0.000671 
18738569057488, 0.000046, 0.000992, -0.000671 
18738588863397, 0.000046, -0.000229, 0.000549 
18738608699822, 0.000046, -0.001450, 0.000549 
18738628505731, 0.000046, -0.000229, -0.000671 
18738648342156, 0.000046, -0.000229, -0.000671 
18738668148065, 0.000046, 0.000992, 0.000549 
18738687953973, 0.000046, -0.000229, 0.000549 
18738707790398, 0.000046, -0.000229, 0.000549 
18738727596307, 0.001251, -0.000229, 0.000549 
18738747432732, 0.000046, -0.000229, -0.000671 
18738767269158, 0.000046, 0.000992, -0.000671 
18738787075066, 0.000046, 0.000992, -0.000671 
18738806880975, -0.001190, 0.000992, -0.000671 
18738826717400, 0.000046, 0.000992, -0.000671 
18738846523309, 0.000046, -0.000229, -0.000671 
18738866359734, 0.000046, -0.000229, 0.000549 
18738886165643, 0.001251, -0.000229, 0.000549 
18738906002068, 0.000046, -0.000229, 0.000549 
18738925807977, 0.001251, 0.000992, -0.000671 
18738945613885, 0.000046, -0.000229, -0.000671 
18738965450311, 0.000046, -0.000229, -0.000671 
18738985256219, 0.000046, 0.000992, 0.000549 
18739005062127, 0.000046, 0.000992, -0.000671 
18739024898553, 0.000046, -0.000229, 0.000549 
18739044734979, 0.000046, -0.000229, -0.000671 
18739064540887, 0.000046, 0.000992, -0.000671 
18739084377313, 0.001251, -0.000229, 0.000549 
18739104183221, 0.000046, -0.000229, 0.000549 
18739124019647, 0.000046, -0.000229, -0.000671 
18739143825555, 0.000046, -0.000229, 0.000549 
18739163631463, 0.001251, -0.000229, -0.000671 
18739183467889, 0.001251, -0.000229, -0.000671 
18739203273797, 0.000046, -0.000229, -0.000671 
18739223110223, 0.000046, -0.000229, -0.000671 
18739242916131, 0.000046, -0.000229, -0.000671 
18739262722039, 0.000046, -0.001450, 0.000549 
18739282558465, 0.000046, 0.000992, 0.000549 
18739302364373, 0.000046, -0.000229, 0.000549 
18739322200799, 0.000046, 0.000992, -0.000671 
18739342037225, 0.000046, 0.000992, -0.000671 
18739361843133, 0.000046, 0.000992, -0.000671 
18739381679559, 0.001251, -0.001450, 0.000549 
18739401485467, 0.000046, -0.000229, 0.000549 
18739421291375, 0.001251, -0.000229, 0.000549 
18739441127801, 0.000046, -0.000229, 0.000549 
18739460933709, 0.000046, 0.000992, -0.000671 
18739480739617, 0.000046, 0.000992, -0.000671 
18739500576043, -0.001190, -0.000229, -0.000671 
18739520381951, 0.000046, 0.000992, 0.000549 
18739540218377, 0.000046, -0.000229, 0.000549 
18739560024285, 0.000046, -0.000229, 0.000549 
18739579830193, 0.000046, 0.000992, -0.000671 
18739599666619, -0.001190, 0.000992, -0.000671 
18739619503045, 0.000046, 0.000992, -0.000671 
18739639339471, 0.001251, -0.000229, 0.000549 
18739659145379, 0.000046, -0.000229, 0.000549 
18739678951287, 0.000046, -0.000229, 0.000549 
18739698787713, 0.000046, -0.000229, -0.000671 
18739718593621, 0.000046, -0.000229, -0.000671 
18739738399529, 0.000046, -0.001450, -0.000671 
18739758235955, 0.000046, -0.000229, -0.000671 
18739778041863, 0.000046, -0.000229, 0.000549 
18739797878289, 0.000046, 0.000992, 0.000549 
18739817684197, 0.000046, 0.000992, 0.000549 
18739837490106, 0.001251, -0.001450, 0.000549 
18739857326531, -0.001190, -0.000229, -0.000671 
18739877132440, -0.001190, 0.003433, -0.001892 
18739896968865, 0.000046, -0.001450, -0.000671 
18739916805291, 0.001251, 0.000992, 0.000549 
18739936611199, 0.001251, 0.000992, 0.000549 
18739956447625, 0.000046, -0.001450, 0.000549 
18739976253533, 0.001251, -0.000229, 0.000549 
18739996089959, 0.000046, -0.000229, -0.000671 
18740015895867, 0.000046, -0.001450, -0.000671 
18740035701775, 0.000046, -0.001450, 0.000549 
18740055538201, 0.000046, -0.002686, 0.001770 
18740075344109, 0.000046, 0.000992, -0.000671 
18740095150018, 0.001251, 0.000992, -0.000671 
18740114986443, 0.001251, -0.000229, -0.000671 
18740134792352, 0.000046, -0.001450, 0.000549 
18740154628777, 0.000046, -0.000229, -0.000671 
18740174465203, 0.000046, 0.000992, -0.000671 
18740194271111, 0.001251, -0.001450, 0.001770 
18740214107537, 0.002487, -0.002686, 0.000549 
18740233913445, 0.000046, -0.002686, 0.000549 
18740253749871, 0.000046, -0.001450, -0.000671 
18740273555779, 0.000046, 0.000992, -0.000671 
18740293361688, 0.001251, -0.001450, 0.000549 
18740313180759, 0.001251, -0.002686, 0.000549 
18740332986668, -0.001190, -0.001450, 0.000549 
18740352792576, 0.000046, 0.002228, -0.000671 
18740372629002, 0.000046, 0.002228, -0.000671 
18740392434910, 0.001251, -0.001450, -0.000671 
18740412271336, 0.000046, 0.000992, -0.000671 
18740432077244, 0.000046, -0.000229, -0.000671 
18740451883152, 0.000046, -0.000229, -0.000671 
18740471719578, 0.000046, -0.000229, 0.000549 
18740491556003, 0.001251, -0.002686, 0.000549 
18740511361912, 0.001251, -0.002686, 0.000549 
18740531198337, 0.000046, -0.000229, -0.000671 
18740551004246, 0.000046, 0.000992, 0.000549 
18740570840671, 0.000046, 0.000992, -0.000671 
18740590646580, 0.001251, -0.000229, -0.000671 
18740610452488, 0.001251, -0.001450, 0.000549 
18740630288914, 0.000046, -0.000229, 0.000549 
18740650094822, -0.001190, 0.003433, -0.000671 
18740669931248, -0.001190, 0.002228, -0.000671 
18740689737156, 0.000046, 0.003433, -0.000671 
18740709543064, -0.001190, 0.002228, -0.001892 
18740729379490, 0.000046, 0.000992, -0.000671 
18740749215916, 0.000046, 0.000992, -0.000671 
18740769021824, 0.000046, -0.000229, 0.000549 
18740788858250, 0.000046, 0.000992, 0.000549 
18740808664158, 0.000046, -0.000229, 0.000549 
18740828500584, 0.000046, -0.000229, 0.000549 
18740848306492, 0.001251, -0.000229, 0.000549 
18740868112400, 0.000046, -0.000229, 0.000549 
18740887948826, 0.000046, -0.000229, -0.000671 
18740907754734, 0.000046, -0.000229, 0.000549 
18740927560642, 0.000046, -0.000229, 0.000549 
18740947397068, 0.000046, -0.000229, -0.000671 
18740967202976, 0.000046, -0.000229, -0.000671 
18740987039402, 0.000046, -0.000229, -0.000671 
18741006845310, 0.000046, -0.000229, -0.000671 
18741026651218, 0.020813, 0.005875, 0.000549 
18741046487644, 0.011032, 0.000992, -0.000671 
18741066324070, -0.013397, -0.002686, 0.000549 
18741086160496, -0.007294, -0.002686, -0.004349 
18741105966404, 0.002487, 0.002228, -0.004349 
18741125772312, 0.009811, 0.002228, -0.000671 
18741145608738, 0.011032, -0.001450, -0.000671 
18741165414646, 0.003693, 0.000992, -0.000671 
18741185220554, 0.002487, -0.002686, 0.000549 
18741205056980, 0.001251, -0.001450, 0.000549 
18741224862888, 0.000046, 0.002228, -0.000671 
18741244699314, -0.001190, 0.002228, -0.001892 
18741264505222, 0.000046, 0.000992, -0.001892 
18741284311130, 0.000046, 0.000992, -0.000671 
18741304147556, 0.000046, 0.000992, 0.000549 
18741323983982, 0.000046, 0.000992, 0.000549 
18741343820408, 0.000046, 0.000992, -0.000671 
18741363626316, 0.002487, -0.000229, -0.001892 
18741383432224, 0.002487, 0.000992, -0.007996 
18741403268650, 0.000046, -0.000229, 0.001770 
18741423074558, -0.001190, -0.000229, 0.001770 
18741442880466, -0.002411, -0.001450, -0.000671 
