2734130676867 -0.001022 -0.001175 0.000916  
2734150513293 0.000214 -0.001175 -0.000305  
2734170319201 0.000214 -0.001175 -0.000305  
2734190155627 0.000214 0.000046 -0.000305  
2734209992052 0.000214 0.000046 -0.000305  
2734229797961 0.000214 0.000046 -0.001526  
2734249634386 0.000214 0.000046 -0.000305  
2734269440295 0.001419 0.001266 -0.000305  
2734289246203 0.000214 -0.001175 -0.000305  
2734309082629 -0.001022 0.001266 -0.000305  
2734328888537 0.000214 0.000046 -0.000305  
2734348694445 -0.001022 0.000046 -0.000305  
2734368530871 0.000214 0.000046 -0.000305  
2734388336779 0.001419 0.001266 -0.000305  
2734408142687 -0.001022 0.000046 -0.000305  
2734427979113 0.000214 -0.001175 0.000916  
2734447785021 0.000214 0.001266 -0.000305  
2734467621447 0.000214 -0.002411 0.000916  
2734487457873 0.000214 0.001266 -0.000305  
2734507263781 0.000214 -0.001175 0.000916  
2734527100207 0.000214 0.000046 -0.000305  
2734546906115 0.000214 0.001266 -0.000305  
2734566712023 0.000214 0.000046 -0.000305  
2734586548449 0.001419 0.000046 0.000916  
2734606354357 0.000214 0.000046 -0.000305  
2734626160265 -0.001022 -0.001175 -0.000305  
2734645996691 0.000214 0.000046 -0.000305  
2734665802599 -0.001022 0.000046 -0.000305  
2734685639025 0.000214 -0.001175 -0.000305  
2734705444933 0.000214 0.001266 -0.000305  
2734725250841 0.000214 0.000046 -0.001526  
2734745087267 -0.001022 0.001266 -0.000305  
2734764923693 0.000214 -0.001175 -0.000305  
2734784729601 0.001419 0.000046 -0.000305  
2734804566027 0.000214 0.000046 -0.000305  
2734824371935 0.000214 0.000046 -0.000305  
2734844177843 0.000214 0.000046 -0.000305  
2734864014269 0.000214 0.001266 -0.000305  
2734883820177 0.000214 0.000046 -0.000305  
2734903626086 0.000214 0.000046 -0.000305  
2734923462511 -0.001022 0.000046 -0.000305  
2734943268420 0.000214 0.000046 -0.000305  
2734963104845 0.000214 0.000046 -0.000305  
2734982910754 -0.001022 -0.001175 -0.000305  
2735002716662 -0.001022 0.000046 -0.001526  
2735022553087 -0.001022 0.001266 -0.001526  
2735042358996 -0.001022 0.000046 -0.001526  
2735062195421 -0.001022 0.000046 -0.001526  
2735082031847 0.000214 0.001266 -0.001526  
2735101837755 0.000214 0.000046 -0.000305  
2735121643664 0.000214 0.000046 -0.000305  
2735141480089 0.000214 0.001266 -0.001526  
2735161285998 0.000214 0.000046 -0.000305  
2735181091906 0.000214 -0.001175 -0.000305  
2735200928332 0.000214 0.000046 -0.000305  
2735220734240 0.000214 0.001266 -0.001526  
2735240570666 -0.001022 0.001266 -0.001526  
2735260376574 -0.001022 0.001266 -0.001526  
2735280182482 0.000214 -0.001175 -0.000305  
2735300018908 0.000214 0.002502 -0.000305  
2735319824816 0.000214 0.000046 0.002136  
2735339661242 0.000214 -0.001175 -0.000305  
2735359497668 -0.001022 0.001266 -0.001526  
2735379303576 -0.001022 0.001266 -0.001526  
2735399109484 0.000214 0.001266 -0.000305  
2735418945910 0.000214 -0.001175 -0.000305  
2735438751818 0.000214 0.001266 -0.001526  
2735458588244 0.000214 0.003708 0.000916  
2735478394152 0.000214 0.000046 0.002136  
2735498200060 0.001404 -0.001373 -0.000168  
2735518036486 0.001404 -0.001373 -0.001389  
2735537842394 -0.001038 0.003510 -0.000168  
2735557678820 0.001404 0.001068 0.001053  
2735577484728 0.000198 0.001068 -0.001389  
2735597290636 0.000198 -0.001373 0.001053  
2735617127062 -0.001038 0.001068 -0.001389  
2735636963488 -0.001038 -0.000153 0.001053  
2735656769396 0.000198 -0.001373 -0.000168  
2735676605822 -0.001038 -0.000153 -0.000168  
2735696411730 0.000198 -0.000153 -0.000168  
2735716217638 0.000198 0.001068 -0.000168  
2735736054064 0.000198 -0.000153 -0.000168  
2735755859972 0.000198 -0.001373 -0.000168  
2735775696398 0.000198 -0.000153 -0.000168  
2735795502306 0.000198 0.001068 0.001053  
2735815308214 0.001404 0.001068 -0.000168  
2735835144640 0.000198 0.001068 -0.000168  
2735854950548 0.000198 -0.000153 0.001053  
2735874756457 0.001404 -0.003815 -0.001389  
2735894592882 0.000198 -0.000153 -0.001389  
2735914429308 0.000198 -0.000153 -0.000168  
2735934235216 0.000198 0.001068 -0.000168  
2735954071642 -0.001038 -0.000153 -0.000168  
2735973877550 0.000198 -0.000153 -0.000168  
2735993713976 0.001404 -0.000153 -0.000168  
2736013519884 -0.001038 0.001068 -0.000168  
2736033325793 0.000198 -0.001373 -0.002609  
2736053162218 -0.001038 0.002304 -0.002609  
2736072968127 -0.002258 0.003510 -0.000168  
2736092774035 -0.002258 0.003510 -0.000168  
2736112610461 -0.001038 0.003510 0.001053  
