2734130676867 0.029670 -0.018795 -0.024429  
2734150513293 -0.013180 0.009537 -0.018986  
2734170319201 -0.019895 0.004563 0.020953  
2734190155627 0.024717 -0.009508 -0.032934  
2734209992052 -0.026987 0.020830 -0.004091  
2734229797961 0.022490 -0.014594 0.000677  
2734249634386 0.021749 -0.009516 -0.036354  
2734269440295 -0.038876 0.018296 0.020376  
2734289246203 0.020020 -0.021678 -0.015013  
2734309082629 0.003409 0.006983 -0.021441  
2734328888537 -0.015208 0.002094 0.009350  
2734348694445 0.024631 -0.007032 -0.027968  
2734368530871 -0.020123 0.018607 0.009972  
2734388336779 -0.000719 -0.010039 0.009639  
2734408142687 0.020126 -0.007196 -0.046200  
2734427979113 -0.029336 0.018446 0.029354  
2734447785021 0.018150 -0.021532 -0.008631  
2734467621447 0.000898 0.011520 -0.017597  
2734487457873 -0.024339 0.006465 0.026932  
2734507263781 0.024826 -0.019222 -0.034105  
2734527100207 -0.022250 0.013756 -0.000592  
2734546906115 -0.002774 -0.005253 0.020257  
2734566712023 0.032018 -0.016682 -0.047502  
2734586548449 -0.024543 0.013681 0.025780  
2734606354357 0.013291 -0.019191 0.006424  
2734626160265 0.014943 -0.002178 -0.030798  
2734645996691 -0.029503 0.018683 0.044245  
2734665802599 0.027008 -0.018756 -0.008117  
2734685639025 -0.006505 0.007259 -0.005533  
2734705444933 -0.008352 0.002361 0.024714  
2734725250841 0.026624 -0.007003 -0.029300  
2734745087267 -0.029546 0.011919 0.006374  
2734764923693 0.017489 -0.016277 0.013092  
2734784729601 0.028478 -0.006737 -0.031288  
2734804566027 -0.023351 0.018892 0.025260  
2734824371935 0.007496 -0.014169 -0.021838  
2734844177843 0.009570 0.007077 -0.016479  
2734864014269 -0.022889 0.004500 0.025698  
2734883820177 0.035703 -0.011885 -0.039912  
2734903626086 -0.011736 0.011600 -0.001574  
2734923462511 -0.011337 0.011406 -0.001519  
2734943268420 0.032990 -0.014458 -0.036176  
2734963104845 -0.025922 0.016060 0.004354  
2734982910754 0.002481 -0.009727 0.006525  
2735002716662 0.016283 -0.006892 -0.035331  
2735022553087 -0.025665 0.016661 0.012123  
2735042358996 0.026084 -0.013776 -0.013723  
2735062195421 -0.000224 0.007691 -0.027144  
2735082031847 -0.013862 0.012029 0.020019  
2735101837755 0.028248 -0.011540 -0.040785  
2735121643664 -0.021258 0.011934 0.004516  
2735141480089 0.000498 -0.000065 0.006682  
2735161285998 0.030550 -0.002418 -0.051361  
2735181091906 0.029311 -0.002377 -0.049652  
2735200928332 0.009845 -0.009270 -0.008673  
2735220734240 0.014383 0.002566 -0.040773  
2735240570666 -0.025186 0.021172 0.027674  
2735260376574 0.022144 -0.018649 -0.038013  
2735280182482 -0.006575 0.014310 -0.032117  
2735300018908 -0.001255 0.011478 0.008283  
2735319824816 0.024244 -0.009761 -0.047513  
2735339661242 -0.027673 0.018284 -0.008924  
2735359497668 0.008176 -0.014522 -0.001674  
2735379303576 0.003506 0.004668 -0.045568  
2735399109484 -0.033383 0.016037 0.013773  
2735418945910 0.027660 -0.014612 -0.023697  
2735438751818 -0.000788 0.011282 -0.025207  
2735458588244 -0.016259 0.003931 0.031145  
2735478394152 0.025935 -0.014755 -0.030029  
2735498200060 -0.026075 0.013234 0.005658  
2735518036486 0.009226 -0.010596 0.010096  
2735537842394 0.016523 -0.005432 -0.022623  
2735557678820 -0.034713 0.010680 0.024402  
2735577484728 0.024462 -0.024403 -0.001854  
2735597290636 -0.004369 0.008748 -0.011044  
2735617127062 -0.013274 -0.000595 0.030954  
2735636963488 0.019519 -0.018879 -0.014016  
2735656769396 -0.020699 0.018721 0.009577  
2735676605822 0.000775 -0.007152 0.023139  
2735696411730 0.021533 -0.011582 -0.026205  
2735716217638 -0.032189 0.018843 0.025558  
2735736054064 0.005863 -0.011897 0.017758  
2735755859972 0.014673 -0.004605 -0.017529  
2735775696398 -0.020538 0.011707 0.033943  
2735795502306 0.019659 -0.023415 0.000422  
2735815308214 -0.001609 0.011795 -0.001894  
2735835144640 -0.024484 0.004433 0.042111  
2735854950548 0.020246 -0.011950 -0.014798  
2735874756457 -0.022771 0.018264 0.022693  
2735894592882 0.005701 -0.010139 0.031183  
2735914429308 0.019362 -0.002906 -0.020745  
2735934235216 -0.025024 0.015666 0.035453  
2735954071642 0.010474 -0.014737 0.015777  
2735973877550 0.010095 -0.000403 -0.017127  
2735993713976 -0.034211 0.017859 0.032013  
2736013519884 0.029582 -0.019550 -0.001441  
2736033325793 -0.010991 0.008815 -0.008328  
2736053162218 -0.003265 0.001788 0.028964  
2736072968127 0.029893 -0.016359 -0.018246  
2736092774035 -0.025966 0.017001 0.007804  
2736112610461 0.010253 -0.008817 0.009869  
