# Created at Tue Jun 01 16:08:50 GMT+02:00 2021 in Burnaby Canada 
2732175873400 0.144958 -23.510742 18.753052 
2732195770861 0.144958 -23.510742 18.753052 
2732215637804 0.144958 -23.510742 18.753052 
2732235504748 0.144958 -23.510742 18.753052 
2732255402209 -0.006104 -23.510742 18.753052 
2732275269152 -0.157166 -23.510742 18.753052 
2732295136095 -0.158691 -23.211670 18.753052 
2732315033556 -0.158691 -23.211670 18.753052 
2732334900500 -0.158691 -23.211670 18.753052 
2732354767443 -0.158691 -23.211670 18.753052 
2732374634386 -0.158691 -23.211670 18.753052 
2732394501330 -0.158691 -23.211670 18.603516 
2732414368273 -0.158691 -23.211670 18.753052 
2732434265734 -0.160217 -22.909546 18.751526 
2732454132677 -0.158691 -23.062134 18.751526 
2732474030138 -0.158691 -23.062134 18.601990 
2732493897082 0.442505 -23.062134 18.453979 
2732513764025 0.289917 -23.057556 17.260742 
2732533630968 0.288391 -23.056030 16.961670 
2732553497912 0.288391 -23.054504 16.664124 
2732573364855 0.289917 -23.210144 17.858887 
2732593231798 0.291443 -23.507690 17.709351 
2732613129259 0.292969 -23.808289 17.710876 
2732632996203 0.292969 -23.808289 17.562866 
2732652863146 0.292969 -23.808289 17.710876 
2732672730089 0.292969 -23.957825 17.712402 
2732692597033 0.292969 -23.957825 17.712402 
2732712463976 0.141907 -23.506165 17.707825 
2732732330920 0.141907 -23.506165 17.707825 
2732752197863 0.143433 -23.806763 17.561340 
2732772095324 0.143433 -23.806763 17.561340 
2732791992785 -0.007629 -23.806763 17.561340 
2732811859728 -0.007629 -23.806763 17.561340 
2732831726671 -0.007629 -23.806763 17.561340 
2732851593615 -0.009155 -23.658752 17.858887 
2732871460558 -0.007629 -23.507690 18.005371 
2732891327502 -0.007629 -23.507690 18.005371 
2732911194445 -0.007629 -23.507690 18.005371 
2732931061388 -0.007629 -23.507690 18.005371 
2732950928332 -0.007629 -23.507690 18.005371 
2732970825793 -0.457764 -23.509216 18.603516 
2732990692736 -0.457764 -23.509216 18.603516 
2733010559679 -0.457764 -23.509216 18.603516 
2733030426623 -0.457764 -23.509216 18.603516 
2733050324084 -0.457764 -23.660278 18.605042 
2733070191027 -0.457764 -23.660278 18.605042 
2733090057970 -0.457764 -23.660278 18.605042 
2733109924914 -0.457764 -23.660278 18.605042 
2733129822375 -0.457764 -23.660278 18.605042 
2733149689318 -0.457764 -23.660278 18.605042 
2733169556261 -0.457764 -23.660278 18.605042 
2733189423205 -0.457764 -23.660278 18.605042 
2733209290148 -0.457764 -23.660278 18.605042 
2733229157091 -0.457764 -23.660278 18.605042 
2733249024035 -0.457764 -23.660278 18.605042 
2733268890978 -0.608826 -23.507690 18.601990 
2733288788439 -0.610352 -23.208618 18.601990 
2733308655382 -0.610352 -23.208618 18.601990 
2733328552843 -0.460815 -23.208618 18.453979 
2733348419787 -0.462341 -23.207092 17.857361 
2733368286730 -0.460815 -23.207092 18.005371 
2733388153673 -0.460815 -23.207092 18.156433 
2733408020617 -0.460815 -23.207092 18.156433 
2733427918078 -0.457764 -23.806763 18.157959 
2733447785021 -0.459290 -23.506165 18.156433 
2733467651964 -0.459290 -23.506165 18.156433 
2733487518908 -0.459290 -23.506165 18.156433 
2733507385851 -0.459290 -23.507690 18.453979 
2733527252795 -0.459290 -23.507690 18.453979 
2733547119738 -0.459290 -23.507690 18.453979 
2733566986681 -0.459290 -23.507690 18.453979 
2733586853625 -0.157166 -23.510742 18.753052 
2733606751086 -0.006104 -23.510742 18.753052 
2733626648546 0.445557 -23.512268 18.754578 
2733646515490 0.294495 -23.512268 18.754578 
2733666382433 0.294495 -23.512268 18.754578 
2733686249377 0.294495 -23.512268 18.754578 
2733706116320 0.294495 -23.663330 18.756104 
2733725983263 0.144958 -23.661804 18.605042 
2733745850207 0.143433 -23.658752 18.157959 
2733765717150 0.143433 -23.658752 18.157959 
2733785614611 0.143433 -23.658752 18.157959 
2733805481554 0.143433 -23.660278 18.455505 
2733825348498 0.143433 -23.658752 18.157959 
2733845215441 0.143433 -23.658752 18.006897 
2733865082384 0.143433 -23.658752 18.006897 
2733884949328 0.143433 -23.507690 18.156433 
2733904846789 0.143433 -23.507690 18.156433 
2733924713732 0.143433 -23.507690 18.156433 
2733944580675 0.141907 -23.208618 18.156433 
2733964478136 0.141907 -23.208618 18.156433 
2733984345080 0.141907 -23.208618 18.156433 
2734004212023 0.141907 -23.210144 18.453979 
2734024078966 0.141907 -23.210144 18.453979 
2734043945910 0.141907 -23.210144 18.453979 
2734063812853 0.141907 -23.210144 18.453979 
2734083679796 -0.009155 -23.210144 18.453979 
2734103546740 -0.009155 -23.210144 18.453979 
2734123413683 -0.009155 -23.210144 18.453979 
2734143311144 -0.009155 -23.210144 18.453979 
2734163178087 -0.009155 -23.210144 18.453979 
2734183045031 -0.009155 -23.210144 18.453979 
2734202942492 -0.160217 -23.210144 18.453979 
2734222809435 -0.158691 -23.062134 18.601990 
2734242676379 -0.158691 -23.062134 18.601990 
2734262543322 -0.158691 -23.062134 18.601990 
2734282440783 -0.158691 -23.062134 18.751526 
2734302307726 -0.158691 -23.062134 18.751526 
2734322174670 -0.158691 -23.062134 18.751526 
2734342041613 -0.158691 -23.062134 18.751526 
2734361908556 -0.459290 -23.060608 18.751526 
2734381775500 -0.459290 -23.060608 18.601990 
2734401642443 -0.459290 -23.060608 18.601990 
2734421509386 -0.459290 -23.060608 18.601990 
2734441406847 -0.459290 -23.060608 18.901062 
2734461273791 -0.459290 -23.062134 19.050598 
2734481171252 -0.459290 -23.062134 19.050598 
2734501038195 -0.459290 -23.062134 19.050598 
2734520905138 -0.158691 -23.063660 19.050598 
2734540772082 -0.157166 -23.512268 19.052124 
2734560639025 -0.157166 -23.512268 19.052124 
2734580536486 -0.157166 -23.512268 19.052124 
2734600403429 0.143433 -23.213196 19.052124 
2734620270373 0.143433 -23.213196 19.052124 
2734640137316 0.144958 -23.663330 19.053650 
2734660004259 0.144958 -23.661804 18.904114 
2734679871203 0.146484 -23.664856 19.351196 
2734699738146 0.146484 -23.812866 19.053650 
2734719605089 -0.004578 -23.960876 18.756104 
2734739472033 -0.155640 -23.811340 18.754578 
2734759400011 -0.004578 -23.811340 18.754578 
2734779266955 -0.004578 -23.811340 18.754578 
2734799133898 -0.004578 -23.811340 18.605042 
2734819000841 -0.006104 -23.809814 18.455505 
2734838867785 -0.004578 -23.811340 18.605042 
2734858734728 -0.006104 -23.809814 18.455505 
2734878601671 -0.006104 -23.809814 18.455505 
2734898499132 -0.006104 -23.809814 18.455505 
2734918366076 -0.006104 -23.809814 18.455505 
2734938233019 -0.004578 -24.111938 18.457031 
2734958099962 -0.006104 -23.809814 18.455505 
2734977966906 -0.006104 -23.808289 18.157959 
2734997833849 -0.006104 -23.808289 18.006897 
2735017700793 -0.007629 -23.808289 17.858887 
2735037567736 0.895691 -23.812866 17.861938 
2735057495714 0.744629 -23.663330 18.457031 
2735077362658 0.444031 -23.510742 18.455505 
2735097229601 0.445557 -23.960876 18.458557 
2735117096545 0.445557 -23.811340 18.457031 
2735136963488 0.444031 -23.661804 18.457031 
2735156830431 0.294495 -23.811340 18.457031 
2735176697375 0.294495 -23.811340 18.457031 
2735196564318 -0.007629 -23.660278 18.455505 
2735216461779 -0.459290 -23.658752 18.455505 
2735236328722 -0.761414 -23.657227 18.453979 
2735256195666 -0.610352 -23.506165 18.452454 
2735276062609 -0.610352 -23.506165 18.452454 
2735295929552 -0.610352 -23.506165 18.452454 
2735315796496 -0.611877 -23.207092 18.452454 
2735335693957 -0.611877 -23.207092 18.452454 
2735355560900 -0.460815 -23.208618 18.453979 
2735375458361 -0.460815 -23.208618 18.453979 
2735395325304 -0.460815 -23.208618 18.453979 
2735415192248 -0.160217 -23.210144 18.453979 
2735435059191 0.141907 -23.506165 17.707825 
2735454926134 -0.010681 -23.207092 17.707825 
2735474793078 -0.012207 -22.906494 17.855835 
2735494660021 -0.012207 -22.904968 17.558289 
2735514526964 -0.010681 -23.057556 17.558289 
2735534393908 -0.009155 -23.657227 17.561340 
2735554291369 -0.009155 -23.657227 17.561340 
2735574158312 -0.009155 -23.657227 17.561340 
2735594025255 -0.009155 -23.657227 17.561340 
2735613892199 -0.009155 -23.658752 17.858887 
2735633789660 -0.007629 -23.658752 18.006897 
2735653656603 -0.160217 -23.658752 17.858887 
2735673523546 -0.459290 -23.657227 18.006897 
2735693390490 -0.457764 -23.660278 18.605042 
2735713287951 -0.459290 -23.657227 18.157959 
2735733154894 -0.459290 -23.657227 18.157959 
2735753021837 -0.459290 -23.657227 18.157959 
2735772888781 -0.160217 -23.208618 18.156433 
2735792755724 -0.160217 -23.208618 18.156433 
2735812622668 -0.160217 -23.208618 18.156433 
2735832489611 -0.160217 -23.208618 18.156433 
2735852356554 -0.160217 -23.208618 18.156433 
2735872223498 -0.160217 -23.208618 18.156433 
2735892120959 -0.160217 -23.208618 18.156433 
2735912018420 -0.160217 -23.208618 18.156433 
2735931885363 -0.160217 -23.208618 18.156433 
2735951752306 -0.155640 -24.110413 18.008423 
2735971619250 -0.158691 -23.658752 18.006897 
2735991486193 -0.158691 -23.658752 18.006897 
2736011353136 -0.160217 -23.655701 17.262268 
2736031220080 -0.160217 -23.655701 17.262268 
2736051087023 -0.160217 -23.657227 17.561340 
2736070984484 -0.160217 -23.657227 17.561340 
2736090851427 -0.160217 -23.657227 17.561340 
2736110718371 -0.160217 -23.657227 17.561340 
2736130585314 -0.160217 -23.658752 17.858887 
2736150452257 -0.157166 -23.661804 18.754578 
2736170319201 -0.157166 -23.661804 18.904114 
2736190216662 -0.157166 -23.661804 18.904114 
2736210083605 -0.157166 -23.661804 18.605042 
2736229981066 -0.157166 -23.661804 18.605042 
2736249848009 -0.157166 -23.510742 18.753052 
2736269714953 -0.157166 -23.510742 18.753052 
2736289581896 -0.157166 -23.510742 18.753052 
2736309448839 -0.157166 -23.510742 18.753052 
2736329315783 0.144958 -23.510742 18.753052 
2736349213244 -0.006104 -23.510742 18.753052 
2736369080187 -0.006104 -23.510742 18.753052 
2736388947130 -0.006104 -23.510742 18.753052 
2736408814074 -0.006104 -23.510742 18.902588 
2736428681017 -0.006104 -23.510742 18.902588 
2736448547961 -0.006104 -23.510742 18.902588 
2736468414904 -0.006104 -23.510742 18.902588 
2736488312365 -0.006104 -23.510742 18.902588 
2736508209826 -0.006104 -23.512268 19.052124 
2736528076769 -0.006104 -23.512268 19.052124 
2736547943712 -0.006104 -23.512268 19.052124 
2736567810656 -0.157166 -23.512268 19.052124 
2736587677599 -0.157166 -23.512268 19.052124 
2736607544543 -0.457764 -23.510742 19.052124 
2736627442004 -0.457764 -23.510742 19.052124 
2736647308947 -0.457764 -23.510742 19.052124 
2736667175890 -0.457764 -23.509216 18.902588 
2736687042834 -0.457764 -23.509216 18.603516 
2736706909777 -0.457764 -23.509216 18.603516 
2736726776720 -0.457764 -23.509216 18.753052 
2736746643664 -0.457764 -23.509216 18.603516 
2736766541125 -0.157166 -23.510742 18.603516 
2736786438586 -0.157166 -23.510742 18.603516 
2736806305529 -0.158691 -23.507690 18.005371 
2736826172472 -0.009155 -23.208618 18.156433 
2736846039416 -0.009155 -23.208618 18.156433 
2736865906359 0.141907 -23.208618 18.156433 
2736885773302 0.141907 -23.208618 18.156433 
2736905640246 -0.009155 -23.210144 18.453979 
2736925537707 0.141907 -23.210144 18.453979 
2736945404650 0.143433 -23.211670 18.902588 
2736965271593 0.143433 -23.211670 18.753052 
2736985138537 0.143433 -23.211670 18.603516 
2737005005480 0.143433 -23.211670 18.603516 
2737024872423 0.143433 -23.211670 18.603516 
2737044739367 0.143433 -23.211670 18.603516 
2737064667345 0.143433 -23.211670 18.603516 
2737084534289 0.143433 -23.211670 18.603516 
2737104401232 0.141907 -23.210144 18.453979 
2737124268175 0.143433 -23.211670 18.753052 
2737144135119 0.143433 -23.211670 18.603516 
2737164002062 0.144958 -23.510742 18.603516 
2737183869005 0.144958 -23.661804 18.605042 
2737203735949 0.144958 -23.661804 18.605042 
2737223602892 0.144958 -23.661804 18.605042 
2737243500353 -0.006104 -23.661804 18.605042 
2737263367296 -0.006104 -23.661804 18.605042 
2737283234240 -0.006104 -23.661804 18.605042 
2737303101183 -0.006104 -23.661804 18.605042 
2737322968127 -0.006104 -23.661804 18.605042 
2737342865587 -0.006104 -23.661804 18.605042 
2737362732531 -0.457764 -23.660278 18.605042 
2737382599474 -0.457764 -23.660278 18.605042 
2737402466418 -0.457764 -23.660278 18.605042 
2737422363879 -0.457764 -23.509216 18.603516 
2737442230822 -0.459290 -23.210144 18.603516 
2737462097765 -0.459290 -23.060608 18.601990 
2737481964709 -0.457764 -23.509216 18.603516 
2737501831652 -0.457764 -23.509216 18.603516 
2737521698595 -0.457764 -23.509216 18.603516 
2737541565539 -0.459290 -23.507690 18.453979 
2737561463000 -0.459290 -23.507690 18.453979 
2737581329943 -0.158691 -23.509216 18.453979 
2737601196886 -0.157166 -23.510742 18.753052 
2737621094347 -0.157166 -23.510742 18.603516 
2737640961291 -0.006104 -23.510742 18.603516 
2737660828234 -0.006104 -23.510742 18.603516 
2737680695177 -0.457764 -23.509216 18.603516 
2737700592638 -0.158691 -23.507690 18.156433 
2737720459582 -0.007629 -23.509216 18.453979 
2737740326525 -0.158691 -23.509216 18.453979 
2737760193468 -0.160217 -23.655701 17.262268 
2737780060412 0.141907 -23.657227 17.561340 
2737799927355 0.291443 -23.658752 17.562866 
2737819794298 0.291443 -23.658752 17.562866 
2737839661242 0.442505 -23.658752 17.710876 
2737859558703 0.442505 -23.660278 17.860413 
2737879425646 0.444031 -23.660278 18.159485 
2737899292589 0.445557 -23.512268 18.754578 
2737919190050 0.445557 -23.512268 18.904114 
2737939056994 0.444031 -23.213196 18.605042 
2737958923937 0.291443 -23.211670 18.455505 
2737978821398 0.141907 -23.210144 18.453979 
2737998688341 -0.160217 -23.210144 18.453979 
2738018555285 -0.460815 -23.208618 18.453979 
2738038422228 -0.009155 -23.060608 18.452454 
2738058289171 -0.009155 -23.210144 18.453979 
2738078156115 0.141907 -23.210144 18.453979 
2738098053576 0.141907 -23.210144 18.453979 
2738117920519 0.141907 -23.210144 18.453979 
