# Created at Tue Jun 01 16:08:50 GMT+02:00 2021 in Burnaby Canada 
2732188416125 -0.005178 -0.005637 0.999967 0.002566 
2732208252550 -0.005185 -0.005661 0.999967 0.002572 
2732228058459 -0.005187 -0.005656 0.999967 0.002574 
2732247894884 -0.005201 -0.005647 0.999967 0.002585 
2732267700793 -0.005195 -0.005664 0.999967 0.002580 
2732287506701 -0.005181 -0.005655 0.999967 0.002569 
2732307343127 -0.005176 -0.005671 0.999967 0.002565 
2732327149035 -0.005174 -0.005670 0.999967 0.002563 
2732346985461 -0.005185 -0.005661 0.999967 0.002572 
2732366791369 -0.005211 -0.005649 0.999967 0.002592 
2732386597277 -0.005216 -0.005649 0.999967 0.002596 
2732406433703 -0.005201 -0.005637 0.999967 0.002584 
2732426239611 -0.005195 -0.005633 0.999967 0.002580 
2732446045519 -0.005205 -0.005638 0.999967 0.002587 
2732465881945 -0.005206 -0.005630 0.999967 0.002588 
2732485718371 -0.005216 -0.005639 0.999967 0.002596 
2732505524279 -0.005233 -0.005635 0.999967 0.002609 
2732525360705 -0.005238 -0.005615 0.999967 0.002613 
2732545166613 -0.005231 -0.005620 0.999967 0.002607 
2732565003039 -0.005231 -0.005605 0.999967 0.002607 
2732584808947 -0.005224 -0.005591 0.999967 0.002602 
2732604614855 -0.005229 -0.005593 0.999967 0.002606 
2732624451281 -0.005226 -0.005595 0.999967 0.002604 
2732644257189 -0.005223 -0.005601 0.999967 0.002601 
2732664063097 -0.005224 -0.005586 0.999967 0.002601 
2732683899523 -0.005208 -0.005585 0.999968 0.002590 
2732703705431 -0.005226 -0.005587 0.999967 0.002603 
2732723541857 -0.005235 -0.005573 0.999967 0.002610 
2732743347765 -0.005236 -0.005567 0.999967 0.002611 
2732763184191 -0.005248 -0.005569 0.999967 0.002621 
2732783020617 -0.005257 -0.005555 0.999967 0.002627 
2732802826525 -0.005276 -0.005562 0.999967 0.002643 
2732822632433 -0.005287 -0.005561 0.999967 0.002651 
2732842468859 -0.005298 -0.005552 0.999967 0.002660 
2732862274767 -0.005301 -0.005559 0.999967 0.002662 
2732882080675 -0.005311 -0.005558 0.999967 0.002670 
2732901917101 -0.005313 -0.005552 0.999967 0.002671 
2732921723009 -0.005315 -0.005551 0.999967 0.002673 
2732941528918 -0.005317 -0.005550 0.999967 0.002674 
2732961365343 -0.005327 -0.005553 0.999967 0.002682 
2732981171252 -0.005324 -0.005548 0.999967 0.002680 
2733001007677 -0.005317 -0.005543 0.999967 0.002675 
2733020813586 -0.005303 -0.005534 0.999967 0.002663 
2733040619494 -0.005285 -0.005538 0.999967 0.002649 
2733060455920 -0.005275 -0.005541 0.999967 0.002642 
2733080292345 -0.005270 -0.005540 0.999967 0.002638 
2733100098254 -0.005253 -0.005531 0.999967 0.002624 
2733119934679 -0.005245 -0.005527 0.999968 0.002618 
2733139740587 -0.005245 -0.005531 0.999968 0.002618 
2733159577013 -0.005253 -0.005539 0.999967 0.002624 
2733179382921 -0.005252 -0.005538 0.999967 0.002624 
2733199188830 -0.005256 -0.005537 0.999967 0.002627 
2733219025255 -0.005259 -0.005552 0.999967 0.002629 
2733238831164 -0.005262 -0.005571 0.999967 0.002632 
2733258637072 -0.005253 -0.005573 0.999967 0.002625 
2733278473498 -0.005209 -0.005584 0.999968 0.002590 
2733298279406 -0.005279 -0.005552 0.999967 0.002644 
2733318085314 -0.005241 -0.005574 0.999967 0.002615 
2733337921740 -0.005189 -0.005590 0.999968 0.002575 
2733357758166 -0.005219 -0.005539 0.999968 0.002598 
2733377594591 -0.005260 -0.005545 0.999967 0.002629 
2733397400500 -0.005227 -0.005577 0.999967 0.002604 
2733417206408 -0.005203 -0.005552 0.999968 0.002585 
2733437042834 -0.005244 -0.005513 0.999968 0.002617 
2733456848742 -0.005192 -0.005550 0.999968 0.002576 
2733476654650 -0.005190 -0.005552 0.999968 0.002575 
2733496491076 -0.005236 -0.005522 0.999968 0.002610 
2733516296984 -0.005220 -0.005550 0.999968 0.002598 
2733536102892 -0.005209 -0.005533 0.999968 0.002589 
2733555939318 -0.005274 -0.005507 0.999967 0.002640 
2733575745226 -0.005244 -0.005556 0.999967 0.002617 
2733595581652 -0.005248 -0.005550 0.999967 0.002621 
2733615387560 -0.005304 -0.005528 0.999967 0.002664 
2733635223986 -0.005250 -0.005573 0.999967 0.002622 
2733655060412 -0.005270 -0.005558 0.999967 0.002638 
2733674866320 -0.005273 -0.005560 0.999967 0.002640 
2733694672228 -0.005204 -0.005620 0.999967 0.002586 
2733714508654 -0.005230 -0.005568 0.999967 0.002606 
2733734314562 -0.005267 -0.005586 0.999967 0.002635 
2733754120470 -0.005225 -0.005597 0.999967 0.002603 
2733773956896 -0.005283 -0.005546 0.999967 0.002647 
2733793762804 -0.005285 -0.005561 0.999967 0.002649 
2733813599230 -0.005263 -0.005561 0.999967 0.002633 
2733833405138 -0.005302 -0.005523 0.999967 0.002663 
2733853211046 -0.005252 -0.005560 0.999967 0.002623 
2733873016955 -0.005215 -0.005559 0.999968 0.002595 
2733892853380 -0.005253 -0.005508 0.999968 0.002624 
2733912689806 -0.005228 -0.005545 0.999968 0.002605 
2733932526232 -0.005192 -0.005593 0.999968 0.002577 
2733952332140 -0.005226 -0.005605 0.999967 0.002604 
2733972138048 -0.005178 -0.005616 0.999968 0.002566 
2733991974474 -0.005221 -0.005568 0.999968 0.002600 
2734011780382 -0.005230 -0.005570 0.999967 0.002607 
2734031616808 -0.005182 -0.005581 0.999968 0.002569 
2734051422716 -0.005225 -0.005558 0.999968 0.002602 
2734071228625 -0.005189 -0.005585 0.999968 0.002574 
2734091065050 -0.005167 -0.005592 0.999968 0.002557 
2734110870959 -0.005225 -0.005548 0.999968 0.002603 
2734130676867 -0.005162 -0.005592 0.999968 0.002553 
2734150513293 -0.005174 -0.005573 0.999968 0.002562 
2734170319201 -0.005197 -0.005563 0.999968 0.002580 
2734190155627 -0.005154 -0.005578 0.999968 0.002547 
2734209992052 -0.005202 -0.005539 0.999968 0.002585 
2734229797961 -0.005163 -0.005563 0.999968 0.002554 
2734249634386 -0.005126 -0.005579 0.999968 0.002525 
2734269440295 -0.005206 -0.005532 0.999968 0.002588 
2734289246203 -0.005160 -0.005568 0.999968 0.002551 
2734309082629 -0.005167 -0.005567 0.999968 0.002557 
2734328888537 -0.005194 -0.005561 0.999968 0.002578 
2734348694445 -0.005151 -0.005584 0.999968 0.002545 
2734368530871 -0.005187 -0.005549 0.999968 0.002572 
2734388336779 -0.005201 -0.005552 0.999968 0.002583 
2734408142687 -0.005166 -0.005576 0.999968 0.002557 
2734427979113 -0.005206 -0.005540 0.999968 0.002587 
2734447785021 -0.005187 -0.005577 0.999968 0.002573 
2734467621447 -0.005161 -0.005555 0.999968 0.002553 
2734487457873 -0.005217 -0.005540 0.999968 0.002596 
2734507263781 -0.005162 -0.005573 0.999968 0.002553 
2734527100207 -0.005201 -0.005546 0.999968 0.002584 
2734546906115 -0.005219 -0.005553 0.999968 0.002597 
2734566712023 -0.005163 -0.005582 0.999968 0.002554 
2734586548449 -0.005207 -0.005543 0.999968 0.002588 
2734606354357 -0.005184 -0.005574 0.999968 0.002570 
2734626160265 -0.005146 -0.005589 0.999968 0.002541 
2734645996691 -0.005198 -0.005553 0.999968 0.002581 
2734665802599 -0.005151 -0.005597 0.999968 0.002544 
2734685639025 -0.005151 -0.005582 0.999968 0.002544 
2734705444933 -0.005177 -0.005575 0.999968 0.002565 
2734725250841 -0.005131 -0.005586 0.999968 0.002529 
2734745087267 -0.005196 -0.005575 0.999968 0.002580 
2734764923693 -0.005153 -0.005601 0.999968 0.002546 
2734784729601 -0.005104 -0.005600 0.999968 0.002508 
2734804566027 -0.005145 -0.005564 0.999968 0.002540 
2734824371935 -0.005132 -0.005587 0.999968 0.002530 
2734844177843 -0.005116 -0.005573 0.999968 0.002517 
2734864014269 -0.005169 -0.005562 0.999968 0.002558 
2734883820177 -0.005107 -0.005582 0.999968 0.002510 
2734903626086 -0.005128 -0.005560 0.999968 0.002526 
2734923462511 -0.005148 -0.005550 0.999968 0.002542 
2734943268420 -0.005091 -0.005574 0.999968 0.002498 
2734963104845 -0.005137 -0.005544 0.999968 0.002534 
2734982910754 -0.005121 -0.005571 0.999968 0.002521 
2735002716662 -0.005093 -0.005594 0.999968 0.002499 
2735022553087 -0.005151 -0.005574 0.999968 0.002544 
2735042358996 -0.005105 -0.005610 0.999968 0.002509 
2735062195421 -0.005107 -0.005607 0.999968 0.002510 
2735082031847 -0.005143 -0.005583 0.999968 0.002538 
2735101837755 -0.005094 -0.005602 0.999968 0.002500 
2735121643664 -0.005132 -0.005579 0.999968 0.002530 
2735141480089 -0.005144 -0.005577 0.999968 0.002539 
2735161285998 -0.005091 -0.005580 0.999968 0.002498 
2735181091906 -0.005028 -0.005584 0.999969 0.002448 
2735200928332 -0.005012 -0.005598 0.999969 0.002435 
2735220734240 -0.004999 -0.005593 0.999969 0.002426 
2735240570666 -0.005056 -0.005565 0.999969 0.002470 
2735260376574 -0.005030 -0.005609 0.999969 0.002450 
2735280182482 -0.005030 -0.005582 0.999969 0.002450 
2735300018908 -0.005057 -0.005560 0.999969 0.002471 
2735319824816 -0.005016 -0.005576 0.999969 0.002438 
2735339661242 -0.005053 -0.005541 0.999969 0.002467 
2735359497668 -0.005051 -0.005577 0.999969 0.002466 
2735379303576 -0.005058 -0.005580 0.999969 0.002472 
2735399109484 -0.005130 -0.005549 0.999968 0.002528 
2735418945910 -0.005069 -0.005574 0.999969 0.002480 
2735438751818 -0.005084 -0.005552 0.999969 0.002491 
2735458588244 -0.005149 -0.005542 0.999968 0.002543 
2735478394152 -0.005104 -0.005567 0.999968 0.002508 
2735498200060 -0.005136 -0.005529 0.999968 0.002533 
2735518036486 -0.005106 -0.005534 0.999969 0.002509 
2735537842394 -0.005112 -0.005554 0.999968 0.002514 
2735557678820 -0.005184 -0.005520 0.999968 0.002570 
2735577484728 -0.005151 -0.005562 0.999968 0.002545 
2735597290636 -0.005146 -0.005545 0.999968 0.002540 
2735617127062 -0.005179 -0.005555 0.999968 0.002566 
2735636963488 -0.005143 -0.005599 0.999968 0.002539 
2735656769396 -0.005166 -0.005564 0.999968 0.002556 
2735676605822 -0.005163 -0.005586 0.999968 0.002554 
2735696411730 -0.005124 -0.005606 0.999968 0.002523 
2735716217638 -0.005191 -0.005570 0.999968 0.002576 
2735736054064 -0.005179 -0.005588 0.999968 0.002566 
2735755859972 -0.005139 -0.005595 0.999968 0.002535 
2735775696398 -0.005173 -0.005572 0.999968 0.002562 
2735795502306 -0.005149 -0.005611 0.999968 0.002544 
2735815308214 -0.005163 -0.005576 0.999968 0.002554 
2735835144640 -0.005216 -0.005565 0.999968 0.002595 
2735854950548 -0.005179 -0.005585 0.999968 0.002567 
2735874756457 -0.005181 -0.005538 0.999968 0.002568 
2735894592882 -0.005168 -0.005554 0.999968 0.002558 
2735914429308 -0.005133 -0.005558 0.999968 0.002530 
2735934235216 -0.005187 -0.005527 0.999968 0.002573 
2735954071642 -0.005167 -0.005563 0.999968 0.002557 
2735973877550 -0.005148 -0.005562 0.999968 0.002542 
2735993713976 -0.005206 -0.005516 0.999968 0.002587 
2736013519884 -0.005165 -0.005561 0.999968 0.002555 
2736033325793 -0.005170 -0.005544 0.999968 0.002559 
2736053162218 -0.005198 -0.005551 0.999968 0.002581 
2736072968127 -0.005181 -0.005602 0.999968 0.002568 
2736092774035 -0.005261 -0.005594 0.999967 0.002631 
2736112610461 -0.005278 -0.005619 0.999967 0.002644 
2736132416369 -0.005255 -0.005617 0.999967 0.002626 
2736152222277 -0.005278 -0.005601 0.999967 0.002644 
2736172058703 -0.005218 -0.005639 0.999967 0.002598 
2736191864611 -0.005210 -0.005624 0.999967 0.002591 
2736211701037 -0.005269 -0.005623 0.999967 0.002637 
2736231537462 -0.005230 -0.005657 0.999967 0.002607 
2736251343371 -0.005270 -0.005615 0.999967 0.002638 
2736271179796 -0.005286 -0.005628 0.999967 0.002651 
2736290985705 -0.005251 -0.005625 0.999967 0.002623 
2736310791613 -0.005286 -0.005609 0.999967 0.002650 
2736330628039 -0.005270 -0.005642 0.999967 0.002638 
2736350433947 -0.005304 -0.005606 0.999967 0.002665 
2736370270373 -0.005301 -0.005591 0.999967 0.002662 
2736390076281 -0.005241 -0.005622 0.999967 0.002616 
2736409882189 -0.005297 -0.005586 0.999967 0.002659 
2736429718615 -0.005284 -0.005588 0.999967 0.002649 
2736449524523 -0.005246 -0.005576 0.999967 0.002619 
2736469330431 -0.005281 -0.005545 0.999967 0.002646 
2736489166857 -0.005226 -0.005586 0.999967 0.002603 
2736509003283 -0.005250 -0.005532 0.999967 0.002622 
2736528809191 -0.005276 -0.005540 0.999967 0.002643 
2736548645617 -0.005230 -0.005566 0.999967 0.002606 
2736568451525 -0.005266 -0.005508 0.999968 0.002634 
2736588287951 -0.005223 -0.005521 0.999968 0.002601 
2736608093859 -0.005187 -0.005531 0.999968 0.002572 
2736627899767 -0.005237 -0.005502 0.999968 0.002611 
2736647736193 -0.005235 -0.005524 0.999968 0.002610 
2736667542101 -0.005219 -0.005485 0.999968 0.002597 
2736687348009 -0.005215 -0.005454 0.999968 0.002594 
2736707184435 -0.005178 -0.005494 0.999968 0.002565 
2736726990343 -0.005221 -0.005447 0.999968 0.002598 
2736746796252 -0.005188 -0.005482 0.999968 0.002573 
2736766632677 -0.005148 -0.005481 0.999968 0.002542 
2736786469103 -0.005203 -0.005434 0.999968 0.002584 
2736806305529 -0.005171 -0.005467 0.999968 0.002560 
2736826111437 -0.005197 -0.005429 0.999968 0.002580 
2736845917345 -0.005237 -0.005436 0.999968 0.002611 
2736865753771 -0.005199 -0.005461 0.999968 0.002581 
2736885559679 -0.005256 -0.005438 0.999968 0.002626 
2736905365587 -0.005210 -0.005463 0.999968 0.002590 
2736925202013 -0.005190 -0.005462 0.999968 0.002575 
2736945007921 -0.005220 -0.005435 0.999968 0.002597 
2736964813830 -0.005167 -0.005489 0.999968 0.002556 
2736984650255 -0.005213 -0.005473 0.999968 0.002593 
2737004456164 -0.005193 -0.005496 0.999968 0.002577 
2737024292589 -0.005145 -0.005503 0.999968 0.002539 
2737044098498 -0.005212 -0.005475 0.999968 0.002592 
2737063934923 -0.005183 -0.005506 0.999968 0.002569 
2737083771349 -0.005185 -0.005483 0.999968 0.002570 
2737103577257 -0.005218 -0.005484 0.999968 0.002596 
2737123383166 -0.005170 -0.005512 0.999968 0.002559 
2737143219591 -0.005208 -0.005483 0.999968 0.002588 
2737163025500 -0.005179 -0.005498 0.999968 0.002566 
2737182831408 -0.005152 -0.005484 0.999968 0.002545 
2737202667834 -0.005194 -0.005481 0.999968 0.002578 
2737222473742 -0.005134 -0.005516 0.999968 0.002531 
2737242310168 -0.005162 -0.005492 0.999968 0.002552 
2737262116076 -0.005143 -0.005502 0.999968 0.002538 
2737281921984 -0.005105 -0.005521 0.999969 0.002508 
2737301758410 -0.005161 -0.005488 0.999968 0.002552 
2737321564318 -0.005135 -0.005507 0.999968 0.002531 
2737341400744 -0.005145 -0.005485 0.999969 0.002539 
2737361237170 -0.005176 -0.005450 0.999968 0.002563 
2737381043078 -0.005153 -0.005470 0.999969 0.002545 
2737400879504 -0.005200 -0.005448 0.999968 0.002582 
2737420685412 -0.005200 -0.005459 0.999968 0.002582 
2737440491320 -0.005163 -0.005463 0.999968 0.002553 
2737460327746 -0.005209 -0.005432 0.999968 0.002589 
2737480133654 -0.005149 -0.005449 0.999969 0.002542 
2737499939562 -0.005168 -0.005432 0.999969 0.002557 
2737519775988 -0.005190 -0.005427 0.999968 0.002574 
2737539581896 -0.005134 -0.005448 0.999969 0.002530 
2737559387804 -0.005166 -0.005414 0.999969 0.002555 
2737579224230 -0.005123 -0.005435 0.999969 0.002521 
2737599030138 -0.005118 -0.005399 0.999969 0.002517 
2737618866564 -0.005145 -0.005399 0.999969 0.002539 
2737638702990 -0.005095 -0.005437 0.999969 0.002500 
2737658508898 -0.005164 -0.005379 0.999969 0.002553 
2737678345324 -0.005125 -0.005410 0.999969 0.002523 
2737698151232 -0.005080 -0.005412 0.999969 0.002488 
2737717957140 -0.005117 -0.005368 0.999969 0.002516 
2737737793566 -0.005083 -0.005398 0.999969 0.002490 
2737757599474 -0.005040 -0.005404 0.999970 0.002456 
2737777435900 -0.005082 -0.005387 0.999969 0.002489 
2737797241808 -0.005022 -0.005430 0.999970 0.002442 
2737817047716 -0.005013 -0.005410 0.999970 0.002435 
2737836853625 -0.005039 -0.005405 0.999970 0.002456 
2737856690050 -0.005000 -0.005408 0.999970 0.002425 
2737876495959 -0.005060 -0.005379 0.999970 0.002472 
2737896332384 -0.005106 -0.005351 0.999969 0.002507 
2737916168810 -0.005101 -0.005353 0.999970 0.002504 
2737935974718 -0.005141 -0.005339 0.999969 0.002535 
2737955811144 -0.005102 -0.005362 0.999969 0.002505 
2737975617052 -0.005155 -0.005328 0.999969 0.002546 
2737995453478 -0.005148 -0.005347 0.999969 0.002540 
2738015259386 -0.005138 -0.005353 0.999969 0.002532 
2738035065295 -0.005149 -0.005371 0.999969 0.002541 
2738054901720 -0.005159 -0.005369 0.999969 0.002549 
2738074707629 -0.005161 -0.005374 0.999969 0.002551 
2738094513537 -0.005150 -0.005376 0.999969 0.002542 
2738114349962 -0.005156 -0.005365 0.999969 0.002547 
2738134155871 -0.005149 -0.005354 0.999969 0.002541 
