3058201492641 -0.120358 -0.098939 9.805411  
3058221329067 -0.121976 -0.099793 9.805384  
3058241134975 -0.120877 -0.099962 9.805395  
3058260940883 -0.120517 -0.099459 9.805406  
3058280777309 -0.122279 -0.099810 9.805380  
3058300583217 -0.122586 -0.100449 9.805369  
3058320389125 -0.121679 -0.100018 9.805385  
3058340225551 -0.122931 -0.100344 9.805367  
3058360031459 -0.122850 -0.100982 9.805361  
3058379867885 -0.122020 -0.100295 9.805378  
3058399704311 -0.123413 -0.100277 9.805361  
3058419510219 -0.123334 -0.100922 9.805355  
3058439346645 -0.121936 -0.100874 9.805373  
3058459152553 -0.120588 -0.100593 9.805392  
3058478958461 -0.121480 -0.101087 9.805377  
3058498794887 -0.120386 -0.100878 9.805392  
3058518600795 -0.120769 -0.100197 9.805395  
3058538437221 -0.122048 -0.101095 9.805369  
3058558243129 -0.120943 -0.100911 9.805385  
3058578049038 -0.121137 -0.100141 9.805390  
3058597888319 -0.122330 -0.100409 9.805373  
3058617694228 -0.121217 -0.100555 9.805386  
3058637500136 -0.120763 -0.099813 9.805398  
3058657336561 -0.122127 -0.100316 9.805376  
3058677172987 -0.121427 -0.100485 9.805384  
3058696978895 -0.120732 -0.100129 9.805395  
3058716815321 -0.122176 -0.100367 9.805375  
3058736621229 -0.122108 -0.100838 9.805371  
3058756457655 -0.121068 -0.100389 9.805388  
3058776263563 -0.122405 -0.100294 9.805373  
3058796069472 -0.122572 -0.100788 9.805367  
3058815905897 -0.120969 -0.100049 9.805393  
3058835711806 -0.122610 -0.099424 9.805379  
3058855517714 -0.123340 -0.100261 9.805362  
3058875354140 -0.122325 -0.099997 9.805377  
3058895160048 -0.123047 -0.099830 9.805369  
3058914996474 -0.123853 -0.100270 9.805355  
3058934802382 -0.123366 -0.100630 9.805358  
3058954638808 -0.123708 -0.100110 9.805360  
3058974475233 -0.124982 -0.099991 9.805344  
3058994281142 -0.124170 -0.100543 9.805348  
3059014087050 -0.123467 -0.099948 9.805364  
3059033923476 -0.124827 -0.100055 9.805346  
3059053729384 -0.123351 -0.100478 9.805360  
3059073535292 -0.121799 -0.099651 9.805387  
3059093371718 -0.122421 -0.099606 9.805381  
3059113177626 -0.121752 -0.099817 9.805386  
3059133014052 -0.120965 -0.099335 9.805401  
3059152819960 -0.121829 -0.098887 9.805395  
3059172625868 -0.122586 -0.099583 9.805378  
3059192462294 -0.121050 -0.099586 9.805398  
3059212268202 -0.121271 -0.099423 9.805397  
3059232074110 -0.122228 -0.100104 9.805377  
3059251910536 -0.120887 -0.100180 9.805394  
3059271746962 -0.121471 -0.099751 9.805390  
3059291583388 -0.122339 -0.100037 9.805377  
3059311389296 -0.121230 -0.100360 9.805387  
3059331195204 -0.120706 -0.100003 9.805398  
3059351031630 -0.122075 -0.100502 9.805375  
3059370837538 -0.121217 -0.100891 9.805382  
3059390643446 -0.120687 -0.100127 9.805396  
3059410479872 -0.122050 -0.100537 9.805375  
3059430285780 -0.121131 -0.101091 9.805381  
3059450091688 -0.120472 -0.101627 9.805384  
3059469928114 -0.121837 -0.101122 9.805371  
3059489734022 -0.121715 -0.101657 9.805368  
3059509570448 -0.120779 -0.101198 9.805385  
3059529406874 -0.121656 -0.101393 9.805372  
3059549212782 -0.121785 -0.102002 9.805364  
3059569049208 -0.120765 -0.101683 9.805380  
3059588855116 -0.122338 -0.101239 9.805365  
3059608661024 -0.122999 -0.102013 9.805348  
3059628497450 -0.121008 -0.101631 9.805377  
3059648303358 -0.121239 -0.100947 9.805382  
3059668139784 -0.121955 -0.101661 9.805366  
3059687945692 -0.120850 -0.101603 9.805379  
3059707751601 -0.121059 -0.100748 9.805386  
3059727588026 -0.122497 -0.100926 9.805366  
3059747393935 -0.121527 -0.101056 9.805376  
3059767199843 -0.121301 -0.100055 9.805389  
3059787036269 -0.122724 -0.100169 9.805370  
3059806842177 -0.121695 -0.100570 9.805379  
3059826678603 -0.121313 -0.099739 9.805392  
3059846515028 -0.122886 -0.099856 9.805371  
3059866320936 -0.122084 -0.100510 9.805375  
3059886157362 -0.121366 -0.099221 9.805397  
3059905963270 -0.122854 -0.099032 9.805381  
3059925769179 -0.122457 -0.099556 9.805380  
3059945605604 -0.121568 -0.099000 9.805396  
3059965411513 -0.123204 -0.098960 9.805377  
3059985247938 -0.122636 -0.099401 9.805379  
3060005053847 -0.121276 -0.099167 9.805398  
3060024859755 -0.122836 -0.099183 9.805380  
3060044696181 -0.122765 -0.099644 9.805376  
3060064502089 -0.120844 -0.099180 9.805405  
3060084307997 -0.121539 -0.098881 9.805398  
3060104144423 -0.122648 -0.099519 9.805378  
3060123980849 -0.121673 -0.099548 9.805389  
3060143786757 -0.121128 -0.098693 9.805406  
3060163623183 -0.121843 -0.098468 9.805399  
3060183429091 -0.121618 -0.099330 9.805392  
