3058201492641 -0.123917 -0.083252 9.803284  
3058221329067 -0.159821 -0.116745 9.683640  
3058241134975 -0.088028 -0.104782 9.753036  
3058260940883 -0.109558 -0.078461 9.798492  
3058280777309 -0.164597 -0.109573 9.714752  
3058300583217 -0.102386 -0.111969 9.733887  
3058320389125 -0.088028 -0.080856 9.786530  
3058340225551 -0.164597 -0.109573 9.741074  
3058360031459 -0.119141 -0.119141 9.733887  
3058379867885 -0.090424 -0.080856 9.786530  
3058399704311 -0.169388 -0.092819 9.757828  
3058419510219 -0.126312 -0.119141 9.719543  
3058439346645 -0.080856 -0.092819 9.784149  
3058459152553 -0.152634 -0.085648 9.762604  
3058478958461 -0.145462 -0.121536 9.702789  
3058498794887 -0.088028 -0.095215 9.786530  
3058518600795 -0.131104 -0.080856 9.786530  
3058538437221 -0.150238 -0.126328 9.693222  
3058558243129 -0.088028 -0.102402 9.762604  
3058578049038 -0.126312 -0.078461 9.810471  
3058597888319 -0.155029 -0.114365 9.705185  
3058617694228 -0.088028 -0.104782 9.760208  
3058637500136 -0.107178 -0.085648 9.805679  
3058657336561 -0.159821 -0.114365 9.709961  
3058677172987 -0.099991 -0.111969 9.743469  
3058696978895 -0.099991 -0.083252 9.791321  
3058716815321 -0.169388 -0.107178 9.743469  
3058736621229 -0.111954 -0.114365 9.743469  
3058756457655 -0.090424 -0.080856 9.793716  
3058776263563 -0.159821 -0.097610 9.755432  
3058796069472 -0.119141 -0.121536 9.731506  
3058815905897 -0.080856 -0.085648 9.781754  
3058835711806 -0.162201 -0.095215 9.772186  
3058855517714 -0.135880 -0.123932 9.709961  
3058875354140 -0.085632 -0.092819 9.800888  
3058895160048 -0.143066 -0.095215 9.776962  
3058914996474 -0.138275 -0.119141 9.693222  
3058934802382 -0.080856 -0.097610 9.774567  
3058954638808 -0.126312 -0.085648 9.812851  
3058974475233 -0.159821 -0.109573 9.690826  
3058994281142 -0.092819 -0.109573 9.760208  
3059014087050 -0.109558 -0.083252 9.805679  
3059033923476 -0.169388 -0.109573 9.724319  
3059053729384 -0.099991 -0.119141 9.736282  
3059073535292 -0.090424 -0.076080 9.803284  
3059093371718 -0.159821 -0.104782 9.745865  
3059113177626 -0.121521 -0.119141 9.721924  
3059133014052 -0.090424 -0.085648 9.772186  
3059152819960 -0.152634 -0.092819 9.764999  
3059172625868 -0.135880 -0.119141 9.707565  
3059192462294 -0.076065 -0.100006 9.791321  
3059212268202 -0.133499 -0.088043 9.772186  
3059232074110 -0.147842 -0.119141 9.688431  
3059251910536 -0.088028 -0.102402 9.762604  
3059271746962 -0.123917 -0.088043 9.805679  
3059291583388 -0.145462 -0.114365 9.690826  
3059311389296 -0.088028 -0.109573 9.748245  
3059331195204 -0.111954 -0.083252 9.805679  
3059351031630 -0.159821 -0.114365 9.702789  
3059370837538 -0.095215 -0.111969 9.745865  
3059390643446 -0.104782 -0.078461 9.793716  
3059410479872 -0.159821 -0.111969 9.719543  
3059430285780 -0.099991 -0.116745 9.726715  
3059450091688 -0.097595 -0.085648 9.788925  
3059469928114 -0.159821 -0.100006 9.731506  
3059489734022 -0.116745 -0.116745 9.726715  
3059509570448 -0.092819 -0.088043 9.767395  
3059529406874 -0.152634 -0.100006 9.750641  
3059549212782 -0.123917 -0.119141 9.717148  
3059569049208 -0.090424 -0.085648 9.769791  
3059588855116 -0.159821 -0.095215 9.760208  
3059608661024 -0.133499 -0.123932 9.712357  
3059628497450 -0.090424 -0.097610 9.788925  
3059648303358 -0.140671 -0.088043 9.764999  
3059668139784 -0.140671 -0.121536 9.688431  
3059687945692 -0.088028 -0.100006 9.767395  
3059707751601 -0.126312 -0.083252 9.788925  
3059727588026 -0.155029 -0.111969 9.676468  
3059747393935 -0.085632 -0.104782 9.755432  
3059767199843 -0.114349 -0.078461 9.810471  
3059787036269 -0.155029 -0.109573 9.693222  
3059806842177 -0.097595 -0.111969 9.743469  
3059826678603 -0.109558 -0.076080 9.786530  
3059846515028 -0.159821 -0.109573 9.717148  
3059866320936 -0.097595 -0.119141 9.733887  
3059886157362 -0.099991 -0.076080 9.791321  
3059905963270 -0.157425 -0.100006 9.724319  
3059925769179 -0.109558 -0.114365 9.729111  
3059945605604 -0.095215 -0.083252 9.786530  
3059965411513 -0.162201 -0.097610 9.736282  
3059985247938 -0.104782 -0.111969 9.733887  
3060005053847 -0.088028 -0.085648 9.774567  
3060024859755 -0.159821 -0.092819 9.757828  
3060044696181 -0.119141 -0.119141 9.712357  
3060064502089 -0.078461 -0.092819 9.784149  
3060084307997 -0.140671 -0.090424 9.772186  
3060104144423 -0.152634 -0.123932 9.683640  
3060123980849 -0.092819 -0.100006 9.753036  
3060143786757 -0.119141 -0.080856 9.803284  
3060163623183 -0.155029 -0.104782 9.707565  
3060183429091 -0.107178 -0.116745 9.729111  
