# Created at Tue Jun 01 16:14:14 GMT+02:00 2021 in Burnaby Canada 
3056259201381 -0.116745 -0.104782 9.791321 
3056279037807 -0.119141 -0.104782 9.784149 
3056298843715 -0.116745 -0.092819 9.764999 
3056318649623 -0.135880 -0.095215 9.764999 
3056338486049 -0.116745 -0.100006 9.798492 
3056358291957 -0.128708 -0.097610 9.772186 
3056378128383 -0.133499 -0.102402 9.772186 
3056397964809 -0.121521 -0.109573 9.772186 
3056417770717 -0.121521 -0.100006 9.786530 
3056437576625 -0.116745 -0.100006 9.781754 
3056457413051 -0.121521 -0.109573 9.774567 
3056477218959 -0.126312 -0.097610 9.753036 
3056497055385 -0.131104 -0.097610 9.779358 
3056516861293 -0.119141 -0.100006 9.793716 
3056536667202 -0.116745 -0.097610 9.764999 
3056556503627 -0.131104 -0.095215 9.762604 
3056576309536 -0.128708 -0.102402 9.774567 
3056596145961 -0.114349 -0.104782 9.774567 
3056615951870 -0.126312 -0.100006 9.774567 
3056635757778 -0.121521 -0.107178 9.769791 
3056655594204 -0.128708 -0.102402 9.767395 
3056675430629 -0.114349 -0.100006 9.779358 
3056695236538 -0.128708 -0.102402 9.769791 
3056715072963 -0.116745 -0.097610 9.769791 
3056734878872 -0.116745 -0.097610 9.764999 
3056754684780 -0.126312 -0.104782 9.762604 
3056774521205 -0.121521 -0.097610 9.762604 
3056794327114 -0.116745 -0.102402 9.764999 
3056814163539 -0.126312 -0.107178 9.760208 
3056833969448 -0.119141 -0.107178 9.757828 
3056853775356 -0.123917 -0.100006 9.764999 
3056873611782 -0.123917 -0.097610 9.764999 
3056893417690 -0.121521 -0.107178 9.755432 
3056913223598 -0.123917 -0.100006 9.760208 
3056933060024 -0.126312 -0.097610 9.755432 
3056952896450 -0.114349 -0.104782 9.753036 
3056972702358 -0.116745 -0.107178 9.760208 
3056992538784 -0.121521 -0.097610 9.760208 
3057012344692 -0.116745 -0.109573 9.757828 
3057032181118 -0.133499 -0.097610 9.762604 
3057051987026 -0.116745 -0.100006 9.757828 
3057071792934 -0.123917 -0.100006 9.757828 
3057091629360 -0.123917 -0.097610 9.760208 
3057111435268 -0.121521 -0.107178 9.755432 
3057131241176 -0.121521 -0.102402 9.731506 
3057151077602 -0.119141 -0.102402 9.769791 
3057170883510 -0.135880 -0.097610 9.764999 
3057190719936 -0.123917 -0.095215 9.743469 
3057210525844 -0.109558 -0.102402 9.750641 
3057230331752 -0.111954 -0.111969 9.762604 
3057250168178 -0.133499 -0.102402 9.750641 
3057270004604 -0.131104 -0.097610 9.755432 
3057289810512 -0.114349 -0.107178 9.750641 
3057309646938 -0.133499 -0.100006 9.755432 
3057329452846 -0.111954 -0.102402 9.796112 
3057349258754 -0.145462 -0.092819 9.676468 
3057369095180 -0.095215 -0.116745 9.767395 
3057388901088 -0.107178 -0.080856 9.774567 
3057408706997 -0.155029 -0.100006 9.764999 
3057428543422 -0.135880 -0.123932 9.700394 
3057448349330 -0.088028 -0.102402 9.762604 
3057468155239 -0.104782 -0.078461 9.769791 
3057487991664 -0.164597 -0.104782 9.757828 
3057507797573 -0.133499 -0.121536 9.707565 
3057527633998 -0.090424 -0.090424 9.776962 
3057547470424 -0.123917 -0.090424 9.774567 
3057567276332 -0.164597 -0.114365 9.712357 
3057587112758 -0.099991 -0.100006 9.741074 
3057606918666 -0.071274 -0.083252 9.776962 
3057626755092 -0.162201 -0.102402 9.776962 
3057646561000 -0.140671 -0.123932 9.695602 
3057666366909 -0.088028 -0.088043 9.772186 
3057686203334 -0.131104 -0.090424 9.796112 
3057706009243 -0.157425 -0.126328 9.707565 
3057725815151 -0.090424 -0.100006 9.731506 
3057745651577 -0.097595 -0.076080 9.788925 
3057765457485 -0.164597 -0.107178 9.736282 
3057785293911 -0.111954 -0.123932 9.738678 
3057805099819 -0.090424 -0.078461 9.772186 
3057824936245 -0.157425 -0.102402 9.767395 
3057844772670 -0.135880 -0.123932 9.709961 
3057864578579 -0.080856 -0.090424 9.779358 
3057884384487 -0.133499 -0.080856 9.788925 
3057904220913 -0.152634 -0.123932 9.681259 
3057924026821 -0.083237 -0.092819 9.760208 
3057943832729 -0.114349 -0.078461 9.796112 
3057963669155 -0.169388 -0.116745 9.712357 
3057983475063 -0.107178 -0.109573 9.733887 
3058003311489 -0.090424 -0.078461 9.796112 
3058023117397 -0.164597 -0.104782 9.753036 
3058042923305 -0.119141 -0.123932 9.724319 
3058062759731 -0.083237 -0.085648 9.772186 
3058082565639 -0.155029 -0.104782 9.769791 
3058102402065 -0.128708 -0.111969 9.719543 
3058122238491 -0.083237 -0.085648 9.808075 
3058142044399 -0.147842 -0.090424 9.767395 
3058161850307 -0.140671 -0.116745 9.697998 
3058181686733 -0.088028 -0.102402 9.764999 
3058201492641 -0.123917 -0.083252 9.803284 
3058221329067 -0.159821 -0.116745 9.683640 
3058241134975 -0.088028 -0.104782 9.753036 
3058260940883 -0.109558 -0.078461 9.798492 
3058280777309 -0.164597 -0.109573 9.714752 
3058300583217 -0.102386 -0.111969 9.733887 
3058320389125 -0.088028 -0.080856 9.786530 
3058340225551 -0.164597 -0.109573 9.741074 
3058360031459 -0.119141 -0.119141 9.733887 
3058379867885 -0.090424 -0.080856 9.786530 
3058399704311 -0.169388 -0.092819 9.757828 
3058419510219 -0.126312 -0.119141 9.719543 
3058439346645 -0.080856 -0.092819 9.784149 
3058459152553 -0.152634 -0.085648 9.762604 
3058478958461 -0.145462 -0.121536 9.702789 
3058498794887 -0.088028 -0.095215 9.786530 
3058518600795 -0.131104 -0.080856 9.786530 
3058538437221 -0.150238 -0.126328 9.693222 
3058558243129 -0.088028 -0.102402 9.762604 
3058578049038 -0.126312 -0.078461 9.810471 
3058597888319 -0.155029 -0.114365 9.705185 
3058617694228 -0.088028 -0.104782 9.760208 
3058637500136 -0.107178 -0.085648 9.805679 
3058657336561 -0.159821 -0.114365 9.709961 
3058677172987 -0.099991 -0.111969 9.743469 
3058696978895 -0.099991 -0.083252 9.791321 
3058716815321 -0.169388 -0.107178 9.743469 
3058736621229 -0.111954 -0.114365 9.743469 
3058756457655 -0.090424 -0.080856 9.793716 
3058776263563 -0.159821 -0.097610 9.755432 
3058796069472 -0.119141 -0.121536 9.731506 
3058815905897 -0.080856 -0.085648 9.781754 
3058835711806 -0.162201 -0.095215 9.772186 
3058855517714 -0.135880 -0.123932 9.709961 
3058875354140 -0.085632 -0.092819 9.800888 
3058895160048 -0.143066 -0.095215 9.776962 
3058914996474 -0.138275 -0.119141 9.693222 
3058934802382 -0.080856 -0.097610 9.774567 
3058954638808 -0.126312 -0.085648 9.812851 
3058974475233 -0.159821 -0.109573 9.690826 
3058994281142 -0.092819 -0.109573 9.760208 
3059014087050 -0.109558 -0.083252 9.805679 
3059033923476 -0.169388 -0.109573 9.724319 
3059053729384 -0.099991 -0.119141 9.736282 
3059073535292 -0.090424 -0.076080 9.803284 
3059093371718 -0.159821 -0.104782 9.745865 
3059113177626 -0.121521 -0.119141 9.721924 
3059133014052 -0.090424 -0.085648 9.772186 
3059152819960 -0.152634 -0.092819 9.764999 
3059172625868 -0.135880 -0.119141 9.707565 
3059192462294 -0.076065 -0.100006 9.791321 
3059212268202 -0.133499 -0.088043 9.772186 
3059232074110 -0.147842 -0.119141 9.688431 
3059251910536 -0.088028 -0.102402 9.762604 
3059271746962 -0.123917 -0.088043 9.805679 
3059291583388 -0.145462 -0.114365 9.690826 
3059311389296 -0.088028 -0.109573 9.748245 
3059331195204 -0.111954 -0.083252 9.805679 
3059351031630 -0.159821 -0.114365 9.702789 
3059370837538 -0.095215 -0.111969 9.745865 
3059390643446 -0.104782 -0.078461 9.793716 
3059410479872 -0.159821 -0.111969 9.719543 
3059430285780 -0.099991 -0.116745 9.726715 
3059450091688 -0.097595 -0.085648 9.788925 
3059469928114 -0.159821 -0.100006 9.731506 
3059489734022 -0.116745 -0.116745 9.726715 
3059509570448 -0.092819 -0.088043 9.767395 
3059529406874 -0.152634 -0.100006 9.750641 
3059549212782 -0.123917 -0.119141 9.717148 
3059569049208 -0.090424 -0.085648 9.769791 
3059588855116 -0.159821 -0.095215 9.760208 
3059608661024 -0.133499 -0.123932 9.712357 
3059628497450 -0.090424 -0.097610 9.788925 
3059648303358 -0.140671 -0.088043 9.764999 
3059668139784 -0.140671 -0.121536 9.688431 
3059687945692 -0.088028 -0.100006 9.767395 
3059707751601 -0.126312 -0.083252 9.788925 
3059727588026 -0.155029 -0.111969 9.676468 
3059747393935 -0.085632 -0.104782 9.755432 
3059767199843 -0.114349 -0.078461 9.810471 
3059787036269 -0.155029 -0.109573 9.693222 
3059806842177 -0.097595 -0.111969 9.743469 
3059826678603 -0.109558 -0.076080 9.786530 
3059846515028 -0.159821 -0.109573 9.717148 
3059866320936 -0.097595 -0.119141 9.733887 
3059886157362 -0.099991 -0.076080 9.791321 
3059905963270 -0.157425 -0.100006 9.724319 
3059925769179 -0.109558 -0.114365 9.729111 
3059945605604 -0.095215 -0.083252 9.786530 
3059965411513 -0.162201 -0.097610 9.736282 
3059985247938 -0.104782 -0.111969 9.733887 
3060005053847 -0.088028 -0.085648 9.774567 
3060024859755 -0.159821 -0.092819 9.757828 
3060044696181 -0.119141 -0.119141 9.712357 
3060064502089 -0.078461 -0.092819 9.784149 
3060084307997 -0.140671 -0.090424 9.772186 
3060104144423 -0.152634 -0.123932 9.683640 
3060123980849 -0.092819 -0.100006 9.753036 
3060143786757 -0.119141 -0.080856 9.803284 
3060163623183 -0.155029 -0.104782 9.707565 
3060183429091 -0.107178 -0.116745 9.729111 
3060203265517 -0.099991 -0.088043 9.788925 
3060223071425 -0.155029 -0.104782 9.731506 
3060242877333 -0.107178 -0.116745 9.731506 
3060262713759 -0.090424 -0.088043 9.784149 
3060282519667 -0.152634 -0.100006 9.738678 
3060302325575 -0.111954 -0.121536 9.731506 
3060322162001 -0.092819 -0.095215 9.781754 
3060341967909 -0.147842 -0.102402 9.779358 
3060361804335 -0.143066 -0.123932 9.709961 
3060381640761 -0.078461 -0.109573 9.769791 
3060401446669 -0.123917 -0.083252 9.817642 
3060421283095 -0.164597 -0.107178 9.700394 
3060441089003 -0.085632 -0.109573 9.764999 
3060460894911 -0.119141 -0.088043 9.817642 
3060480731337 -0.157425 -0.111969 9.707565 
3060500537245 -0.095215 -0.109573 9.753036 
3060520343153 -0.104782 -0.088043 9.800888 
3060540179579 -0.164597 -0.100006 9.731506 
3060559985487 -0.097595 -0.123932 9.743469 
3060579821913 -0.099991 -0.090424 9.803284 
3060599627821 -0.162201 -0.100006 9.755432 
3060619433729 -0.116745 -0.116745 9.757828 
3060639270155 -0.085632 -0.095215 9.810471 
3060659076063 -0.147842 -0.088043 9.793716 
3060678912489 -0.147842 -0.119141 9.702789 
3060698748915 -0.095215 -0.109573 9.774567 
3060718554823 -0.111954 -0.088043 9.832001 
3060738360731 -0.162201 -0.109573 9.738678 
3060758197157 -0.099991 -0.119141 9.750641 
3060778003065 -0.095215 -0.092819 9.820038 
3060797839491 -0.157425 -0.095215 9.779358 
3060817645399 -0.121521 -0.126328 9.743469 
3060837451308 -0.092819 -0.097610 9.803284 
3060857287733 -0.159821 -0.088043 9.796112 
3060877093642 -0.131104 -0.116745 9.729111 
3060896930067 -0.090424 -0.104782 9.824814 
3060916735976 -0.135880 -0.088043 9.798492 
3060936541884 -0.145462 -0.116745 9.712357 
3060956378310 -0.097595 -0.104782 9.798492 
3060976214735 -0.123917 -0.085648 9.824814 
3060996020644 -0.138275 -0.107178 9.721924 
3061015857069 -0.097595 -0.111969 9.786530 
3061035662978 -0.126312 -0.085648 9.839172 
3061055499403 -0.150238 -0.107178 9.717148 
3061075305311 -0.092819 -0.123932 9.784149 
3061095111220 -0.116745 -0.083252 9.834396 
3061114947645 -0.164597 -0.109573 9.738678 
3061134753554 -0.097595 -0.119141 9.772186 
3061154559462 -0.109558 -0.088043 9.824814 
3061174395888 -0.152634 -0.104782 9.769791 
3061194201796 -0.104782 -0.116745 9.769791 
3061214038222 -0.102386 -0.088043 9.832001 
3061233844130 -0.169388 -0.104782 9.779358 
3061253680556 -0.111954 -0.121536 9.776962 
3061273516981 -0.099991 -0.088043 9.843964 
3061293322890 -0.164597 -0.107178 9.786530 
3061313128798 -0.107178 -0.123932 9.781754 
3061332965224 -0.104782 -0.092819 9.851135 
3061352771132 -0.159821 -0.114365 9.779358 
3061372577040 -0.104782 -0.131104 9.786530 
3061392413466 -0.095215 -0.090424 9.843964 
3061412219374 -0.152634 -0.109573 9.810471 
3061432025282 -0.111954 -0.126328 9.796112 
3061451861708 -0.090424 -0.095215 9.834396 
3061471667616 -0.150238 -0.092819 9.829605 
3061491504042 -0.128708 -0.126328 9.772186 
3061511309950 -0.083237 -0.104782 9.851135 
3061531146376 -0.150238 -0.090424 9.829605 
3061550982802 -0.131104 -0.126328 9.762604 
3061570788710 -0.083237 -0.109573 9.860718 
3061590625136 -0.133499 -0.088043 9.822433 
3061610431044 -0.131104 -0.119141 9.769791 
3061630236952 -0.090424 -0.109573 9.853531 
3061650073378 -0.138275 -0.090424 9.834396 
3061669879286 -0.150238 -0.121536 9.755432 
3061689715712 -0.088028 -0.111969 9.834396 
3061709521620 -0.133499 -0.083252 9.836792 
3061729327528 -0.145462 -0.109573 9.788925 
3061749163954 -0.107178 -0.126328 9.805679 
3061768969862 -0.102386 -0.102402 9.805679 
3061788775770 -0.121521 -0.083252 9.800888 
3061808612196 -0.157425 -0.111969 9.805679 
3061828448622 -0.123917 -0.121536 9.784149 
3061848254530 -0.088028 -0.102402 9.836792 
3061868090956 -0.131104 -0.097610 9.817642 
3061887896864 -0.147842 -0.119141 9.726715 
3061907733290 -0.095215 -0.111969 9.829605 
3061927539198 -0.121521 -0.090424 9.843964 
3061947345106 -0.152634 -0.119141 9.736282 
3061967181532 -0.095215 -0.111969 9.805679 
3061986987440 -0.133499 -0.100006 9.815247 
3062006793349 -0.116745 -0.097610 9.800888 
3062026629774 -0.121521 -0.114365 9.803284 
3062046435683 -0.121521 -0.102402 9.793716 
3062066272108 -0.121521 -0.107178 9.788925 
