# Created at Tue Jun 01 16:14:14 GMT+02:00 2021 in Burnaby Canada 
3056259201381 0.007396 -0.003532 0.004949 
3056279037807 0.005079 -0.003889 -0.002151 
3056298843715 0.007471 0.007563 -0.020590 
3056318649623 -0.011258 0.005211 -0.019900 
3056338486049 0.007401 0.000850 0.013142 
3056358291957 -0.004165 0.002664 -0.012728 
3056378128383 -0.008641 -0.002073 -0.012303 
3056397964809 0.003242 -0.009178 -0.011895 
3056417770717 0.002922 0.000360 0.002364 
3056437576625 0.007686 0.000332 -0.002329 
3056457413051 0.003059 -0.008944 -0.009195 
3056477218959 -0.001430 0.002902 -0.029698 
3056497055385 -0.005768 0.002789 -0.003262 
3056516861293 0.006233 0.000138 0.010728 
3056536667202 0.008586 0.002208 -0.017388 
3056556503627 -0.005337 0.004437 -0.019122 
3056576309536 -0.002829 -0.002672 -0.006921 
3056596145961 0.010930 -0.005123 -0.006696 
3056615951870 -0.001213 -0.000117 -0.006474 
3056635757778 0.003244 -0.006599 -0.010873 
3056655594204 -0.003568 -0.001776 -0.012823 
3056675430629 0.010674 0.000586 -0.000829 
3056695236538 -0.003548 -0.001531 -0.010047 
3056715072963 0.008148 0.003370 -0.009709 
3056734878872 0.007891 0.003476 -0.014014 
3056754684780 -0.001609 -0.003583 -0.015862 
3056774521205 0.003090 0.003688 -0.015331 
3056794327114 0.007618 -0.000849 -0.012502 
3056814163539 -0.001642 -0.005219 -0.016711 
3056833969448 0.005360 -0.004827 -0.018453 
3056853775356 0.000807 0.002485 -0.010900 
3056873611782 0.000794 0.004705 -0.010536 
3056893417690 0.003097 -0.004483 -0.019430 
3056913223598 0.000920 0.002818 -0.014160 
3056933060024 -0.000952 0.005026 -0.018299 
3056952896450 0.010887 -0.002313 -0.020004 
3056972702358 0.008224 -0.004568 -0.012404 
3056992538784 0.003350 0.005048 -0.011989 
3057012344692 0.008100 -0.006700 -0.013887 
3057032181118 -0.008350 0.005071 -0.008808 
3057051987026 0.008138 0.002804 -0.013128 
3057071792934 0.001177 0.002929 -0.012685 
3057091629360 0.001380 0.005365 -0.009955 
3057111435268 0.003666 -0.004078 -0.014240 
3057131241176 0.003560 0.000658 -0.036894 
3057151077602 0.005759 0.000620 0.001344 
3057170883510 -0.010598 0.005215 -0.003333 
3057190719936 0.001565 0.007115 -0.024034 
3057210525844 0.015635 -0.000083 -0.016297 
3057230331752 0.012814 -0.009113 -0.004188 
3057250168178 -0.008422 0.000651 -0.015610 
3057270004604 -0.005806 0.005016 -0.010461 
3057289810512 0.010371 -0.004641 -0.014750 
3057309646938 -0.008930 0.002430 -0.009632 
3057329452846 0.011750 -0.000205 0.030005 
3057349258754 -0.020560 0.009052 -0.086646 
3057369095180 0.028714 -0.014395 0.004138 
3057388901088 0.015981 0.020993 0.010933 
3057408706997 -0.030795 0.001999 0.001323 
3057428543422 -0.011240 -0.021212 -0.061173 
3057448349330 0.035179 0.000522 0.001002 
3057468155239 0.034023 0.000948 0.000974 
3057487991664 -0.040883 -0.001401 -0.003673 
3057507797573 -0.008984 -0.017566 -0.052132 
3057527633998 0.032743 0.012854 0.016685 
3057547470424 -0.001168 0.012183 0.013804 
3057567276332 -0.040437 -0.011382 -0.046792 
3057587112758 0.023379 0.002636 -0.017475 
3057606918666 0.050376 0.018958 0.017802 
3057626755092 -0.039183 -0.000201 0.017209 
3057646561000 -0.016820 -0.021023 -0.062010 
3057666366909 0.034417 0.014354 0.014086 
3057686203334 -0.008354 0.011333 0.036742 
3057706009243 -0.033275 -0.023768 -0.050075 
3057725815151 0.032847 0.002452 -0.025260 
3057745651577 0.024610 0.025254 0.031081 
3057765457485 -0.040734 -0.005665 -0.020840 
3057785293911 0.011068 -0.021688 -0.017835 
3057805099819 0.031989 0.023202 0.015160 
3057824936245 -0.033829 -0.000956 0.010020 
3057844772670 -0.011627 -0.021756 -0.045831 
3057864578579 0.041507 0.011120 0.022773 
3057884384487 -0.011209 0.019528 0.031252 
3057904220913 -0.029778 -0.023689 -0.073882 
3057924026821 0.037172 0.006937 0.004881 
3057943832729 0.004957 0.020348 0.039412 
3057963669155 -0.048858 -0.017809 -0.042876 
3057983475063 0.012007 -0.010521 -0.020648 
3058003311489 0.027131 0.019666 0.040180 
3058023117397 -0.044996 -0.006452 -0.002793 
3058042923305 0.000461 -0.024765 -0.030460 
3058062759731 0.035399 0.013281 0.016831 
3058082565639 -0.035394 -0.005672 0.013952 
3058102402065 -0.008523 -0.012675 -0.035084 
3058122238491 0.035504 0.013176 0.051663 
3058142044399 -0.027887 0.007878 0.010618 
3058161850307 -0.020006 -0.017616 -0.056817 
3058181686733 0.031337 -0.003180 0.009842 
3058201492641 -0.004156 0.015196 0.046523 
3058221329067 -0.038480 -0.017472 -0.070678 
3058241134975 0.032219 -0.005342 -0.001238 
3058260940883 0.010349 0.020495 0.042747 
3058280777309 -0.042953 -0.010283 -0.039624 
3058300583217 0.019553 -0.012050 -0.019793 
3058320389125 0.033023 0.018645 0.031761 
3058340225551 -0.042306 -0.009752 -0.013241 
3058360031459 0.003061 -0.018692 -0.019747 
3058379867885 0.030966 0.018921 0.031802 
3058399704311 -0.046610 0.006941 0.002997 
3058419510219 -0.003629 -0.018751 -0.034114 
3058439346645 0.040449 0.007533 0.029478 
3058459152553 0.039120 0.007263 0.028496 
3058478958461 -0.024620 -0.020980 -0.051104 
3058498794887 0.031739 0.005144 0.031549 
3058518600795 -0.010943 0.018837 0.030497 
3058538437221 -0.028830 -0.025763 -0.060715 
3058558243129 0.032284 -0.002017 0.008376 
3058578049038 -0.005784 0.021177 0.054368 
3058597888319 -0.033335 -0.014478 -0.049222 
3058617694228 0.032561 -0.004748 0.005608 
3058637500136 0.012980 0.013665 0.049375 
3058657336561 -0.038324 -0.014566 -0.044799 
3058677172987 0.020805 -0.012006 -0.010916 
3058696978895 0.020128 0.016368 0.035707 
3058716815321 -0.047837 -0.007325 -0.011742 
3058736621229 0.009524 -0.014047 -0.011348 
3058756457655 0.030036 0.019028 0.037605 
3058776263563 -0.038031 0.002179 -0.000656 
3058796069472 0.002805 -0.021263 -0.023762 
3058815905897 0.039506 0.013899 0.025597 
3058835711806 -0.040200 0.003715 0.015493 
3058855517714 -0.013172 -0.024184 -0.045172 
3058875354140 0.036084 0.006681 0.044233 
3058895160048 -0.020622 0.004126 0.019630 
3058914996474 -0.015056 -0.019384 -0.061972 
3058934802382 0.041887 0.002512 0.018744 
3058954638808 -0.003205 0.013976 0.055130 
3058974475233 -0.035474 -0.010091 -0.064670 
3058994281142 0.030721 -0.009540 0.004560 
3059014087050 0.013304 0.016206 0.048361 
3059033923476 -0.045186 -0.010020 -0.031904 
3059053729384 0.022733 -0.019173 -0.019288 
3059073535292 0.030777 0.023081 0.046117 
3059093371718 -0.038006 -0.005670 -0.010937 
3059113177626 -0.000387 -0.019830 -0.033728 
3059133014052 0.029934 0.013189 0.015986 
3059152819960 -0.031412 0.005575 0.008502 
3059172625868 -0.013925 -0.020071 -0.047298 
3059192462294 0.044376 -0.000921 0.035242 
3059212268202 -0.012832 0.010885 0.015571 
3059232074110 -0.026251 -0.019557 -0.065912 
3059251910536 0.032233 -0.002741 0.007982 
3059271746962 -0.003053 0.011209 0.049361 
3059291583388 -0.023762 -0.014850 -0.063311 
3059311389296 0.032566 -0.009740 -0.005695 
3059331195204 0.008140 0.016243 0.050014 
3059351031630 -0.038386 -0.014390 -0.051113 
3059370837538 0.025362 -0.011611 -0.007770 
3059390643446 0.015285 0.021152 0.038746 
3059410479872 -0.038412 -0.011961 -0.034246 
3059430285780 0.020492 -0.016195 -0.026175 
3059450091688 0.019825 -0.015671 -0.025303 
3059469928114 -0.038655 0.000559 -0.019833 
3059489734022 0.004290 -0.015657 -0.023803 
3059509570448 0.027291 0.012594 0.016315 
3059529406874 -0.031651 0.000825 -0.000425 
3059549212782 -0.002820 -0.017715 -0.032787 
3059569049208 0.029667 0.015467 0.019197 
3059588855116 -0.038161 0.005462 0.009295 
3059608661024 -0.011199 -0.022499 -0.037269 
3059628497450 0.029912 0.003456 0.037976 
3059648303358 -0.020099 0.012348 0.013574 
3059668139784 -0.019413 -0.020456 -0.060895 
3059687945692 0.032138 0.001022 0.017467 
3059707751601 -0.005922 0.016940 0.037695 
3059727588026 -0.033240 -0.011626 -0.072269 
3059747393935 0.035196 -0.004308 0.006474 
3059767199843 0.006279 0.021039 0.059461 
3059787036269 -0.033010 -0.009980 -0.055861 
3059806842177 0.023399 -0.011979 -0.005429 
3059826678603 0.011071 0.023097 0.036377 
3059846515028 -0.037641 -0.010291 -0.031903 
3059866320936 0.023782 -0.019213 -0.014659 
3059886157362 0.020689 0.022580 0.041345 
3059905963270 -0.035276 -0.001542 -0.024800 
3059925769179 0.012188 -0.015387 -0.019342 
3059945605604 0.025663 0.015186 0.036807 
3059965411513 -0.039701 0.000783 -0.012989 
3059985247938 0.017145 -0.013142 -0.014872 
3060005053847 0.032558 0.012955 0.024947 
3060024859755 -0.037680 0.005802 0.007940 
3060044696181 0.002914 -0.020074 -0.036282 
3060064502089 0.041698 0.005798 0.034319 
3060084307997 -0.019812 0.007905 0.021611 
3060104144423 -0.030699 -0.024992 -0.064706 
3060123980849 0.028148 -0.001036 0.004535 
3060143786757 0.001307 0.017282 0.052948 
3060163623183 -0.033888 -0.006881 -0.041355 
3060183429091 0.013731 -0.017994 -0.019144 
3060203265517 0.020224 0.010577 0.039317 
3060223071425 -0.033652 -0.005732 -0.017495 
3060242877333 0.013502 -0.017110 -0.016914 
3060262713759 0.029250 0.011200 0.034537 
3060282519667 -0.031631 -0.000743 -0.010567 
3060302325575 0.008750 -0.021762 -0.017150 
3060322162001 0.026958 0.004177 0.031991 
3060341967909 -0.027125 -0.002918 0.028609 
3060361804335 -0.021370 -0.023642 -0.039425 
3060381640761 0.041110 -0.009202 0.019713 
3060401446669 -0.004198 0.016318 0.065310 
3060421283095 -0.004058 0.015772 0.063133 
3060441089003 -0.043016 -0.007888 -0.052309 
3060460894911 0.034753 -0.009946 0.011887 
3060480731337 0.001206 0.010967 0.062376 
3060500537245 -0.035840 -0.012302 -0.046108 
3060520343153 0.016245 0.011231 0.045641 
3060540179579 -0.042114 -0.000939 -0.022952 
3060559985487 0.024061 -0.024041 -0.010623 
3060579821913 0.021176 0.009143 0.047555 
3060599627821 -0.039205 -0.000430 -0.000281 
3060619433729 0.006048 -0.016605 0.002044 
3060639270155 0.035696 0.004530 0.052858 
3060659076063 0.034737 0.004373 0.051099 
3060678912489 -0.026326 0.011154 0.033202 
3060698748915 0.025656 -0.010036 0.013587 
3060718554823 0.008625 0.010878 0.068651 
3060738360731 -0.039999 -0.010308 -0.023847 
3060758197157 0.021242 -0.019442 -0.011493 
3060778003065 0.025152 0.006648 0.055974 
3060797839491 -0.035594 0.003882 0.014785 
3060817645399 0.000989 -0.026100 -0.020390 
3060837451308 0.029391 0.002980 0.038124 
3060857287733 -0.036356 0.011901 0.029918 
3060877093642 -0.007156 -0.016244 -0.035845 
3060896930067 0.032409 -0.004144 0.057863 
3060916735976 -0.012381 0.012170 0.030493 
3060936541884 -0.021229 -0.016212 -0.053791 
3060956378310 -0.020290 -0.015446 -0.051992 
3060976214735 0.001443 0.015128 0.058452 
3060996020644 -0.012254 -0.006420 -0.042956 
3061015857069 0.027710 -0.010843 0.020930 
3061035662978 -0.000971 0.014957 0.071120 
3061055499403 -0.023836 -0.006360 -0.049205 
3061075305311 0.032238 -0.022349 0.017200 
3061095111220 0.008269 0.017711 0.065202 
3061114947645 -0.038258 -0.008332 -0.029499 
3061134753554 0.027788 -0.017077 0.003879 
3061154559462 0.015300 0.013548 0.054623 
3061174395888 -0.026847 -0.003090 -0.000387 
3061194201796 0.020307 -0.014557 -0.000374 
3061214038222 0.021949 0.013668 0.059775 
3061233844130 -0.043548 -0.002974 0.006895 
3061253680556 0.013197 -0.019302 0.004344 
3061273516981 0.024326 0.013709 0.068967 
3061293322890 -0.038705 -0.005476 0.011149 
3061313128798 0.018092 -0.021494 0.006161 
3061332965224 0.020037 0.009292 0.073027 
3061352771132 -0.033601 -0.011853 0.001210 
3061372577040 0.020725 -0.027645 0.008102 
3061392413466 0.029285 0.012369 0.063349 
3061412219374 -0.026967 -0.007015 0.028859 
3061432025282 -0.026296 -0.007009 0.027892 
3061451861708 0.035185 0.007093 0.050097 
3061471667616 -0.023343 0.008938 0.043798 
3061491504042 -0.001520 -0.023983 -0.013165 
3061511309950 0.042488 -0.002362 0.063591 
3061531146376 -0.023693 0.011823 0.040662 
3061550982802 -0.004404 -0.023510 -0.025464 
3061570788710 0.042019 -0.006308 0.070231 
3061590625136 -0.007736 0.014710 0.030885 
3061610431044 -0.004931 -0.016305 -0.021034 
3061630236952 0.034560 -0.006976 0.060611 
3061650073378 -0.012846 0.011536 0.040091 
3061669879286 -0.023748 -0.018933 -0.037575 
3061689715712 0.037185 -0.008830 0.040012 
3061709521620 -0.007541 0.019213 0.041000 
3061729327528 -0.018625 -0.007790 -0.006644 
3061749163954 0.019236 -0.024190 0.009771 
3061768969862 0.023690 -0.000719 0.009446 
3061788775770 0.004638 0.018269 0.004507 
3061808612196 -0.030448 -0.009647 0.008990 
3061828448622 0.002497 -0.017886 -0.012121 
3061848254530 0.037335 0.001205 0.039174 
3061868090956 -0.006010 0.005335 0.019345 
3061887896864 -0.022217 -0.016119 -0.069203 
3061907733290 0.029400 -0.008655 0.032564 
3061927539198 0.002993 0.012687 0.045362 
3061947345106 -0.027179 -0.015727 -0.060246 
3061967181532 0.029463 -0.008503 0.008847 
3061986987440 -0.008522 0.003110 0.017797 
3062006793349 0.007963 0.005314 0.003325 
3062026629774 0.003084 -0.011291 0.005527 
3062046435683 0.002984 0.000418 -0.003909 
3062066272108 0.003116 -0.004218 -0.008408 
