# Created at Tue Jun 08 20:07:16 GMT+02:00 2021 in Copenhagen 
15992609351166, 0.000534, -0.000168, -0.000076 
15992629157074, 0.000534, -0.000168, -0.000076 
15992648993500, 0.000534, 0.001053, -0.000076 
15992668799408, 0.000534, -0.000168, -0.000076 
15992688605316, 0.000534, -0.000168, -0.000076 
15992708441742, 0.000534, -0.000168, 0.001144 
15992728278168, -0.008026, -0.001404, 0.002365 
15992748084076, 0.002975, -0.000168, 0.001144 
15992767920502, -0.000702, 0.001053, -0.000076 
15992787726410, -0.000702, -0.000168, -0.000076 
15992807532318, -0.000702, -0.000168, -0.000076 
15992827368744, 0.000534, -0.000168, -0.000076 
15992847174652, 0.000534, -0.000168, -0.000076 
15992866980561, 0.000534, -0.000168, -0.000076 
15992886816986, 0.000534, 0.001053, -0.001297 
15992906622895, 0.000534, -0.000168, -0.001297 
15992926428803, 0.000534, 0.001053, -0.001297 
15992946265229, 0.000534, 0.001053, -0.000076 
15992966071137, 0.001740, -0.000168, 0.001144 
15992985877045, 0.000534, 0.001053, -0.000076 
15993005713471, 0.001740, -0.000168, -0.000076 
15993025549897, 0.001740, 0.001053, -0.000076 
15993045355805, 0.000534, -0.000168, -0.001297 
15993065192230, 0.000534, 0.001053, -0.000076 
15993084998139, 0.000534, -0.000168, -0.000076 
15993104804047, 0.000534, -0.000168, -0.000076 
15993124640473, 0.000534, -0.000168, -0.000076 
15993144446381, 0.000534, -0.000168, 0.001144 
15993164252289, 0.000534, -0.000168, 0.001144 
15993184088715, -0.000702, -0.000168, -0.000076 
15993203894623, 0.000534, -0.000168, 0.001144 
15993223700531, 0.000534, -0.001404, 0.001144 
15993243536957, 0.000534, -0.000168, 0.001144 
15993263342865, 0.000534, -0.000168, 0.001144 
15993283148773, 0.000534, -0.000168, -0.000076 
15993302985199, -0.000702, -0.000168, -0.001297 
15993322821625, 0.000534, -0.000168, -0.000076 
15993342627533, 0.000534, -0.000168, 0.001144 
15993362463959, 0.001740, -0.001404, 0.001144 
15993382269867, 0.000534, -0.000168, 0.001144 
15993402075775, 0.000534, -0.000168, 0.001144 
15993421912201, 0.000534, -0.000168, -0.000076 
15993441718109, 0.000534, -0.000168, -0.000076 
15993461524018, 0.000534, -0.000168, -0.000076 
15993481360443, 0.000534, -0.000168, 0.001144 
15993501166352, 0.000534, -0.001404, 0.001144 
15993520972260, 0.000534, -0.000168, 0.001144 
15993540808686, -0.000702, -0.000168, -0.000076 
15993560614594, 0.000534, -0.000168, -0.001297 
15993580420502, 0.000534, -0.000168, -0.000076 
15993600256928, 0.000534, -0.000168, -0.000076 
15993620093354, 0.000534, -0.000168, 0.001144 
15993639899262, -0.000702, 0.003510, 0.001144 
15993659735688, -0.001923, -0.000168, 0.001144 
15993679541596, 0.000534, -0.002609, -0.001297 
15993699347504, -0.000702, -0.000168, -0.000076 
15993719183930, -0.000702, 0.001053, 0.001144 
15993738989838, -0.000702, 0.001053, -0.000076 
15993758795746, 0.000534, -0.002609, -0.000076 
15993778601654, -0.000702, -0.000168, -0.000076 
15993798438080, 0.000534, -0.000168, -0.000076 
15993818243988, -0.000702, 0.004715, -0.002533 
15993838080414, -0.000702, 0.003510, -0.000076 
15993857886322, -0.000702, -0.000168, -0.000076 
15993877722748, -0.000702, -0.000168, -0.000076 
15993897559174, -0.000702, -0.000168, -0.000076 
15993917365082, -0.000702, -0.000168, 0.001144 
15993937170990, 0.000534, -0.000168, -0.000076 
15993957007416, 0.000534, 0.001053, 0.001144 
15993976813324, 0.000534, -0.000168, 0.001144 
15993996619232, 0.000534, -0.000168, 0.001144 
15994016455658, 0.001740, -0.000168, -0.000076 
15994036261566, 0.000534, -0.001404, -0.000076 
15994056067475, 0.000534, -0.001404, -0.000076 
15994075903900, -0.000702, -0.000168, 0.001144 
15994095709809, 0.000534, -0.000168, -0.000076 
15994115515717, 0.000534, -0.002609, 0.001144 
15994135352143, -0.000702, 0.002274, 0.001144 
15994155158051, 0.002975, -0.006287, 0.001144 
15994174994477, 0.002975, -0.006287, -0.002533 
15994194830902, 0.000534, -0.003845, -0.003738 
15994214636811, 0.001740, -0.005051, -0.003738 
15994234442719, 0.000534, -0.000168, -0.003738 
15994254279145, -0.003143, 0.004715, -0.002533 
15994274085053, -0.000702, -0.000168, -0.003738 
15994293890961, 0.002975, -0.007492, -0.000076 
15994313727387, 0.002975, -0.003845, 0.004807 
15994333533295, -0.001923, 0.004715, 0.003586 
15994353339203, -0.001923, 0.002274, -0.002533 
15994373175629, 0.001740, -0.002609, 0.001144 
15994392981537, -0.000702, 0.001053, -0.001297 
15994412787445, -0.000702, -0.000168, 0.001144 
15994432623871, 0.000534, -0.001404, -0.000076 
15994452460297, 0.000534, -0.000168, -0.000076 
15994472266205, 0.000534, 0.001053, 0.001144 
15994492072113, 0.000534, -0.000168, -0.000076 
15994511908539, 0.000534, 0.001053, -0.000076 
15994531714447, 0.000534, -0.000168, 0.001144 
15994551520355, 0.000534, -0.000168, -0.000076 
15994571356781, 0.000534, -0.000168, -0.000076 
15994591162689, -0.000702, -0.000168, -0.000076 
15994610999115, 0.000534, -0.000168, -0.000076 
15994630805023, 0.000534, -0.000168, -0.000076 
15994650610932, 0.000534, -0.000168, -0.000076 
15994670416840, -0.000702, -0.000168, 0.001144 
15994690253266, 0.000534, -0.000168, -0.000076 
15994710059174, 0.001740, -0.000168, -0.000076 
15994729895600, 0.000534, -0.000168, -0.000076 
15994749732025, 0.000534, -0.000168, -0.000076 
15994769537934, -0.000702, 0.001053, -0.000076 
15994789343842, -0.000702, -0.000168, 0.001144 
15994809180268, 0.000534, -0.000168, -0.000076 
15994828986176, -0.000702, 0.001053, -0.000076 
15994848792084, 0.000534, -0.000168, -0.000076 
15994868628510, 0.000534, -0.001404, 0.001144 
15994888434418, 0.000534, -0.001404, 0.001144 
15994908240326, 0.000534, -0.000168, 0.001144 
15994928076752, 0.000534, -0.000168, -0.000076 
15994947882660, 0.000534, -0.000168, -0.000076 
15994967688568, 0.000534, -0.000168, -0.001297 
15994987524994, 0.000534, -0.001404, -0.000076 
15995007330902, 0.000534, -0.001404, -0.000076 
15995027167328, 0.000534, -0.000168, 0.001144 
15995047003754, 0.000534, -0.000168, -0.000076 
15995066809662, 0.000534, -0.000168, -0.000076 
15995086615570, 0.000534, -0.000168, -0.000076 
15995106451996, 0.000534, -0.000168, -0.000076 
15995126257904, 0.000534, -0.000168, -0.000076 
15995146063813, 0.000534, -0.000168, 0.001144 
15995165900238, 0.000534, -0.000168, 0.001144 
15995185706147, 0.000534, -0.000168, 0.001144 
15995205512055, 0.000534, -0.000168, -0.000076 
15995225348480, 0.000534, -0.000168, -0.000076 
15995245154389, -0.000702, 0.001053, -0.000076 
15995264960297, 0.000534, -0.000168, -0.000076 
15995284796723, 0.000534, -0.000168, 0.001144 
15995304633148, 0.000534, -0.000168, 0.001144 
15995324439057, 0.000534, -0.000168, 0.001144 
15995344275482, 0.000534, -0.000168, -0.000076 
15995364081391, 0.000534, -0.000168, -0.001297 
15995383887299, 0.000534, -0.000168, -0.000076 
15995403723725, 0.000534, -0.000168, 0.001144 
15995423529633, 0.000534, -0.000168, 0.001144 
15995443335541, -0.000702, -0.000168, -0.000076 
15995463171967, 0.000534, 0.001053, -0.000076 
15995482977875, 0.000534, -0.000168, -0.000076 
15995502783783, 0.000534, -0.000168, -0.000076 
15995522620209, 0.000534, -0.000168, -0.000076 
15995542426117, 0.000534, -0.000168, -0.000076 
15995562232025, 0.000534, -0.000168, -0.000076 
15995582068451, 0.000534, -0.000168, -0.000076 
15995601904877, 0.000534, -0.000168, -0.000076 
15995621710785, 0.000534, -0.000168, 0.001144 
15995641547211, -0.000702, -0.000168, 0.001144 
15995661353119, 0.000534, -0.000168, -0.000076 
15995681159027, 0.000534, -0.000168, -0.000076 
15995700995453, 0.000534, -0.000168, -0.000076 
15995720801361, 0.000534, -0.000168, -0.000076 
15995740607270, 0.000534, -0.000168, -0.000076 
15995760443695, -0.000702, -0.000168, 0.001144 
15995780249604, 0.000534, -0.000168, -0.000076 
15995800055512, 0.000534, -0.000168, -0.000076 
15995819891938, 0.000534, -0.000168, 0.001144 
15995839697846, 0.000534, -0.000168, 0.002365 
15995859503754, 0.000198, -0.002289, 0.003235 
15995879340180, 0.000198, 0.000153, 0.000793 
15995899176605, 0.000198, 0.000153, 0.000793 
15995918982514, 0.000198, 0.002594, -0.001648 
15995938818939, 0.001404, 0.001373, -0.000427 
15995958624848, 0.002640, 0.000153, -0.000427 
15995978430756, 0.002640, 0.001373, 0.000793 
15995998267182, 0.002640, 0.000153, 0.000793 
15996018073090, 0.000198, -0.001083, 0.000793 
15996037878998, 0.000198, 0.000153, -0.000427 
15996057715424, 0.000198, 0.000153, -0.001648 
15996077521332, -0.001038, 0.000153, -0.001648 
15996097327240, 0.001404, 0.000153, 0.000793 
15996117163666, -0.001038, -0.002289, 0.002014 
15996136969574, -0.001038, -0.002289, 0.002014 
15996156775482, 0.001404, -0.003525, 0.000793 
15996176611908, 0.002640, -0.003525, -0.000427 
15996196448334, 0.002640, -0.001083, -0.001648 
15996216254242, 0.001404, 0.001373, -0.001648 
15996236090668, 0.000198, 0.000153, 0.000793 
15996255896576, 0.000198, 0.000153, 0.000793 
15996275702484, 0.000198, 0.001373, -0.000427 
15996295538910, 0.000198, 0.000153, -0.000427 
15996315344818, -0.001038, 0.001373, -0.001648 
15996335150727, -0.001038, 0.001373, -0.001648 
15996354987152, 0.000198, -0.002289, -0.000427 
15996374793061, -0.002258, -0.002289, 0.000793 
15996394598969, -0.002258, -0.002289, 0.000793 
15996414435395, -0.002258, 0.001373, -0.001648 
15996434241303, -0.002258, 0.000153, -0.001648 
15996454077729, -0.001038, 0.000153, -0.001648 
15996473914154, -0.002258, 0.002594, -0.001648 
15996493720063, 0.000198, 0.002594, -0.001648 
15996513525971, 0.000198, 0.001373, -0.002884 
15996533362397, -0.002258, 0.002594, -0.001648 
15996553168305, -0.001038, -0.001083, -0.000427 
15996572974213, -0.002258, 0.000153, -0.000427 
15996592810639, -0.001038, 0.000153, -0.000427 
15996612616547, -0.002258, 0.003830, -0.000427 
15996632422455, -0.003479, 0.002594, 0.000793 
15996652258881, -0.001038, 0.000153, -0.000427 
15996672064789, -0.001038, 0.001373, -0.000427 
15996691870697, -0.001038, 0.001373, -0.001648 
15996711676605, 0.000198, 0.000153, -0.001648 
15996731513031, -0.001038, 0.001373, -0.002884 
15996751349457, -0.001038, 0.003830, -0.002884 
15996771185883, 0.000198, 0.003830, -0.001648 
15996790991791, -0.001038, 0.005035, -0.002884 
15996810797699, -0.002258, 0.002594, -0.001648 
15996830634125, -0.001038, -0.001083, -0.000427 
15996850440033, 0.000198, -0.001083, -0.000427 
15996870245941, 0.000198, 0.000153, -0.001648 
15996890082367, 0.000198, 0.000153, -0.000427 
15996909888275, 0.000198, 0.000153, 0.000793 
15996929694184, 0.000198, 0.000153, -0.000427 
15996949530609, 0.001404, -0.001083, 0.000793 
15996969336518, -0.001038, -0.003525, 0.000793 
15996989142426, 0.001404, -0.003525, -0.000427 
15997008978852, 0.000198, 0.000153, -0.001648 
15997028815277, -0.001038, 0.000153, -0.000427 
15997048621186, 0.000198, 0.000153, 0.000793 
15997068457611, 0.000198, 0.000153, -0.000427 
15997088263520, -0.001038, 0.000153, -0.000427 
15997108069428, 0.000198, 0.000153, -0.001648 
15997127905854, 0.000198, 0.000153, -0.001648 
15997147711762, 0.001404, -0.001083, 0.000793 
15997167517670, 0.001404, -0.001083, -0.000427 
15997187354096, 0.000198, 0.000153, 0.000793 
15997207160004, 0.000198, 0.000153, -0.000427 
15997226965912, 0.000198, 0.000153, -0.001648 
15997246802338, -0.001038, 0.001373, -0.001648 
15997266608246, -0.001038, 0.003830, -0.002884 
15997286414154, -0.001038, 0.002594, -0.000427 
15997306250580, 0.000198, -0.001083, 0.000793 
15997326087006, 0.000198, 0.000153, -0.000427 
15997345892914, 0.000198, 0.000153, -0.000427 
15997365729340, 0.000198, -0.001083, -0.000427 
15997385535248, 0.001404, 0.000153, -0.001648 
15997405341156, 0.000198, 0.000153, 0.000793 
15997425177582, -0.001038, -0.001083, 0.002014 
15997444983490, 0.000198, 0.000153, 0.000793 
15997464789398, 0.000198, 0.000153, -0.000427 
15997484625824, 0.000198, -0.001083, -0.000427 
15997504431732, 0.000198, -0.002289, -0.000427 
15997524237641, 0.000198, 0.000153, -0.001648 
15997544074066, 0.000198, 0.000153, -0.000427 
15997563879975, 0.000198, 0.000153, 0.000793 
15997583685883, 0.000198, 0.000153, 0.000793 
15997603522309, 0.000198, 0.000153, 0.000793 
15997623358734, -0.001038, 0.000153, -0.000427 
15997643164643, -0.001038, 0.000153, 0.000793 
15997662970551, -0.001038, 0.000153, -0.000427 
15997682806977, 0.000198, -0.001083, -0.000427 
15997702612885, -0.001038, 0.000153, -0.000427 
15997722418793, 0.000198, 0.000153, 0.000793 
15997742255219, 0.000198, 0.000153, -0.000427 
15997762061127, 0.000198, 0.001373, -0.001648 
15997781897553, 0.001404, 0.002594, -0.001648 
15997801703461, -0.001038, 0.001373, -0.000427 
15997821509369, 0.001404, 0.000153, -0.000427 
15997841345795, 0.000198, -0.001083, 0.000793 
15997861151703, 0.000198, 0.000153, 0.000793 
15997880988129, 0.000198, 0.000153, -0.000427 
15997900824555, -0.001038, 0.000153, -0.000427 
15997920630463, 0.000198, 0.000153, -0.000427 
15997940436371, -0.001038, 0.001373, -0.000427 
15997960272797, 0.000198, 0.000153, -0.000427 
15997980078705, 0.000198, 0.000153, 0.000793 
15997999884613, 0.000198, 0.000153, 0.000793 
15998019721039, 0.001404, 0.000153, 0.000793 
15998039526947, -0.001038, 0.001373, 0.003235 
15998059332855, 0.002640, -0.004730, 0.004456 
15998079169281, -0.001038, 0.001373, 0.005676 
15998098975189, 0.000198, 0.000153, 0.003235 
15998118781098, 0.001404, 0.000153, -0.000427 
15998138617523, 0.000198, 0.000153, -0.000427 
15998158423432, 0.000198, 0.000153, -0.000427 
15998178259857, 0.000198, 0.000153, -0.000427 
15998198096283, 0.000198, 0.000153, -0.000427 
15998217902191, 0.000198, 0.000153, -0.000427 
15998237708100, 0.001404, 0.001373, -0.000427 
15998257544525, 0.008728, 0.002594, -0.000427 
15998277350434, 0.000198, 0.001373, 0.017899 
15998297156342, -0.001038, -0.001083, 0.005676 
15998316992768, -0.003479, -0.001083, 0.006912 
15998336798676, -0.004700, -0.001083, -0.002884 
