# Created at Tue Jun 08 20:51:44 GMT+02:00 2021 in Copenhagen 
18661053038211, -28.764343, -49.339294, -98.365784 
18661072905154, -29.518127, -49.485779, -98.365784 
18661092772098, -29.518127, -49.485779, -98.365784 
18661112639041, -29.216003, -49.487305, -98.364258 
18661132505984, -29.216003, -49.487305, -98.364258 
18661152403445, -29.216003, -49.337769, -98.513794 
18661172270389, -29.216003, -49.337769, -98.513794 
18661192137332, -29.216003, -49.337769, -98.513794 
18661212034793, -29.216003, -49.337769, -98.513794 
18661231901736, -29.518127, -49.334717, -98.664856 
18661251768680, -29.519653, -49.334717, -98.814392 
18661271635623, -29.519653, -49.333191, -99.111938 
18661291502566, -29.521179, -49.183655, -99.111938 
18661311369510, -29.521179, -49.183655, -99.111938 
18661331236453, -29.521179, -49.183655, -99.261475 
18661351103396, -29.219055, -49.185181, -99.110413 
18661370970340, -29.220581, -49.183655, -99.559021 
18661390837283, -29.672241, -49.180603, -99.560547 
18661410704226, -29.220581, -49.183655, -99.559021 
18661430571170, -28.767395, -49.186707, -99.259949 
18661450438113, -28.767395, -49.186707, -99.259949 
18661470305057, -28.767395, -49.186707, -99.110413 
18661490202517, -28.767395, -49.035645, -99.110413 
18661510069461, -28.767395, -49.186707, -99.110413 
18661529936404, -28.767395, -49.186707, -99.110413 
18661549803348, -28.767395, -49.186707, -99.110413 
18661569670291, -28.767395, -49.188232, -98.812866 
18661589537234, -28.767395, -49.188232, -98.812866 
18661609404178, -28.767395, -49.188232, -98.812866 
18661629271121, -28.767395, -49.188232, -98.812866 
18661649138064, -28.767395, -49.188232, -98.812866 
18661669005008, -28.767395, -49.188232, -98.812866 
18661688871951, -28.765869, -49.188232, -98.663330 
18661708738894, -28.767395, -49.188232, -98.812866 
18661728605838, -28.767395, -49.188232, -98.812866 
18661748472781, -29.069519, -49.186707, -98.812866 
18661768339724, -29.069519, -49.186707, -98.812866 
18661788237185, -29.069519, -49.186707, -98.812866 
18661808104129, -29.069519, -49.186707, -98.812866 
18661827971072, -29.219055, -49.186707, -98.812866 
18661847868533, -29.066467, -49.336243, -98.663330 
18661867735476, -29.066467, -49.485779, -98.661804 
18661887602420, -29.066467, -49.487305, -98.512268 
18661907469363, -29.066467, -49.337769, -98.513794 
18661927336307, -29.066467, -49.337769, -98.513794 
18661947203250, -28.764343, -49.339294, -98.513794 
18661967070193, -29.066467, -49.337769, -98.513794 
18661986937137, -29.216003, -49.337769, -98.513794 
18662006804080, -29.066467, -49.337769, -98.513794 
18662026671023, -29.067993, -49.188232, -98.513794 
18662046537967, -28.765869, -49.038696, -98.513794 
18662066435428, -28.765869, -49.038696, -98.513794 
18662086302371, -28.765869, -49.038696, -98.513794 
18662106169314, -28.765869, -49.038696, -98.513794 
18662126036258, -28.765869, -49.038696, -98.513794 
18662145903201, -28.765869, -49.038696, -98.513794 
18662165770144, -28.765869, -49.189758, -98.513794 
18662185637088, -28.767395, -49.188232, -98.812866 
18662205504031, -28.764343, -49.638367, -99.108887 
18662225370974, -28.611755, -50.387573, -99.105835 
18662245237918, -28.613281, -50.086975, -99.107361 
18662265074344, -28.614807, -49.787903, -99.107361 
18662284941287, -28.614807, -49.787903, -99.107361 
18662304808230, -28.614807, -49.787903, -99.107361 
18662324675174, -28.614807, -49.787903, -99.107361 
18662344572635, -28.614807, -49.639893, -98.811340 
18662364439578, -28.613281, -49.789429, -98.660278 
18662384306521, -28.616333, -49.189758, -98.365784 
18662404173465, -28.616333, -49.191284, -98.214722 
18662424040408, -28.613281, -49.195862, -96.873474 
18662443937869, -28.614807, -49.194336, -97.470093 
18662463804812, -28.764343, -49.192810, -97.767639 
18662483671756, -28.764343, -49.192810, -97.767639 
18662503538699, -28.764343, -49.192810, -97.767639 
18662523405642, -28.764343, -49.192810, -97.767639 
18662543272586, -28.764343, -49.192810, -97.767639 
18662563139529, -28.764343, -49.192810, -97.767639 
18662583006473, -28.765869, -49.189758, -98.365784 
18662602873416, -28.765869, -49.188232, -98.663330 
18662622740359, -28.765869, -49.038696, -98.365784 
18662642637820, -28.765869, -49.038696, -98.513794 
18662662504764, -28.765869, -49.038696, -98.513794 
18662682371707, -28.765869, -49.037170, -98.663330 
18662702238650, -28.765869, -49.037170, -98.663330 
18662722105594, -28.765869, -49.037170, -98.663330 
18662741972537, -28.616333, -49.037170, -98.663330 
18662761839480, -28.616333, -49.037170, -98.663330 
18662781706424, -28.616333, -49.037170, -98.663330 
18662801603885, -28.765869, -49.188232, -98.663330 
18662821470828, -29.064941, -49.787903, -98.660278 
18662841337771, -28.610229, -50.239563, -98.658752 
18662861204715, -28.613281, -49.641418, -98.512268 
18662881071658, -28.613281, -49.641418, -98.512268 
18662900969119, -28.762817, -49.790955, -98.510742 
18662920866580, -28.762817, -49.790955, -98.510742 
18662940733523, -28.762817, -49.790955, -98.510742 
18662960600467, -28.762817, -49.790955, -98.510742 
18662980467410, -28.762817, -49.790955, -98.510742 
18663000334353, -28.762817, -49.641418, -98.512268 
18663020201297, -28.762817, -49.641418, -98.512268 
18663040068240, -28.764343, -49.488831, -98.512268 
18663059904666, -28.764343, -49.339294, -98.513794 
18663079771609, -28.765869, -49.189758, -98.513794 
18663099638553, -29.067993, -49.188232, -98.513794 
18663119505496, -28.765869, -49.189758, -98.513794 
18663139372439, -28.617859, -48.739624, -98.515320 
18663159239383, -28.617859, -48.739624, -98.515320 
18663179106326, -28.617859, -48.739624, -98.515320 
18663198973269, -28.617859, -48.739624, -98.515320 
18663218901248, -28.767395, -48.739624, -98.515320 
18663238768191, -28.765869, -49.038696, -98.513794 
18663258635135, -28.765869, -49.038696, -98.513794 
18663278502078, -28.616333, -49.038696, -98.513794 
18663298369021, -29.217529, -49.037170, -98.513794 
18663318266482, -29.217529, -49.037170, -98.513794 
18663338133426, -29.219055, -49.035645, -98.812866 
18663358000369, -29.219055, -48.585510, -98.666382 
18663377867312, -29.219055, -48.736572, -98.664856 
18663397734256, -29.219055, -49.035645, -98.812866 
18663417601199, -28.765869, -49.485779, -99.258423 
18663437468142, -28.761292, -50.238037, -99.255371 
18663457335086, -29.212952, -50.236511, -99.105835 
18663477202029, -28.761292, -50.238037, -99.105835 
18663497099490, -28.761292, -50.238037, -99.105835 
18663516966433, -28.761292, -50.239563, -98.808289 
18663536833377, -28.759766, -50.239563, -98.658752 
18663556700320, -28.762817, -49.789429, -98.660278 
18663576567264, -28.764343, -49.487305, -98.661804 
18663596434207, -28.761292, -50.088501, -98.660278 
18663616301150, -28.614807, -49.337769, -98.663330 
18663636168094, -28.614807, -49.487305, -98.661804 
18663656035037, -28.614807, -49.337769, -98.663330 
18663675901980, -28.462219, -49.339294, -98.661804 
18663695768924, -28.462219, -49.339294, -98.661804 
18663715635867, -28.462219, -49.339294, -98.661804 
18663735502810, -28.462219, -49.488831, -98.660278 
18663755369754, -28.462219, -49.488831, -98.660278 
18663775267215, -28.462219, -49.488831, -98.660278 
18663795134158, -28.462219, -49.488831, -98.660278 
18663815001101, -28.462219, -49.488831, -98.660278 
18663834868045, -28.462219, -49.488831, -98.660278 
18663854734988, -28.462219, -49.488831, -98.660278 
18663874601932, -28.462219, -49.488831, -98.660278 
18663894468875, -28.462219, -49.488831, -98.660278 
18663914335818, -28.462219, -49.488831, -98.660278 
18663934202762, -28.462219, -49.488831, -98.660278 
18663954069705, -28.462219, -49.488831, -98.660278 
18663973936648, -28.462219, -49.488831, -98.660278 
18663993803592, -28.462219, -49.339294, -98.661804 
18664013670535, -28.462219, -49.340820, -98.512268 
18664033537478, -28.462219, -49.340820, -98.512268 
18664053404422, -28.462219, -49.340820, -98.512268 
18664073301883, -28.614807, -49.339294, -98.513794 
18664093168826, -28.614807, -49.339294, -98.513794 
18664113035769, -28.614807, -49.339294, -98.513794 
18664132933230, -28.614807, -49.339294, -98.365784 
18664152800174, -28.764343, -49.339294, -98.365784 
18664172667117, -28.614807, -49.339294, -98.365784 
18664192534060, -28.614807, -49.339294, -98.365784 
18664212401004, -28.614807, -49.339294, -98.365784 
18664232267947, -28.614807, -49.339294, -98.365784 
18664252134891, -28.614807, -49.340820, -98.214722 
18664272001834, -28.614807, -49.340820, -98.214722 
18664291868777, -28.614807, -49.340820, -98.214722 
18664311735721, -28.614807, -49.340820, -98.214722 
18664331602664, -28.614807, -49.340820, -98.214722 
18664351500125, -28.614807, -49.340820, -98.214722 
18664371367068, -28.614807, -49.340820, -98.214722 
18664391234012, -28.614807, -49.490356, -98.213196 
18664411100955, -28.613281, -49.491882, -97.766113 
18664430967898, -28.613281, -49.491882, -97.766113 
18664450834842, -28.614807, -49.490356, -98.213196 
18664470701785, -28.614807, -49.490356, -98.213196 
18664490568728, -28.614807, -49.488831, -98.364258 
18664510435672, -28.614807, -49.487305, -98.661804 
18664530302615, -28.765869, -49.487305, -98.811340 
18664550169558, -29.519653, -49.484253, -98.812866 
18664570036502, -29.066467, -49.485779, -98.661804 
18664589903445, -29.067993, -49.485779, -98.811340 
18664609770389, -29.067993, -49.485779, -98.811340 
18664629637332, -29.067993, -49.485779, -98.811340 
18664649504275, -29.067993, -49.485779, -98.811340 
18664669371219, -29.067993, -49.485779, -98.811340 
18664689238162, -28.617859, -49.188232, -98.812866 
18664709105105, -28.767395, -49.188232, -98.812866 
18664728972049, -28.768921, -48.738098, -98.814392 
18664748838992, -28.765869, -49.337769, -98.812866 
18664768736453, -28.765869, -49.337769, -98.812866 
18664788603396, -28.765869, -49.337769, -98.812866 
18664808470340, -28.764343, -49.339294, -98.513794 
18664828337283, -28.764343, -49.339294, -98.513794 
18664848204226, -28.764343, -49.337769, -98.663330 
18664868071170, -28.764343, -49.337769, -98.663330 
18664887938113, -28.764343, -49.337769, -98.663330 
18664907805057, -28.764343, -49.337769, -98.663330 
18664927702517, -28.764343, -49.337769, -98.663330 
18664947569461, -28.764343, -49.337769, -98.663330 
18664967466922, -28.764343, -49.337769, -98.663330 
18664987333865, -28.764343, -49.337769, -98.663330 
18665007200808, -28.764343, -49.337769, -98.663330 
18665027067752, -28.764343, -49.337769, -98.663330 
18665046934695, -28.764343, -49.337769, -98.663330 
18665066801639, -28.764343, -49.337769, -98.663330 
18665086668582, -28.764343, -49.337769, -98.663330 
18665106535525, -28.764343, -49.337769, -98.663330 
18665126402469, -28.764343, -49.337769, -98.663330 
18665146269412, -28.764343, -49.337769, -98.663330 
18665166136355, -28.764343, -49.337769, -98.663330 
18665186003299, -28.764343, -49.337769, -98.663330 
18665205900760, -28.764343, -49.337769, -98.663330 
18665225767703, -28.614807, -49.337769, -98.663330 
18665245634646, -28.613281, -49.639893, -98.661804 
18665265501590, -28.764343, -49.487305, -98.661804 
18665285368533, -28.764343, -49.487305, -98.661804 
18665305235476, -28.764343, -49.487305, -98.661804 
18665325102420, -28.764343, -49.337769, -98.663330 
18665344969363, -28.764343, -49.337769, -98.663330 
18665364836307, -28.764343, -49.337769, -98.663330 
18665384703250, -28.764343, -49.337769, -98.663330 
18665404570193, -28.764343, -49.337769, -98.663330 
18665424437137, -28.764343, -49.337769, -98.663330 
18665444304080, -28.764343, -49.337769, -98.663330 
18665464171023, -28.764343, -49.337769, -98.663330 
18665484068484, -28.764343, -49.337769, -98.663330 
18665503965945, -28.764343, -49.337769, -98.663330 
18665523832889, -28.764343, -49.339294, -98.513794 
18665543699832, -29.066467, -49.337769, -98.513794 
18665563566775, -29.066467, -49.337769, -98.513794 
18665583433719, -28.614807, -49.488831, -98.512268 
18665603300662, -28.764343, -49.488831, -98.512268 
18665623167605, -28.762817, -49.790955, -98.510742 
18665643034549, -28.762817, -49.790955, -98.510742 
18665662901492, -28.762817, -49.790955, -98.510742 
18665682768435, -28.762817, -49.790955, -98.510742 
18665702635379, -28.762817, -49.790955, -98.510742 
18665722502322, -28.762817, -49.790955, -98.510742 
18665742369266, -28.764343, -49.337769, -98.663330 
18665762236209, -28.764343, -49.337769, -98.663330 
18665782133670, -28.764343, -49.337769, -98.663330 
18665802000613, -28.764343, -49.337769, -98.663330 
18665821867557, -28.764343, -49.337769, -98.663330 
18665841734500, -28.764343, -49.337769, -98.663330 
18665861601443, -28.764343, -49.337769, -98.663330 
18665881468387, -28.764343, -49.337769, -98.663330 
18665901335330, -28.764343, -49.339294, -98.513794 
18665921202273, -28.765869, -49.189758, -98.365784 
18665941069217, -28.616333, -49.189758, -98.365784 
18665960936160, -28.616333, -49.038696, -98.365784 
18665980803103, -28.616333, -49.038696, -98.365784 
18666000670047, -28.617859, -48.739624, -98.367310 
18666020536990, -28.616333, -49.038696, -98.365784 
18666040403933, -28.616333, -49.038696, -98.365784 
18666060270877, -28.616333, -49.038696, -98.365784 
18666080168338, -28.765869, -49.038696, -98.365784 
18666100035281, -28.765869, -49.038696, -98.365784 
18666119902224, -28.613281, -49.790955, -98.362732 
18666139769168, -28.613281, -49.790955, -98.362732 
18666159636111, -28.611755, -50.090027, -98.510742 
18666179503055, -28.613281, -49.790955, -98.510742 
18666199369998, -28.613281, -49.789429, -98.660278 
18666219236941, -28.613281, -49.789429, -98.660278 
18666239134402, -28.460693, -49.790955, -98.658752 
18666259001346, -28.161621, -49.792480, -98.658752 
18666278868289, -28.161621, -49.792480, -98.658752 
18666298735232, -28.010559, -49.794006, -98.509216 
18666318602176, -28.460693, -49.792480, -98.361206 
18666338469119, -28.161621, -49.795532, -98.210144 
18666358366580, -27.714539, -49.191284, -99.256897 
18666378233523, -27.713013, -49.194336, -98.510742 
18666398100467, -27.713013, -49.194336, -98.510742 
18666417967410, -27.713013, -49.194336, -98.510742 
18666437834353, -28.013611, -49.192810, -98.512268 
18666457701297, -28.164673, -49.192810, -98.512268 
18666477568240, -28.164673, -49.192810, -98.512268 
18666497435183, -28.164673, -49.192810, -98.512268 
18666517302127, -28.164673, -49.192810, -98.512268 
18666537169070, -28.463745, -49.191284, -98.512268 
18666557036014, -28.616333, -49.189758, -98.513794 
18666576902957, -28.765869, -49.188232, -98.663330 
18666596769900, -28.616333, -49.188232, -98.663330 
18666616636844, -28.616333, -49.188232, -98.663330 
18666636534305, -28.616333, -49.188232, -98.663330 
18666656401248, -28.616333, -49.188232, -98.663330 
18666676268191, -28.614807, -49.337769, -98.663330 
18666696135135, -28.614807, -49.488831, -98.364258 
18666716002078, -28.614807, -49.340820, -98.214722 
18666735899539, -28.614807, -49.339294, -98.513794 
18666755766482, -28.614807, -49.339294, -98.513794 
18666775633426, -28.764343, -49.339294, -98.513794 
