2072379761955 -0.094720 -0.100299 9.805679  
2072399567863 -0.094274 -0.099668 9.805691  
2072419404289 -0.094282 -0.099505 9.805692  
2072439210197 -0.094971 -0.099346 9.805687  
2072459016105 -0.093727 -0.098211 9.805710  
2072478852531 -0.093082 -0.098108 9.805717  
2072498658439 -0.093683 -0.098639 9.805706  
2072518494865 -0.093582 -0.099192 9.805702  
2072538300773 -0.094438 -0.100109 9.805684  
2072558106681 -0.094985 -0.100830 9.805672  
2072577912590 -0.090936 -0.098319 9.805737  
2072597749015 -0.092021 -0.099571 9.805714  
2072617554924 -0.092514 -0.099742 9.805707  
2072637360832 -0.093475 -0.100627 9.805688  
2072657197258 -0.095744 -0.102751 9.805645  
2072677033683 -0.095070 -0.101886 9.805660  
2072696870109 -0.094740 -0.100757 9.805675  
2072716676017 -0.095784 -0.101285 9.805659  
2072736481926 -0.096676 -0.101624 9.805647  
2072756318351 -0.097119 -0.101850 9.805640  
2072776124260 -0.098777 -0.102724 9.805614  
2072795930168 -0.099744 -0.103019 9.805602  
2072815766594 -0.100429 -0.103135 9.805593  
2072835572502 -0.101336 -0.103593 9.805579  
2072855378410 -0.100131 -0.102686 9.805601  
2072875214836 -0.099533 -0.101930 9.805615  
2072895020744 -0.099520 -0.101867 9.805616  
2072914826652 -0.098941 -0.101852 9.805622  
2072934663078 -0.097201 -0.101148 9.805647  
2072954499504 -0.100951 -0.103547 9.805584  
2072974305412 -0.098559 -0.101825 9.805626  
2072994141838 -0.096827 -0.100644 9.805655  
2073013947746 -0.101359 -0.103913 9.805575  
2073033753654 -0.099926 -0.102924 9.805601  
2073053590080 -0.099629 -0.103437 9.805598  
2073073395988 -0.102612 -0.106245 9.805537  
2073093201896 -0.098591 -0.103128 9.805612  
2073113038322 -0.099225 -0.103507 9.805602  
2073132844230 -0.099848 -0.104061 9.805591  
2073152650138 -0.098556 -0.103159 9.805613  
2073172486564 -0.099121 -0.103254 9.805605  
2073192292472 -0.100652 -0.104009 9.805583  
2073212098381 -0.100789 -0.104450 9.805575  
2073231934806 -0.101399 -0.105306 9.805561  
2073251771232 -0.101449 -0.105517 9.805557  
2073271577140 -0.100596 -0.105761 9.805564  
2073291413566 -0.101568 -0.106635 9.805544  
2073311219474 -0.102918 -0.107266 9.805524  
2073331025383 -0.103540 -0.107322 9.805516  
2073350861808 -0.105264 -0.108014 9.805490  
2073370667717 -0.106732 -0.108505 9.805470  
2073390473625 -0.107033 -0.108792 9.805463  
2073410310051 -0.108143 -0.109835 9.805439  
2073430115959 -0.107616 -0.109546 9.805448  
2073449921867 -0.106531 -0.108861 9.805467  
2073469758293 -0.107391 -0.109175 9.805455  
2073489564201 -0.107411 -0.108823 9.805458  
2073509400627 -0.106434 -0.108274 9.805475  
2073529237053 -0.106138 -0.108152 9.805480  
2073549042961 -0.104938 -0.107442 9.805500  
2073568848869 -0.103584 -0.106975 9.805519  
2073588685295 -0.103348 -0.107139 9.805521  
2073608491203 -0.102533 -0.106350 9.805537  
2073628297111 -0.102653 -0.106412 9.805535  
2073648133537 -0.103779 -0.106808 9.805520  
2073667939445 -0.102637 -0.105947 9.805540  
2073687745353 -0.102702 -0.106121 9.805538  
2073707581779 -0.106060 -0.108216 9.805480  
2073727387687 -0.105703 -0.107938 9.805487  
2073747193595 -0.106060 -0.108567 9.805476  
2073767030021 -0.108817 -0.110503 9.805424  
2073786835929 -0.107932 -0.110054 9.805439  
2073806672355 -0.108314 -0.110175 9.805433  
2073826508781 -0.108538 -0.110088 9.805431  
2073846314689 -0.107869 -0.109640 9.805444  
2073866151115 -0.108383 -0.109876 9.805435  
2073885957023 -0.108721 -0.110129 9.805429  
2073905762931 -0.108109 -0.109930 9.805438  
2073925599357 -0.108744 -0.110292 9.805428  
2073945405265 -0.108622 -0.110135 9.805430  
2073965211174 -0.108066 -0.109818 9.805440  
2073985047599 -0.108927 -0.110362 9.805424  
2074004853508 -0.108379 -0.109965 9.805435  
2074024659416 -0.107793 -0.109781 9.805444  
2074044495842 -0.109425 -0.110339 9.805419  
2074064301750 -0.109689 -0.110429 9.805415  
2074084138176 -0.108723 -0.110115 9.805429  
2074103974601 -0.109598 -0.110513 9.805415  
2074123780510 -0.108847 -0.110042 9.805429  
2074143586418 -0.108989 -0.110278 9.805425  
2074163422844 -0.109577 -0.110334 9.805417  
2074183228752 -0.108916 -0.110089 9.805428  
2074203034660 -0.109275 -0.110162 9.805423  
2074222871086 -0.110888 -0.111145 9.805393  
2074242676994 -0.106963 -0.108205 9.805470  
2074262482902 -0.109306 -0.110057 9.805423  
2074282319328 -0.110341 -0.110549 9.805406  
2074302125236 -0.109226 -0.109920 9.805426  
2074321931144 -0.110524 -0.110196 9.805408  
2074341767570 -0.111553 -0.110379 9.805394  
2074361573478 -0.108070 -0.108246 9.805457  
