# Created at Tue Jun 01 15:57:48 GMT+02:00 2021 in Burnaby Canada 
2070417725822 -0.005201 -0.005191 0.999967 0.003384 
2070437592765 -0.005220 -0.005191 0.999967 0.003400 
2070457459709 -0.005204 -0.005224 0.999967 0.003387 
2070477357170 -0.005198 -0.005238 0.999967 0.003382 
2070497224113 -0.005176 -0.005228 0.999967 0.003363 
2070517091056 -0.005170 -0.005233 0.999967 0.003358 
2070536958000 -0.005166 -0.005231 0.999967 0.003355 
2070556824943 -0.005172 -0.005262 0.999967 0.003360 
2070576722404 -0.005159 -0.005249 0.999967 0.003349 
2070596589347 -0.005179 -0.005245 0.999967 0.003366 
2070616456291 -0.005182 -0.005225 0.999967 0.003369 
2070636323234 -0.005178 -0.005215 0.999967 0.003364 
2070656220695 -0.005197 -0.005238 0.999967 0.003381 
2070676118156 -0.005200 -0.005243 0.999967 0.003383 
2070695985099 -0.005219 -0.005265 0.999967 0.003400 
2070715852043 -0.005228 -0.005260 0.999967 0.003407 
2070735718986 -0.005228 -0.005256 0.999967 0.003407 
2070755585929 -0.005220 -0.005268 0.999967 0.003400 
2070775483390 -0.005221 -0.005255 0.999967 0.003401 
2070795350334 -0.005213 -0.005260 0.999967 0.003395 
2070815217277 -0.005207 -0.005272 0.999967 0.003389 
2070835084220 -0.005200 -0.005267 0.999967 0.003384 
2070854951164 -0.005202 -0.005271 0.999967 0.003386 
2070874848625 -0.005213 -0.005249 0.999967 0.003394 
2070894715568 -0.005206 -0.005238 0.999967 0.003389 
2070914582512 -0.005192 -0.005244 0.999967 0.003377 
2070934479972 -0.005170 -0.005249 0.999967 0.003358 
2070954377433 -0.005191 -0.005214 0.999967 0.003376 
2070974244377 -0.005194 -0.005221 0.999967 0.003379 
2070994111320 -0.005181 -0.005220 0.999967 0.003367 
2071013978263 -0.005152 -0.005219 0.999968 0.003343 
2071033845207 -0.005133 -0.005218 0.999968 0.003327 
2071053742668 -0.005124 -0.005217 0.999968 0.003319 
2071073609611 -0.005147 -0.005232 0.999968 0.003339 
2071093476554 -0.005129 -0.005238 0.999968 0.003324 
2071113343498 -0.005120 -0.005228 0.999968 0.003316 
2071133210441 -0.005120 -0.005218 0.999968 0.003316 
2071153107902 -0.005111 -0.005226 0.999968 0.003309 
2071172974845 -0.005119 -0.005200 0.999968 0.003315 
2071192841789 -0.005103 -0.005176 0.999968 0.003301 
2071212708732 -0.005120 -0.005202 0.999968 0.003316 
2071232636711 -0.005137 -0.005219 0.999968 0.003330 
2071252503654 -0.005111 -0.005234 0.999968 0.003309 
2071272370597 -0.005111 -0.005240 0.999968 0.003309 
2071292237541 -0.005111 -0.005221 0.999968 0.003309 
2071312135002 -0.005112 -0.005229 0.999968 0.003310 
2071332001945 -0.005137 -0.005227 0.999968 0.003330 
2071351868888 -0.005128 -0.005234 0.999968 0.003323 
2071371735832 -0.005144 -0.005241 0.999967 0.003336 
2071391602775 -0.005150 -0.005230 0.999967 0.003342 
2071411500236 -0.005149 -0.005213 0.999968 0.003340 
2071431367179 -0.005131 -0.005221 0.999968 0.003325 
2071451234123 -0.005154 -0.005204 0.999968 0.003345 
2071471101066 -0.005150 -0.005194 0.999968 0.003341 
2071490998527 -0.004983 -0.005105 0.999969 0.003200 
2071510895988 -0.005358 -0.005391 0.999965 0.003518 
2071530762931 -0.005078 -0.005194 0.999969 0.003101 
2071550629875 -0.004845 -0.005053 0.999972 0.002739 
2071570496818 -0.005110 -0.005244 0.999969 0.002804 
2071590394279 -0.005295 -0.005417 0.999967 0.002814 
2071610291740 -0.005002 -0.005192 0.999971 0.002438 
2071630158683 -0.004864 -0.005108 0.999973 0.002199 
2071650025627 -0.005203 -0.005353 0.999969 0.002335 
2071669923088 -0.005208 -0.005373 0.999970 0.002213 
2071689790031 -0.004827 -0.005082 0.999974 0.001794 
2071709656974 -0.005016 -0.005227 0.999972 0.001840 
2071729523918 -0.005281 -0.005394 0.999970 0.001951 
2071749421379 -0.004963 -0.005112 0.999973 0.001611 
2071769227287 -0.004984 -0.005148 0.999973 0.001548 
2071789124748 -0.005326 -0.005401 0.999970 0.001741 
2071809022209 -0.005072 -0.005210 0.999972 0.001473 
2071828889152 -0.004922 -0.005123 0.999974 0.001507 
2071848756095 -0.005259 -0.005408 0.999970 0.001912 
2071868623039 -0.005103 -0.005265 0.999971 0.001922 
2071888489982 -0.004894 -0.005126 0.999973 0.001887 
2071908387443 -0.005274 -0.005409 0.999968 0.002512 
2071928254387 -0.005123 -0.005319 0.999971 0.001864 
2071948121330 -0.004878 -0.005177 0.999973 0.001596 
2071967988273 -0.005253 -0.005464 0.999968 0.002444 
2071987885734 -0.005117 -0.005349 0.999969 0.002857 
2072007752678 -0.004890 -0.005170 0.999970 0.002957 
2072027619621 -0.005273 -0.005432 0.999964 0.003722 
2072047486564 -0.005114 -0.005309 0.999962 0.004663 
2072067384025 -0.004884 -0.005145 0.999960 0.005477 
2072087312004 -0.005247 -0.005438 0.999949 0.006689 
2072107178947 -0.005097 -0.005281 0.999945 0.007438 
2072127045890 -0.004868 -0.005162 0.999942 0.008068 
2072146912834 -0.005241 -0.005437 0.999930 0.009116 
2072166810295 -0.005032 -0.005275 0.999931 0.009237 
2072186677238 -0.004828 -0.005176 0.999935 0.008926 
2072206544181 -0.005217 -0.005478 0.999928 0.009299 
2072226411125 -0.004983 -0.005289 0.999932 0.009177 
2072246278068 -0.004816 -0.005212 0.999933 0.009104 
2072266175529 -0.005182 -0.005480 0.999927 0.009446 
2072286042472 -0.004923 -0.005251 0.999933 0.009084 
2072305909416 -0.004800 -0.005202 0.999936 0.008841 
2072325776359 -0.005183 -0.005488 0.999931 0.009008 
2072345673820 -0.004939 -0.005225 0.999936 0.008695 
2072365571281 -0.004874 -0.005218 0.999938 0.008550 
2072385438224 -0.005227 -0.005487 0.999933 0.008741 
2072405305168 -0.004930 -0.005215 0.999939 0.008419 
2072425172111 -0.004966 -0.005274 0.999939 0.008366 
2072445069572 -0.005305 -0.005491 0.999934 0.008561 
2072464936515 -0.004944 -0.005194 0.999941 0.008201 
2072484803459 -0.005019 -0.005288 0.999942 0.007981 
2072504670402 -0.005295 -0.005481 0.999940 0.007928 
2072524567863 -0.004909 -0.005202 0.999947 0.007362 
2072544434806 -0.005046 -0.005344 0.999945 0.007445 
2072564301750 -0.005289 -0.005508 0.999942 0.007614 
2072584168693 -0.004920 -0.005185 0.999948 0.007293 
2072604066154 -0.005113 -0.005372 0.999948 0.006999 
2072623933097 -0.005299 -0.005488 0.999948 0.006730 
2072643800041 -0.004935 -0.005175 0.999956 0.006047 
2072663697502 -0.005209 -0.005391 0.999957 0.005479 
2072683594963 -0.005246 -0.005460 0.999960 0.004773 
2072703461906 -0.004868 -0.005179 0.999966 0.004203 
2072723328849 -0.005129 -0.005394 0.999965 0.003739 
2072743195793 -0.005112 -0.005310 0.999969 0.002886 
2072763093254 -0.004792 -0.005155 0.999973 0.002062 
2072782960197 -0.005165 -0.005449 0.999970 0.001614 
2072802827140 -0.005046 -0.005335 0.999973 0.000826 
2072822694084 0.004747 0.005106 -0.999976 0.000062 
2072842561027 0.005107 0.005446 -0.999972 0.000385 
2072862458488 0.004966 0.005322 -0.999973 0.001065 
2072882325431 0.004762 0.005150 -0.999974 0.001758 
2072902192375 0.005129 0.005456 -0.999970 0.001966 
2072922059318 0.004928 0.005289 -0.999970 0.002588 
2072941987297 0.004761 0.005193 -0.999970 0.003154 
2072961854240 0.005137 0.005463 -0.999967 0.003050 
2072981721183 0.004923 0.005325 -0.999969 0.002975 
2073001588127 0.004756 0.005176 -0.999970 0.003301 
2073021485588 0.005142 0.005464 -0.999967 0.003181 
2073041352531 0.004887 0.005259 -0.999970 0.002913 
2073061219474 0.004809 0.005217 -0.999972 0.002332 
2073081086418 0.005165 0.005507 -0.999970 0.001456 
2073100983879 0.004859 0.005208 -0.999974 0.001130 
2073120850822 0.004849 0.005227 -0.999974 0.000616 
2073140717765 -0.005170 -0.005459 0.999972 0.000122 
2073160584709 -0.004804 -0.005180 0.999975 0.000081 
2073180451652 -0.004921 -0.005269 0.999974 0.000399 
2073200349113 -0.005211 -0.005474 0.999971 0.000835 
2073220246574 -0.004857 -0.005135 0.999975 0.000772 
2073240113517 -0.005010 -0.005264 0.999973 0.000456 
2073259980461 -0.005258 -0.005432 0.999971 0.000245 
2073279877922 0.004873 0.005131 -0.999975 0.000435 
2073299744865 0.005107 0.005277 -0.999973 0.000604 
2073319611808 0.005267 0.005412 -0.999971 0.000809 
2073339478752 0.004921 0.005152 -0.999974 0.001390 
2073359345695 0.005194 0.005339 -0.999971 0.001464 
2073379212638 0.005281 0.005379 -0.999970 0.001664 
2073399079582 0.004893 0.005120 -0.999972 0.002219 
2073418946525 0.005247 0.005388 -0.999971 0.001321 
2073438843986 0.005267 0.005381 -0.999971 0.001155 
2073458710929 0.004895 0.005115 -0.999973 0.001948 
2073478577873 0.005230 0.005381 -0.999970 0.001941 
2073498444816 0.005133 0.005336 -0.999970 0.002257 
2073518372795 0.004845 0.005161 -0.999971 0.002708 
2073538270256 0.005200 0.005449 -0.999968 0.002633 
2073558137199 0.005071 0.005316 -0.999969 0.002930 
2073578004142 0.004845 0.005192 -0.999969 0.003290 
2073597871086 0.005233 0.005503 -0.999966 0.003156 
2073617738029 0.005034 0.005310 -0.999966 0.003681 
2073637635490 0.004843 0.005220 -0.999966 0.004175 
2073657502433 0.005186 0.005526 -0.999959 0.004858 
2073677369377 0.004932 0.005280 -0.999960 0.005313 
2073697236320 0.004871 0.005267 -0.999959 0.005601 
2073717133781 0.005237 0.005547 -0.999952 0.006169 
2073737000724 0.004876 0.005219 -0.999947 0.007456 
2073756867668 0.004922 0.005288 -0.999941 0.008147 
2073776734611 0.005187 0.005535 -0.999934 0.008614 
2073796632072 0.004804 0.005261 -0.999929 0.009533 
2073816529533 0.004979 0.005395 -0.999923 0.009980 
2073836396476 0.005199 0.005537 -0.999918 0.010353 
2073856263420 0.004801 0.005259 -0.999917 0.010747 
2073876130363 0.005072 0.005465 -0.999920 0.010205 
2073896027824 0.005206 0.005509 -0.999919 0.010209 
2073915894767 0.004847 0.005240 -0.999919 0.010581 
2073935761711 0.005197 0.005535 -0.999917 0.010407 
2073955628654 0.005174 0.005455 -0.999919 0.010301 
2073975495597 0.004858 0.005270 -0.999920 0.010423 
2073995362541 0.005202 0.005522 -0.999921 0.010059 
2074015260002 0.005048 0.005442 -0.999922 0.010081 
2074035126945 0.004879 0.005349 -0.999923 0.010120 
2074054993888 0.005262 0.005604 -0.999923 0.009745 
2074074891349 0.005021 0.005360 -0.999924 0.009851 
2074094788810 0.004920 0.005348 -0.999925 0.009851 
2074114655754 0.005269 0.005660 -0.999927 0.009301 
2074134522697 0.004978 0.005360 -0.999930 0.009260 
2074154389640 0.004988 0.005398 -0.999932 0.009005 
2074174256584 0.005301 0.005632 -0.999934 0.008534 
2074194123527 0.004907 0.005323 -0.999937 0.008623 
2074213990470 0.005073 0.005413 -0.999941 0.007880 
2074233887931 0.005276 0.005553 -0.999945 0.007149 
2074253754875 0.004884 0.005262 -0.999950 0.006915 
2074273621818 0.005143 0.005448 -0.999953 0.006214 
2074293488762 0.005260 0.005511 -0.999955 0.005657 
2074313386222 0.004882 0.005274 -0.999957 0.005930 
2074333283683 0.005207 0.005504 -0.999955 0.005660 
2074353150627 0.005171 0.005489 -0.999958 0.005261 
2074373048088 0.004834 0.005260 -0.999961 0.005130 
2074392915031 0.005195 0.005589 -0.999959 0.004897 
2074412781974 0.005066 0.005479 -0.999959 0.005043 
2074432679435 0.004840 0.005358 -0.999960 0.005262 
2074452546379 0.005243 0.005642 -0.999958 0.004991 
2074472413322 0.004962 0.005411 -0.999959 0.005252 
2074492280265 0.004906 0.005403 -0.999959 0.005333 
2074512147209 0.005233 0.005636 -0.999957 0.005113 
2074532044670 0.004885 0.005322 -0.999959 0.005419 
2074551911613 0.004984 0.005412 -0.999959 0.005353 
2074571778556 0.005216 0.005595 -0.999957 0.005182 
2074591645500 0.004827 0.005281 -0.999959 0.005512 
2074611542961 0.005046 0.005450 -0.999958 0.005368 
2074631440422 0.005159 0.005532 -0.999957 0.005307 
2074651337883 0.004780 0.005270 -0.999959 0.005628 
2074671204826 0.005102 0.005531 -0.999957 0.005399 
2074691071769 0.005136 0.005501 -0.999957 0.005388 
2074710969230 0.004815 0.005274 -0.999957 0.005868 
2074730836174 0.005178 0.005571 -0.999955 0.005584 
2074750703117 0.005034 0.005462 -0.999956 0.005698 
2074770570060 0.004851 0.005343 -0.999957 0.005841 
2074790437004 0.005230 0.005622 -0.999955 0.005545 
2074810303947 0.004934 0.005392 -0.999957 0.005778 
2074830170890 0.004930 0.005427 -0.999956 0.005786 
2074850037834 0.005255 0.005659 -0.999955 0.005535 
2074869904777 0.004880 0.005349 -0.999957 0.005829 
2074889802238 0.005047 0.005489 -0.999956 0.005700 
2074909669181 0.005233 0.005610 -0.999955 0.005556 
2074929536125 0.004841 0.005301 -0.999957 0.005863 
2074949403068 0.005162 0.005560 -0.999958 0.005195 
2074969300529 0.005135 0.005502 -0.999958 0.005248 
2074989167472 0.004839 0.005324 -0.999959 0.005508 
2075009034416 0.005201 0.005650 -0.999957 0.005254 
2075028901359 0.005000 0.005459 -0.999960 0.005015 
2075048768303 0.004879 0.005388 -0.999962 0.004738 
2075068665763 0.005227 0.005669 -0.999962 0.004127 
2075088532707 0.004873 0.005359 -0.999965 0.004083 
2075108430168 0.004940 0.005479 -0.999964 0.004155 
2075128297111 0.005192 0.005642 -0.999962 0.004076 
2075148164054 0.004803 0.005325 -0.999964 0.004483 
2075168061515 0.005058 0.005524 -0.999962 0.004383 
2075187928459 0.005129 0.005569 -0.999962 0.004419 
2075207795402 0.004800 0.005312 -0.999963 0.004764 
2075227692863 0.005163 0.005605 -0.999961 0.004557 
2075247590324 0.005045 0.005486 -0.999961 0.004718 
2075267426750 0.004820 0.005308 -0.999962 0.004959 
2075287293693 0.005175 0.005611 -0.999960 0.004743 
2075307160637 0.004940 0.005432 -0.999961 0.004979 
2075327027580 0.004824 0.005388 -0.999963 0.004695 
2075346925041 0.005183 0.005628 -0.999963 0.004060 
2075366791984 0.004824 0.005336 -0.999966 0.004012 
2075386658928 0.004930 0.005407 -0.999967 0.003622 
2075406525871 0.005176 0.005564 -0.999966 0.003141 
2075426423332 0.004799 0.005275 -0.999970 0.003171 
2075446320793 0.005064 0.005482 -0.999968 0.002710 
2075466187736 0.005112 0.005543 -0.999969 0.002435 
2075486054679 0.004770 0.005311 -0.999971 0.002485 
2075505921623 0.005114 0.005633 -0.999969 0.002006 
2075525849601 0.004965 0.005528 -0.999970 0.002353 
2075545716545 0.004795 0.005422 -0.999970 0.002702 
2075565583488 0.005194 0.005685 -0.999967 0.002587 
2075585450431 0.004833 0.005442 -0.999969 0.003061 
2075605317375 0.004886 0.005498 -0.999968 0.003201 
2075625214836 0.005173 0.005700 -0.999965 0.003136 
2075645081779 0.004802 0.005379 -0.999968 0.003583 
2075664948722 0.005031 0.005574 -0.999965 0.003557 
2075684815666 0.005161 0.005630 -0.999964 0.003592 
2075704682609 0.004781 0.005353 -0.999966 0.004019 
2075724580070 0.005096 0.005634 -0.999964 0.003891 
2075744447013 0.005039 0.005530 -0.999964 0.004047 
2075764313957 0.004814 0.005358 -0.999964 0.004538 
2075784180900 0.005209 0.005691 -0.999960 0.004522 
2075804078361 0.004912 0.005458 -0.999960 0.005028 
2075823975822 0.004875 0.005480 -0.999959 0.005312 
2075843842765 0.005177 0.005716 -0.999956 0.005314 
2075863709709 0.004822 0.005395 -0.999957 0.005814 
2075883576652 0.004989 0.005596 -0.999955 0.005890 
2075903443595 0.005161 0.005694 -0.999953 0.005950 
2075923341056 0.005882 0.004891 -0.999955 0.005570 
2075943208000 0.005060 0.005560 -0.999951 0.006379 
2075963074943 0.005140 0.005884 -0.999949 0.006474 
2075982941887 0.004827 0.005583 -0.999949 0.006866 
2076002808830 0.004788 0.005368 -0.999949 0.007033 
2076022706291 0.005119 0.005682 -0.999948 0.006693 
2076042573234 0.004771 0.005431 -0.999950 0.006892 
2076062440178 0.005129 0.005723 -0.999952 0.006130 
2076082337638 0.004883 0.005517 -0.999956 0.005872 
2076102204582 0.004820 0.005455 -0.999961 0.005079 
2076122071525 0.005163 0.005752 -0.999962 0.004045 
2076141968986 0.004824 0.005485 -0.999966 0.003780 
2076161835929 0.004879 0.005550 -0.999967 0.003250 
2076181702873 0.005168 0.005777 -0.999966 0.002786 
2076201569816 0.004818 0.005485 -0.999969 0.002833 
2076221467277 0.004889 0.005575 -0.999969 0.002569 
2076241334220 0.005226 0.005809 -0.999967 0.002114 
2076261201164 0.004855 0.005489 -0.999971 0.002218 
2076281068107 0.004946 0.005598 -0.999969 0.002397 
2076300935051 0.005179 0.005767 -0.999967 0.002451 
2076320832512 0.004807 0.005483 -0.999969 0.002955 
2076340699455 0.005035 0.005669 -0.999967 0.002983 
2076360566398 0.005097 0.005685 -0.999966 0.003125 
2076380463859 0.004787 0.005469 -0.999967 0.003539 
2076400330803 0.005174 0.005791 -0.999964 0.003408 
2076420228263 0.004996 0.005617 -0.999965 0.003698 
2076440095207 0.005072 0.005672 -0.999964 0.003784 
2076459962150 0.005048 0.005640 -0.999965 0.003517 
2076479829094 0.005042 0.005627 -0.999966 0.003248 
2076499696037 0.005055 0.005144 -0.999970 0.002986 
2076519593498 0.004999 0.005635 -0.999968 0.002789 
2076539460441 0.005021 0.005801 -0.999967 0.002542 
2076559327385 0.005002 0.005551 -0.999969 0.002342 
2076579194328 0.005008 0.005544 -0.999970 0.002132 
2076599091789 0.005006 0.005514 -0.999970 0.001943 
2076618958732 0.004979 0.005469 -0.999971 0.001785 
2076638825676 0.004979 0.005460 -0.999971 0.001620 
2076658723137 0.004987 0.005468 -0.999972 0.001463 
2076678590080 0.004986 0.005459 -0.999972 0.001331 
2076698487541 0.005007 0.005453 -0.999971 0.001605 
2076718354484 0.004979 0.005447 -0.999971 0.001903 
2076738221428 0.004976 0.005418 -0.999971 0.002162 
2076758088371 0.004962 0.005427 -0.999968 0.003253 
2076777955314 0.004964 0.005436 -0.999964 0.004261 
2076797852775 0.004999 0.005420 -0.999959 0.005178 
2076817719719 0.004983 0.005413 -0.999955 0.006072 
2076837586662 0.005017 0.005423 -0.999949 0.006868 
2076857453605 0.005024 0.005440 -0.999943 0.007630 
2076877351066 0.005007 0.005457 -0.999938 0.008357 
2076897218010 0.004990 0.005455 -0.999932 0.009036 
2076917084953 0.004971 0.005433 -0.999934 0.008822 
2076936951896 0.005011 0.005422 -0.999936 0.008565 
2076956849357 0.005015 0.005402 -0.999938 0.008333 
2076976746818 0.005003 0.005401 -0.999940 0.008139 
2076996613762 0.004983 0.005399 -0.999941 0.007973 
2077016480705 0.004998 0.005373 -0.999943 0.007788 
2077036347648 0.005012 0.005366 -0.999944 0.007616 
2077056245109 0.005024 0.005350 -0.999945 0.007456 
2077076112053 0.005036 0.005352 -0.999946 0.007309 
2077095978996 0.005025 0.005327 -0.999950 0.006774 
2077115845939 0.005030 0.005328 -0.999954 0.006263 
2077135712883 0.005046 0.005311 -0.999959 0.005373 
2077155610344 0.005036 0.005271 -0.999963 0.004552 
2077175477287 0.005044 0.005266 -0.999966 0.003779 
2077195344230 0.005042 0.005261 -0.999969 0.003064 
2077215211174 0.005049 0.005289 -0.999970 0.002392 
2077235108635 0.005079 0.005268 -0.999971 0.001958 
2077255006095 0.005082 0.005272 -0.999972 0.001573 
2077274873039 0.005072 0.005272 -0.999971 0.002052 
2077294739982 0.005063 0.005288 -0.999957 0.005609 
2077314606926 0.005027 0.005297 -0.999942 0.007926 
2077334473869 0.005006 0.005310 -0.999931 0.009250 
2077354371330 0.005004 0.005290 -0.999919 0.010475 
2077374238273 -0.002640 0.001715 -0.999843 0.017457 
2077394105217 -0.007939 -0.002308 -0.999713 0.022481 
2077413972160 -0.004044 0.005792 -0.999761 0.020684 
2077433839103 0.004044 0.009750 -0.999841 0.014381 
2077453736564 0.007429 0.006834 -0.999893 0.010615 
2077473603508 0.006701 0.006143 -0.999919 0.008864 
2077493470451 0.006336 0.005798 -0.999931 0.008026 
2077513367912 0.006612 0.006247 -0.999934 0.006977 
2077533265373 0.006180 0.005834 -0.999943 0.006524 
2077553132316 0.006095 0.005703 -0.999948 0.005852 
2077572999260 0.006338 0.006073 -0.999950 0.004759 
2077592866203 0.006111 0.005911 -0.999956 0.003889 
2077612733146 0.005779 0.005536 -0.999963 0.003168 
2077632630607 0.007236 0.004922 -0.999961 0.001156 
2077652497551 0.006006 0.006283 -0.999961 0.001233 
2077672364494 0.005664 0.005648 -0.999968 0.000704 
2077692231437 0.005508 0.005462 -0.999970 0.000083 
2077712128898 -0.005866 -0.005829 0.999965 0.000880 
2077731995842 -0.005719 -0.005726 0.999966 0.001412 
2077751862785 -0.005420 -0.005357 0.999969 0.001784 
2077771729728 -0.005732 -0.005678 0.999964 0.002583 
2077791627189 -0.005660 -0.005733 0.999963 0.003053 
2077811555168 -0.005324 -0.005308 0.999966 0.003279 
2077831422111 -0.005633 -0.005606 0.999961 0.003975 
2077851289054 -0.005601 -0.005666 0.999959 0.004389 
2077871155998 -0.005276 -0.005229 0.999962 0.004547 
2077891053459 -0.005630 -0.005557 0.999955 0.005200 
2077910920402 -0.005541 -0.005604 0.999954 0.005497 
2077930787345 -0.005227 -0.005195 0.999957 0.005592 
2077950654289 -0.005578 -0.005567 0.999950 0.006180 
2077970521232 -0.005272 -0.005284 0.999953 0.006238 
2077990388176 -0.005462 -0.005502 0.999948 0.006663 
2078010255119 -0.005400 -0.005415 0.999947 0.006876 
2078030152580 -0.005392 -0.005399 0.999946 0.007113 
2078050019523 -0.005393 -0.005391 0.999944 0.007339 
2078069886467 -0.005360 -0.005384 0.999943 0.007524 
2078089783928 -0.005339 -0.005395 0.999941 0.007707 
2078109650871 -0.005334 -0.005363 0.999940 0.007888 
2078129548332 -0.005329 -0.005333 0.999939 0.008055 
2078149415275 -0.005327 -0.005313 0.999936 0.008423 
2078169282219 -0.005325 -0.005335 0.999933 0.008763 
2078189149162 -0.005306 -0.005314 0.999931 0.009058 
2078209046623 -0.005288 -0.005295 0.999928 0.009337 
2078228913566 -0.005273 -0.005310 0.999926 0.009596 
