# Created at Tue Jun 08 20:53:39 GMT+02:00 2021 in Copenhagen 
18776195734001, -28.614807, -49.339294, -98.513794 
18776215600944, -28.616333, -49.189758, -98.513794 
18776235498405, -28.765869, -49.189758, -98.513794 
18776255365349, -28.765869, -49.188232, -98.663330 
18776275201775, -28.765869, -49.188232, -98.663330 
18776295068718, -28.765869, -49.188232, -98.663330 
18776314935661, -28.765869, -49.188232, -98.663330 
18776334802605, -29.067993, -49.186707, -98.663330 
18776354669548, -29.069519, -49.186707, -98.812866 
18776374536491, -29.067993, -49.336243, -98.812866 
18776394403435, -29.067993, -49.336243, -98.812866 
18776414270378, -28.764343, -49.789429, -98.809814 
18776434137321, -28.765869, -49.487305, -98.811340 
18776454004265, -28.765869, -49.485779, -99.108887 
18776473901726, -28.616333, -49.485779, -99.108887 
18776493768669, -28.765869, -49.485779, -99.258423 
18776513666130, -28.765869, -49.485779, -99.108887 
18776533533073, -28.765869, -49.485779, -99.108887 
18776553400017, -28.765869, -49.485779, -99.108887 
18776573266960, -28.616333, -49.485779, -99.108887 
18776593164421, -28.616333, -49.336243, -99.110413 
18776613031364, -28.617859, -49.186707, -99.110413 
18776632898308, -28.617859, -49.188232, -98.812866 
18776652765251, -28.617859, -49.188232, -98.812866 
18776672632194, -28.616333, -49.188232, -98.663330 
18776692499138, -28.616333, -49.191284, -98.214722 
18776712366081, -28.616333, -49.189758, -98.365784 
18776732233025, -28.616333, -49.189758, -98.365784 
18776752099968, -28.765869, -49.189758, -98.365784 
18776771966911, -28.765869, -49.191284, -98.066711 
18776791864372, -28.765869, -49.191284, -98.066711 
18776811761833, -28.765869, -49.040222, -98.066711 
18776831628777, -28.765869, -49.040222, -98.066711 
18776851495720, -28.765869, -49.191284, -98.214722 
18776871362663, -28.764343, -49.340820, -98.214722 
18776891229607, -28.765869, -49.191284, -98.214722 
18776911096550, -28.765869, -49.191284, -98.214722 
18776930963493, -28.765869, -49.191284, -98.214722 
18776950830437, -28.764343, -49.339294, -98.365784 
18776970697380, -28.764343, -49.339294, -98.513794 
18776990564323, -28.764343, -49.339294, -98.513794 
18777010431267, -28.765869, -49.189758, -98.513794 
18777030298210, -28.764343, -49.339294, -98.513794 
18777050165153, -28.764343, -49.339294, -98.513794 
18777070032097, -28.764343, -49.337769, -98.663330 
18777089960075, -28.764343, -49.337769, -98.663330 
18777109827019, -28.764343, -49.487305, -98.661804 
18777129693962, -28.764343, -49.487305, -98.661804 
18777149560905, -28.764343, -49.487305, -98.661804 
18777169427849, -28.764343, -49.487305, -98.661804 
18777189294792, -28.614807, -49.487305, -98.661804 
18777209161736, -28.613281, -49.639893, -98.661804 
18777229028679, -28.613281, -49.639893, -98.661804 
18777248895622, -28.613281, -49.639893, -98.661804 
18777268762566, -29.214478, -49.638367, -98.661804 
18777288629509, -29.214478, -49.638367, -98.661804 
18777308496452, -29.064941, -49.638367, -98.661804 
18777328363396, -28.762817, -49.639893, -98.661804 
18777348230339, -28.613281, -49.639893, -98.661804 
18777368127800, -28.764343, -49.337769, -98.663330 
18777387994743, -28.765869, -49.038696, -98.513794 
18777407861687, -28.765869, -49.038696, -98.513794 
18777427728630, -28.765869, -49.038696, -98.513794 
18777447595573, -28.616333, -49.038696, -98.513794 
18777467493034, -28.463745, -49.041748, -98.213196 
18777487359978, -28.463745, -49.041748, -98.213196 
18777507226921, -28.463745, -49.041748, -98.213196 
18777527093864, -28.463745, -49.041748, -98.213196 
18777546960808, -28.460693, -49.794006, -98.210144 
18777566827751, -28.613281, -49.792480, -98.211670 
18777586694694, -28.613281, -49.792480, -98.211670 
18777606561638, -28.614807, -49.490356, -98.213196 
18777626428581, -28.614807, -49.490356, -98.213196 
18777646295525, -28.613281, -49.642944, -98.213196 
18777666192986, -28.613281, -49.641418, -98.512268 
18777686059929, -28.460693, -49.642944, -98.362732 
18777705926872, -28.460693, -49.641418, -98.660278 
18777725793816, -28.460693, -49.641418, -98.660278 
18777745691277, -28.460693, -49.642944, -98.362732 
18777765558220, -28.012085, -49.491882, -98.362732 
18777785425163, -28.012085, -49.491882, -98.362732 
18777805292107, -28.012085, -49.491882, -98.362732 
18777825159050, -28.012085, -49.342346, -98.364258 
18777845025993, -28.012085, -49.342346, -98.364258 
18777864892937, -28.012085, -49.342346, -98.364258 
18777884759880, -28.012085, -49.342346, -98.364258 
18777904626823, -28.012085, -49.342346, -98.364258 
18777924493767, -28.012085, -49.342346, -98.364258 
18777944391228, -28.012085, -49.342346, -98.364258 
18777964258171, -28.012085, -49.342346, -98.364258 
18777984125114, -28.012085, -49.342346, -98.364258 
18778004022575, -28.010559, -49.345398, -97.766113 
18778023889519, -28.012085, -49.343872, -98.065186 
18778043756462, -28.462219, -49.342346, -98.065186 
18778063623405, -28.764343, -49.340820, -98.066711 
18778083490349, -29.066467, -49.339294, -98.066711 
18778103357292, -29.066467, -49.339294, -98.214722 
18778123224236, -29.066467, -49.339294, -98.214722 
18778143091179, -29.064941, -49.790955, -98.211670 
18778162958122, -29.064941, -49.790955, -98.063660 
18778182825066, -29.064941, -49.790955, -98.063660 
18778202692009, -29.064941, -49.790955, -98.211670 
18778222558952, -28.762817, -49.792480, -98.211670 
18778242456413, -28.762817, -49.790955, -98.362732 
18778262323357, -28.762817, -49.641418, -98.512268 
18778282190300, -28.764343, -49.487305, -98.661804 
18778302057243, -28.765869, -49.487305, -98.811340 
18778321924187, -28.764343, -49.488831, -98.512268 
18778341760612, -28.764343, -49.488831, -98.512268 
18778361658073, -28.764343, -49.488831, -98.512268 
18778381525017, -28.764343, -49.488831, -98.512268 
18778401391960, -28.764343, -49.488831, -98.512268 
18778421258903, -28.462219, -49.490356, -98.510742 
18778441125847, -28.462219, -49.490356, -98.510742 
18778460992790, -28.163147, -49.491882, -98.510742 
18778480859734, -28.012085, -49.491882, -98.510742 
18778500757194, -28.163147, -49.491882, -98.510742 
18778520654655, -28.163147, -49.491882, -98.510742 
18778540521599, -28.163147, -49.491882, -98.510742 
18778560388542, -28.163147, -49.491882, -98.510742 
18778580255486, -28.163147, -49.491882, -98.510742 
18778600122429, -28.163147, -49.490356, -98.660278 
18778619989372, -28.163147, -49.490356, -98.660278 
18778639856316, -28.614807, -49.487305, -98.661804 
18778659723259, -28.764343, -49.487305, -98.661804 
18778679590202, -28.764343, -49.487305, -98.661804 
18778699457146, -28.614807, -49.487305, -98.661804 
18778719324089, -28.614807, -49.487305, -98.661804 
18778739191032, -28.614807, -49.487305, -98.661804 
18778759088493, -28.614807, -49.487305, -98.661804 
18778778955437, -28.614807, -49.487305, -98.661804 
18778798852898, -28.614807, -49.487305, -98.661804 
18778818719841, -28.462219, -49.488831, -98.660278 
18778838586784, -28.462219, -49.488831, -98.660278 
18778858453728, -28.462219, -49.488831, -98.660278 
18778878320671, -28.462219, -49.488831, -98.660278 
18778898187614, -28.462219, -49.488831, -98.660278 
18778918054558, -28.462219, -49.488831, -98.660278 
18778937921501, -28.462219, -49.488831, -98.660278 
18778957788444, -28.462219, -49.488831, -98.660278 
18778977655388, -28.463745, -49.488831, -98.809814 
18778997522331, -28.463745, -49.488831, -98.809814 
18779017389275, -28.463745, -49.488831, -98.809814 
18779037256218, -28.463745, -49.488831, -98.809814 
18779057123161, -28.463745, -49.488831, -98.809814 
18779076990105, -28.463745, -49.488831, -98.809814 
18779096887566, -28.463745, -49.488831, -98.809814 
18779116754509, -28.463745, -49.488831, -98.809814 
18779136621452, -28.463745, -49.488831, -98.809814 
18779156488396, -28.616333, -49.487305, -98.811340 
18779176355339, -28.614807, -49.488831, -98.512268 
18779196222282, -28.614807, -49.487305, -98.661804 
18779216119743, -28.614807, -49.488831, -98.512268 
18779235986687, -28.614807, -49.488831, -98.512268 
18779255853630, -28.614807, -49.487305, -98.661804 
18779275720573, -28.614807, -49.487305, -98.661804 
18779295587517, -28.163147, -49.490356, -98.660278 
18779315454460, -28.164673, -49.192810, -98.512268 
18779335321403, -28.463745, -49.040222, -98.364258 
18779355188347, -28.462219, -49.340820, -98.364258 
18779375085808, -28.463745, -49.191284, -98.364258 
18779394952751, -28.463745, -49.191284, -98.364258 
18779414819694, -28.463745, -49.191284, -98.364258 
18779434686638, -28.463745, -49.191284, -98.364258 
18779454553581, -28.463745, -49.191284, -98.364258 
18779474420525, -28.463745, -49.191284, -98.364258 
18779494287468, -28.463745, -49.191284, -98.364258 
18779514154411, -28.616333, -49.189758, -98.365784 
18779534021355, -28.616333, -49.189758, -98.365784 
18779553918816, -28.616333, -49.189758, -98.365784 
18779573785759, -28.463745, -49.191284, -98.364258 
18779593652702, -28.463745, -49.191284, -98.364258 
18779613519646, -28.463745, -49.191284, -98.364258 
18779633386589, -28.463745, -49.191284, -98.364258 
18779653253532, -28.463745, -49.191284, -98.512268 
18779673150993, -28.465271, -49.189758, -98.811340 
18779693017937, -28.465271, -49.189758, -98.811340 
18779712884880, -28.465271, -49.189758, -98.811340 
18779732751823, -28.463745, -49.189758, -98.661804 
18779752618767, -28.463745, -49.189758, -98.661804 
18779772485710, -28.463745, -49.191284, -98.512268 
18779792352653, -28.463745, -49.191284, -98.512268 
18779812219597, -28.463745, -49.191284, -98.364258 
18779832117058, -28.462219, -49.194336, -97.766113 
18779851984001, -28.616333, -49.191284, -98.214722 
18779871850944, -28.616333, -49.191284, -98.214722 
18779891717888, -28.463745, -49.192810, -98.213196 
18779911584831, -28.616333, -49.191284, -98.214722 
18779931451775, -28.616333, -49.191284, -98.214722 
18779951349236, -28.616333, -49.191284, -98.214722 
18779971216179, -29.518127, -49.337769, -98.216248 
18779991083122, -29.518127, -49.337769, -98.216248 
18780010950066, -29.518127, -49.337769, -98.216248 
18780030817009, -29.518127, -49.337769, -98.216248 
18780050683952, -29.518127, -49.337769, -98.216248 
18780070550896, -29.518127, -49.337769, -98.068237 
18780090448357, -29.518127, -49.337769, -98.068237 
18780110315300, -29.518127, -49.337769, -98.068237 
18780130182243, -29.518127, -49.337769, -98.068237 
18780150049187, -29.067993, -49.189758, -98.066711 
18780169916130, -29.067993, -49.038696, -98.066711 
18780189783073, -28.616333, -49.191284, -98.066711 
18780209650017, -28.616333, -49.191284, -98.066711 
18780229547478, -28.616333, -49.191284, -98.214722 
18780249414421, -28.616333, -49.038696, -98.365784 
18780269281364, -28.616333, -49.038696, -98.365784 
18780289148308, -28.617859, -48.739624, -98.367310 
18780309015251, -28.617859, -48.739624, -98.367310 
18780328886291, -28.617859, -48.739624, -98.367310 
18780348753234, -28.617859, -48.739624, -98.367310 
18780368620178, -28.617859, -48.741150, -98.216248 
18780388487121, -28.617859, -48.739624, -98.515320 
18780408323547, -28.616333, -49.038696, -98.513794 
18780428190490, -28.616333, -49.191284, -98.214722 
18780448057434, -28.465271, -48.742676, -98.214722 
18780467924377, -28.465271, -48.742676, -98.214722 
18780487791320, -28.465271, -48.742676, -98.214722 
18780507658264, -28.465271, -48.591614, -98.216248 
18780527555725, -28.465271, -48.591614, -98.216248 
18780547422668, -28.463745, -49.192810, -98.213196 
18780567320129, -28.462219, -49.342346, -98.213196 
18780587187072, -28.462219, -49.491882, -98.211670 
18780607054016, -28.463745, -49.192810, -98.213196 
18780626920959, -28.463745, -49.337769, -99.108887 
18780646818420, -28.463745, -49.339294, -98.811340 
18780666685363, -28.463745, -49.488831, -98.809814 
18780686552307, -28.463745, -49.488831, -98.809814 
18780706419250, -28.463745, -49.488831, -98.809814 
18780726255676, -28.463745, -49.488831, -98.809814 
18780746122619, -28.616333, -49.487305, -98.811340 
18780765989563, -28.616333, -49.487305, -98.811340 
18780785856506, -28.765869, -49.487305, -98.811340 
18780805753967, -28.765869, -49.487305, -98.811340 
18780825620910, -28.617859, -49.188232, -98.812866 
18780845487854, -28.617859, -49.188232, -98.812866 
18780865385315, -28.617859, -49.037170, -98.812866 
18780885252258, -28.617859, -49.037170, -98.812866 
18780905149719, -28.617859, -49.037170, -98.812866 
18780925016662, -28.619385, -48.587036, -98.815918 
18780944883606, -28.619385, -48.738098, -98.814392 
18780964750549, -28.617859, -48.738098, -98.664856 
18780984617492, -28.617859, -48.738098, -98.664856 
18781004484436, -28.617859, -48.738098, -98.664856 
18781024351379, -28.617859, -48.738098, -98.664856 
18781044187805, -28.616333, -49.037170, -98.663330 
18781064054748, -28.614807, -49.337769, -98.663330 
18781083921691, -28.163147, -49.340820, -98.661804 
18781103819152, -28.465271, -48.739624, -98.663330 
18781123716613, -28.463745, -49.189758, -98.661804 
18781143583557, -28.463745, -49.038696, -98.661804 
18781163450500, -28.463745, -49.038696, -98.661804 
18781183317443, -28.463745, -49.189758, -98.661804 
18781203214904, -28.463745, -49.189758, -98.661804 
18781223081848, -28.463745, -49.189758, -98.661804 
18781242948791, -28.463745, -49.189758, -98.661804 
18781262815734, -28.463745, -49.189758, -98.661804 
18781282682678, -28.463745, -49.189758, -98.661804 
18781302549621, -28.463745, -49.189758, -98.661804 
18781322416565, -28.463745, -49.189758, -98.661804 
18781342283508, -28.463745, -49.189758, -98.661804 
18781362150451, -28.463745, -49.189758, -98.661804 
18781382047912, -28.765869, -49.188232, -98.663330 
18781401914856, -28.765869, -49.188232, -98.663330 
18781421781799, -28.764343, -49.339294, -98.365784 
18781441648742, -28.765869, -49.189758, -98.365784 
18781461515686, -28.765869, -49.189758, -98.365784 
18781481382629, -28.765869, -49.189758, -98.365784 
18781501280090, -28.765869, -49.189758, -98.365784 
18781521147033, -28.765869, -49.189758, -98.365784 
18781541013977, -28.765869, -49.189758, -98.365784 
18781560880920, -28.765869, -49.189758, -98.365784 
18781580747863, -28.463745, -49.191284, -98.364258 
18781600614807, -28.616333, -49.189758, -98.365784 
18781620481750, -28.616333, -49.189758, -98.365784 
18781640348693, -28.616333, -49.189758, -98.365784 
18781660246154, -28.463745, -49.191284, -98.364258 
18781680113098, -28.463745, -49.191284, -98.364258 
18781699980041, -28.463745, -49.191284, -98.512268 
18781719846984, -28.463745, -49.191284, -98.512268 
18781739713928, -28.463745, -49.191284, -98.512268 
18781759580871, -28.614807, -49.339294, -98.513794 
18781779478332, -28.614807, -49.488831, -98.512268 
18781799345275, -28.614807, -49.488831, -98.512268 
18781819212219, -28.610229, -50.390625, -98.509216 
