2721565356476 -0.024690 0.015029 -0.005242  
2721585162384 0.006202 -0.017888 0.018061  
2721604998810 0.019655 -0.005767 -0.033432  
2721624835236 -0.025162 0.017514 0.023185  
2721644641144 0.014781 -0.020117 -0.005336  
2721664447052 0.005033 0.003874 -0.039864  
2721684283478 -0.024959 0.010652 0.026235  
2721704089386 0.026769 -0.022133 -0.013964  
2721723895294 -0.001873 0.013270 -0.020431  
2721743731720 -0.013367 -0.001092 0.028823  
2721763537628 0.026639 -0.019375 -0.023022  
2721783374054 -0.015653 0.011307 -0.008372  
2721803179962 0.005690 -0.009937 0.019667  
2721822985871 0.028636 -0.009870 -0.031879  
2721842822296 -0.027587 0.017954 0.020070  
2721862628205 0.012893 -0.017146 0.014774  
2721882434113 0.017316 -0.007590 -0.036606  
2721902270539 -0.029281 0.006503 0.027068  
2721922106964 0.024907 -0.014334 -0.013156  
2721941912873 -0.003447 0.009007 -0.021966  
2721961749298 -0.010257 -0.000581 0.025023  
2721981555206 0.029402 -0.009864 -0.012819  
2722001361115 -0.013195 0.009168 0.001490  
2722021197540 0.001361 -0.002741 0.019954  
2722041003449 0.024680 -0.016569 -0.033914  
2722060839874 -0.029110 0.027659 0.029668  
2722080645783 0.011192 -0.019559 0.014799  
2722100451691 0.017760 -0.005066 -0.034266  
2722120288117 -0.026994 0.011259 0.029325  
2722140094025 0.027118 -0.021547 -0.006345  
2722159899933 -0.008485 0.004576 -0.020013  
2722179736359 -0.015127 0.004384 0.031542  
2722199572785 0.024938 -0.018930 -0.027343  
2722219409210 -0.019839 0.011966 0.005961  
2722239215119 -0.003202 -0.004668 0.019640  
2722259021027 0.027217 -0.013800 -0.038848  
2722278857453 -0.028974 0.011839 0.020282  
2722298663361 0.018256 -0.011723 0.003410  
2722318469269 0.010951 0.002268 -0.029080  
2722338305695 -0.028730 0.016033 0.022777  
2722358111603 0.032372 -0.017142 -0.003429  
2722377948029 -0.001075 0.008834 -0.019511  
2722397753937 -0.017227 0.008500 0.029712  
2722417559845 0.029840 -0.017036 -0.015215  
2722437396271 -0.015088 0.016100 -0.000841  
2722457202179 -0.005329 0.004191 0.026949  
2722477038605 0.020529 -0.014484 -0.036400  
2722496875031 -0.023859 0.011177 0.001822  
2722516680939 0.004689 -0.003114 0.006392  
2722536486847 0.025368 -0.014383 -0.026210  
2722556323273 -0.024042 0.020749 0.016303  
2722576129181 0.020708 -0.021390 -0.005051  
2722595935089 0.003833 0.014219 -0.030325  
2722615771515 -0.017100 0.004443 0.026191  
2722635577423 0.020486 -0.018873 -0.018623  
2722655413849 -0.007948 0.005076 -0.018001  
2722675219757 -0.003044 0.000251 0.028856  
2722695025665 0.029442 -0.015762 -0.022992  
2722714862091 -0.022402 0.017099 -0.006030  
2722734667999 0.008413 -0.015887 0.003419  
2722754504425 0.026424 -0.005917 -0.038320  
2722774340851 -0.034372 0.021775 0.013844  
2722794146759 0.019986 -0.020630 -0.005129  
2722813952667 -0.001485 0.007778 -0.028086  
2722833789093 -0.017623 0.012111 0.032987  
2722853595001 0.027156 -0.020724 -0.023631  
2722873431427 -0.008449 0.012319 -0.013580  
2722893237335 -0.010460 0.000080 0.023878  
2722913043244 -0.010104 0.000038 0.023082  
2722932879669 -0.023639 0.013877 0.006117  
2722952685578 -0.022843 0.013375 0.005913  
2722972491486 0.014935 -0.007937 0.003400  
2722992327912 0.016763 -0.005399 -0.036037  
2723012133820 0.025461 -0.016591 -0.009390  
2723031970246 -0.005456 0.004966 -0.025256  
2723051806671 -0.012198 0.014024 0.024158  
2723071612580 -0.011556 0.013749 0.023356  
2723091449005 -0.011165 0.013253 -0.007498  
2723111254914 0.007940 -0.005965 0.018196  
2723131060822 0.028277 -0.012502 -0.040231  
2723150897248 -0.029808 0.013551 0.023572  
2723170703156 0.021626 -0.019334 -0.011911  
2723190539581 0.004486 0.006949 -0.030025  
2723210345490 -0.018553 0.015924 0.033429  
2723230151398 0.026029 -0.021655 -0.032454  
2723249987824 -0.021316 0.006788 -0.003614  
2723269793732 -0.003732 -0.011744 0.021959  
2723289599640 0.023937 -0.006780 -0.036596  
2723309436066 -0.032604 0.020944 0.022439  
2723329272492 0.020062 -0.014484 -0.008378  
2723349078400 0.007839 0.011401 -0.038159  
2723368914826 -0.027568 0.008669 0.027875  
2723388720734 0.033954 -0.017104 -0.028569  
2723408557160 -0.006951 0.013275 0.000135  
2723428363068 -0.002082 -0.010348 0.014010  
2723448168976 0.025755 -0.012343 -0.032728  
2723468005402 -0.030613 0.013471 0.019251  
2723487811310 0.014140 -0.014775 0.000110  
2723507617218 0.013677 -0.005074 -0.034586  
2723527453644 -0.033042 0.015869 0.031321  
2723547259552 0.028218 -0.023778 0.000217  
