# Created at Tue Jun 01 16:08:37 GMT+02:00 2021 in Burnaby Canada 
2719623095734 0.000000 0.000000 0.000000 
2719642901642 0.000000 0.000000 0.000000 
2719662738068 0.000000 0.000000 0.000000 
2719682543976 0.000000 0.000000 0.000000 
2719702349884 0.000000 0.000000 0.000000 
2719722186310 0.000000 0.000000 0.000000 
2719741992218 0.000000 0.000000 0.000000 
2719761798126 0.000000 0.000000 0.000000 
2719781634552 0.000000 0.000000 0.000000 
2719801440460 0.000000 0.000000 0.000000 
2719821276886 0.000000 0.000000 0.000000 
2719841082794 0.000000 0.000000 0.000000 
2719860888703 0.000000 0.000000 0.000000 
2719880725128 0.000000 0.000000 0.000000 
2719900561554 0.000000 0.000000 0.000000 
2719920367462 0.000000 0.000000 0.000000 
2719940203888 0.000000 0.000000 0.000000 
2719960009796 0.000000 0.000000 0.000000 
2719979815705 0.000000 0.000000 0.000000 
2719999652130 0.000000 0.000000 0.000000 
2720019458039 0.000000 0.000000 0.000000 
2720039263947 0.000000 0.000000 0.000000 
2720059100373 0.000000 0.000000 0.000000 
2720078906281 0.000000 0.000000 0.000000 
2720098742706 0.000000 0.000000 0.000000 
2720118548615 0.000000 0.000000 0.000000 
2720138354523 0.000000 0.000000 0.000000 
2720158190949 0.000000 0.000000 0.000000 
2720178027374 0.000000 0.000000 0.000000 
2720197833283 0.000000 0.000000 0.000000 
2720217669708 0.000000 0.000000 0.000000 
2720237475617 0.000000 0.000000 0.000000 
2720257281525 0.000000 0.000000 0.000000 
2720277117951 0.000000 0.000000 0.000000 
2720296923859 0.000000 0.000000 0.000000 
2720316760285 0.000000 0.000000 0.000000 
2720336566193 0.000000 0.000000 0.000000 
2720356372101 0.000000 0.000000 0.000000 
2720376208527 0.000000 0.000000 0.000000 
2720396014435 0.000000 0.000000 0.000000 
2720415820343 0.000000 0.000000 0.000000 
2720435656769 0.000000 0.000000 0.000000 
2720455462677 0.000000 0.000000 0.000000 
2720475299103 0.000000 0.000000 0.000000 
2720495135529 0.000000 0.000000 0.000000 
2720514941437 0.000000 0.000000 0.000000 
2720534777863 0.000000 0.000000 0.000000 
2720554583771 0.000000 0.000000 0.000000 
2720574389679 0.000000 0.000000 0.000000 
2720594226105 0.000000 0.000000 0.000000 
2720614032013 0.000000 0.000000 0.000000 
2720633837921 0.000000 0.000000 0.000000 
2720653674347 0.000000 0.000000 0.000000 
2720673480255 0.000000 0.000000 0.000000 
2720693316681 0.000000 0.000000 0.000000 
2720713122589 0.000000 0.000000 0.000000 
2720732928498 0.000000 0.000000 0.000000 
2720752764923 0.000000 0.000000 0.000000 
2720772601349 0.000000 0.000000 0.000000 
2720792407257 0.000000 0.000000 0.000000 
2720812243683 0.000000 0.000000 0.000000 
2720832049591 0.000000 0.000000 0.000000 
2720851855499 0.000000 0.000000 0.000000 
2720871691925 0.000000 0.000000 0.000000 
2720891497833 0.000000 0.000000 0.000000 
2720911303742 0.000000 0.000000 0.000000 
2720931140167 0.000000 0.000000 0.000000 
2720950946076 0.000000 0.000000 0.000000 
2720970751984 0.000000 0.000000 0.000000 
2720990588410 0.000000 0.000000 0.000000 
2721010394318 0.000000 0.000000 0.000000 
2721030230744 0.000000 0.000000 0.000000 
2721050067169 0.000000 0.000000 0.000000 
2721069873078 0.000000 0.000000 0.000000 
2721089709503 0.000000 0.000000 0.000000 
2721109515412 0.000000 0.000000 0.000000 
2721129321320 0.000000 0.000000 0.000000 
2721149157746 0.000000 0.000000 0.000000 
2721168963654 0.000000 0.000000 0.000000 
2721188800080 0.000000 0.000000 0.000000 
2721208605988 0.000000 0.000000 0.000000 
2721228411896 0.000000 0.000000 0.000000 
2721248248322 0.000000 0.000000 0.000000 
2721268054230 0.000000 0.000000 0.000000 
2721287860138 0.000000 0.000000 0.000000 
2721307696564 0.000000 0.000000 0.000000 
2721327532990 0.000000 0.000000 0.000000 
2721347369415 0.000000 0.000000 0.000000 
2721367175324 0.000000 0.000000 0.000000 
2721386981232 0.000000 0.000000 0.000000 
2721406817658 0.000000 0.000000 0.000000 
2721426623566 0.000000 0.000000 0.000000 
2721446429474 0.000000 0.000000 0.000000 
2721466265900 0.000000 0.000000 0.000000 
2721486071808 0.000000 0.000000 0.000000 
2721505877716 0.000000 0.000000 0.000000 
2721525714142 0.000000 0.000000 0.000000 
2721545520050 0.000000 0.000000 0.000000 
2721565356476 0.000000 0.000000 0.000000 
2721585162384 0.000000 0.000000 0.000000 
2721604998810 0.000000 0.000000 0.000000 
2721624835236 0.000000 0.000000 0.000000 
2721644641144 0.000000 0.000000 0.000000 
2721664447052 0.000000 0.000000 0.000000 
2721684283478 0.000000 0.000000 0.000000 
2721704089386 0.000000 0.000000 0.000000 
2721723895294 0.000000 0.000000 0.000000 
2721743731720 0.000000 0.000000 0.000000 
2721763537628 0.000000 0.000000 0.000000 
2721783374054 0.000000 0.000000 0.000000 
2721803179962 0.000000 0.000000 0.000000 
2721822985871 0.000000 0.000000 0.000000 
2721842822296 0.000000 0.000000 0.000000 
2721862628205 0.000000 0.000000 0.000000 
2721882434113 0.000000 0.000000 0.000000 
2721902270539 0.000000 0.000000 0.000000 
2721922106964 0.000000 0.000000 0.000000 
2721941912873 0.000000 0.000000 0.000000 
2721961749298 0.000000 0.000000 0.000000 
2721981555206 0.000000 0.000000 0.000000 
2722001361115 0.000000 0.000000 0.000000 
2722021197540 0.000000 0.000000 0.000000 
2722041003449 0.000000 0.000000 0.000000 
2722060839874 0.000000 0.000000 0.000000 
2722080645783 0.000000 0.000000 0.000000 
2722100451691 0.000000 0.000000 0.000000 
2722120288117 0.000000 0.000000 0.000000 
2722140094025 0.000000 0.000000 0.000000 
2722159899933 0.000000 0.000000 0.000000 
2722179736359 0.000000 0.000000 0.000000 
2722199572785 0.000000 0.000000 0.000000 
2722219409210 0.000000 0.000000 0.000000 
2722239215119 0.000000 0.000000 0.000000 
2722259021027 0.000000 0.000000 0.000000 
2722278857453 0.000000 0.000000 0.000000 
2722298663361 0.000000 0.000000 0.000000 
2722318469269 0.000000 0.000000 0.000000 
2722338305695 0.000000 0.000000 0.000000 
2722358111603 0.000000 0.000000 0.000000 
2722377948029 0.000000 0.000000 0.000000 
2722397753937 0.000000 0.000000 0.000000 
2722417559845 0.000000 0.000000 0.000000 
2722437396271 0.000000 0.000000 0.000000 
2722457202179 0.000000 0.000000 0.000000 
2722477038605 0.000000 0.000000 0.000000 
2722496875031 0.000000 0.000000 0.000000 
2722516680939 0.000000 0.000000 0.000000 
2722536486847 0.000000 0.000000 0.000000 
2722556323273 0.000000 0.000000 0.000000 
2722576129181 0.000000 0.000000 0.000000 
2722595935089 0.000000 0.000000 0.000000 
2722615771515 0.000000 0.000000 0.000000 
2722635577423 0.000000 0.000000 0.000000 
2722655413849 0.000000 0.000000 0.000000 
2722675219757 0.000000 0.000000 0.000000 
2722695025665 0.000000 0.000000 0.000000 
2722714862091 0.000000 0.000000 0.000000 
2722734667999 0.000000 0.000000 0.000000 
2722754504425 0.000000 0.000000 0.000000 
2722774340851 0.000000 0.000000 0.000000 
2722794146759 0.000000 0.000000 0.000000 
2722813952667 0.000000 0.000000 0.000000 
2722833789093 0.000000 0.000000 0.000000 
2722853595001 0.000000 0.000000 0.000000 
2722873431427 0.000000 0.000000 0.000000 
2722893237335 0.000000 0.000000 0.000000 
2722913043244 0.000000 0.000000 0.000000 
2722932879669 0.000000 0.000000 0.000000 
2722952685578 0.000000 0.000000 0.000000 
2722972491486 0.000000 0.000000 0.000000 
2722992327912 0.000000 0.000000 0.000000 
2723012133820 0.000000 0.000000 0.000000 
2723031970246 0.000000 0.000000 0.000000 
2723051806671 0.000000 0.000000 0.000000 
2723071612580 0.000000 0.000000 0.000000 
2723091449005 0.000000 0.000000 0.000000 
2723111254914 0.000000 0.000000 0.000000 
2723131060822 0.000000 0.000000 0.000000 
2723150897248 0.000000 0.000000 0.000000 
2723170703156 0.000000 0.000000 0.000000 
2723190539581 0.000000 0.000000 0.000000 
2723210345490 0.000000 0.000000 0.000000 
2723230151398 0.000000 0.000000 0.000000 
2723249987824 0.000000 0.000000 0.000000 
2723269793732 0.000000 0.000000 0.000000 
2723289599640 0.000000 0.000000 0.000000 
2723309436066 0.000000 0.000000 0.000000 
2723329272492 0.000000 0.000000 0.000000 
2723349078400 0.000000 0.000000 0.000000 
2723368914826 0.000000 0.000000 0.000000 
2723388720734 0.000000 0.000000 0.000000 
2723408557160 0.000000 0.000000 0.000000 
2723428363068 0.000000 0.000000 0.000000 
2723448168976 0.000000 0.000000 0.000000 
2723468005402 0.000000 0.000000 0.000000 
2723487811310 0.000000 0.000000 0.000000 
2723507617218 0.000000 0.000000 0.000000 
2723527453644 0.000000 0.000000 0.000000 
2723547259552 0.000000 0.000000 0.000000 
2723567095978 0.000000 0.000000 0.000000 
2723586901886 0.000000 0.000000 0.000000 
2723606738312 0.000000 0.000000 0.000000 
2723626574738 0.000000 0.000000 0.000000 
2723646380646 0.000000 0.000000 0.000000 
2723666186554 0.000000 0.000000 0.000000 
2723686022980 0.000000 0.000000 0.000000 
2723705828888 0.000000 0.000000 0.000000 
2723725665314 0.000000 0.000000 0.000000 
2723745471222 0.000000 0.000000 0.000000 
2723765277130 0.000000 0.000000 0.000000 
2723785113556 0.000000 0.000000 0.000000 
2723804919464 0.000000 0.000000 0.000000 
2723824725373 0.000000 0.000000 0.000000 
2723844561798 0.000000 0.000000 0.000000 
2723864367706 0.000000 0.000000 0.000000 
2723884173615 0.000000 0.000000 0.000000 
2723904010040 0.000000 0.000000 0.000000 
2723923846466 0.000000 0.000000 0.000000 
2723943652374 0.000000 0.000000 0.000000 
2723963488800 0.000000 0.000000 0.000000 
2723983294708 0.000000 0.000000 0.000000 
2724003100617 0.000000 0.000000 0.000000 
2724022937042 0.000000 0.000000 0.000000 
2724042742951 0.000000 0.000000 0.000000 
2724062579376 0.000000 0.000000 0.000000 
2724082385285 0.000000 0.000000 0.000000 
2724102191193 0.000000 0.000000 0.000000 
2724122027619 0.000000 0.000000 0.000000 
2724141833527 0.000000 0.000000 0.000000 
2724161669953 0.000000 0.000000 0.000000 
2724181506378 0.000000 0.000000 0.000000 
2724201312287 0.000000 0.000000 0.000000 
2724221148712 0.000000 0.000000 0.000000 
2724240954621 0.000000 0.000000 0.000000 
2724260760529 0.000000 0.000000 0.000000 
2724280596955 0.000000 0.000000 0.000000 
2724300402863 0.000000 0.000000 0.000000 
2724320239289 0.000000 0.000000 0.000000 
2724340045197 0.000000 0.000000 0.000000 
2724359851105 0.000000 0.000000 0.000000 
2724379687531 0.000000 0.000000 0.000000 
2724399493439 0.000000 0.000000 0.000000 
2724419299347 0.000000 0.000000 0.000000 
2724439135773 0.000000 0.000000 0.000000 
2724458941681 0.000000 0.000000 0.000000 
2724478778107 0.000000 0.000000 0.000000 
2724498614533 0.000000 0.000000 0.000000 
2724518420441 0.000000 0.000000 0.000000 
2724538256867 0.000000 0.000000 0.000000 
2724558062775 0.000000 0.000000 0.000000 
2724577868683 0.000000 0.000000 0.000000 
2724597705109 0.000000 0.000000 0.000000 
2724617511017 0.000000 0.000000 0.000000 
2724637316925 0.000000 0.000000 0.000000 
2724657153351 0.000000 0.000000 0.000000 
2724676959259 0.000000 0.000000 0.000000 
2724696795685 0.000000 0.000000 0.000000 
2724716601593 0.000000 0.000000 0.000000 
2724736407501 0.000000 0.000000 0.000000 
2724756243927 0.000000 0.000000 0.000000 
2724776080353 0.000000 0.000000 0.000000 
2724795886261 0.000000 0.000000 0.000000 
2724815722687 0.000000 0.000000 0.000000 
2724835528595 0.000000 0.000000 0.000000 
2724855334503 0.000000 0.000000 0.000000 
2724875170929 0.000000 0.000000 0.000000 
2724894976837 0.000000 0.000000 0.000000 
2724914813263 0.000000 0.000000 0.000000 
2724934619171 0.000000 0.000000 0.000000 
2724954425080 0.000000 0.000000 0.000000 
2724974261505 0.000000 0.000000 0.000000 
2724994067414 0.000000 0.000000 0.000000 
2725013873322 0.000000 0.000000 0.000000 
2725033709748 0.000000 0.000000 0.000000 
2725053546173 0.000000 0.000000 0.000000 
2725073382599 0.000000 0.000000 0.000000 
2725093188507 0.000000 0.000000 0.000000 
2725112994415 0.000000 0.000000 0.000000 
2725132830841 0.000000 0.000000 0.000000 
2725152636749 0.000000 0.000000 0.000000 
2725172442658 0.000000 0.000000 0.000000 
2725192279083 0.000000 0.000000 0.000000 
2725212084992 0.000000 0.000000 0.000000 
2725231890900 0.000000 0.000000 0.000000 
2725251727326 0.000000 0.000000 0.000000 
2725271533234 0.000000 0.000000 0.000000 
2725291369660 0.000000 0.000000 0.000000 
2725311175568 0.000000 0.000000 0.000000 
2725331011994 0.000000 0.000000 0.000000 
2725350848419 0.000000 0.000000 0.000000 
