# Created at Tue Jun 01 16:08:37 GMT+02:00 2021 in Burnaby Canada 
2719610064728 -0.007629 -23.211670 18.902588 
2719629931671 -0.007629 -23.211670 18.603516 
2719649798615 -0.007629 -23.211670 18.753052 
2719669665558 -0.007629 -23.211670 18.603516 
2719689532501 -0.009155 -23.210144 18.453979 
2719709399445 -0.009155 -23.210144 18.453979 
2719729296906 -0.010681 -23.208618 17.857361 
2719749163849 -0.003052 -24.560547 18.161011 
2719769030792 -0.004578 -24.409485 18.161011 
2719788897736 -0.004578 -24.409485 18.161011 
2719808764679 -0.004578 -24.409485 18.009949 
2719828631623 -0.004578 -24.409485 18.009949 
2719848529083 -0.155640 -24.409485 18.009949 
2719868396027 -0.158691 -23.507690 18.005371 
2719888293488 -0.459290 -23.506165 18.005371 
2719908160431 -0.459290 -23.657227 18.006897 
2719928027374 -0.460815 -23.657227 17.858887 
2719947894318 -0.460815 -23.655701 17.709351 
2719967761261 -0.460815 -23.655701 17.709351 
2719987658722 -0.460815 -23.655701 17.561340 
2720007525665 -0.460815 -23.655701 17.561340 
2720027392609 -0.462341 -23.651123 16.665649 
2720047259552 -0.460815 -23.950195 16.667175 
2720067126496 -0.459290 -23.803711 17.262268 
2720086993439 -0.459290 -23.803711 17.262268 
2720106860382 -0.459290 -23.803711 17.262268 
2720126757843 -0.459290 -23.805237 17.561340 
2720146624787 -0.459290 -23.805237 17.709351 
2720166522248 -0.459290 -23.805237 17.709351 
2720186389191 -0.459290 -23.954773 17.562866 
2720206256134 -0.459290 -23.805237 17.561340 
2720226092560 -0.459290 -23.954773 17.562866 
2720245959503 -0.459290 -23.954773 17.562866 
2720265826447 -0.459290 -23.954773 17.562866 
2720285723908 -0.459290 -23.954773 17.562866 
2720305590851 -0.459290 -23.954773 17.562866 
2720325457794 -0.459290 -23.954773 17.710876 
2720345324738 -0.158691 -23.806763 17.709351 
2720365191681 -0.158691 -23.806763 17.561340 
2720385089142 0.141907 -23.506165 17.559814 
2720404956085 0.140381 -23.207092 17.559814 
2720424853546 0.140381 -23.057556 17.558289 
2720444720490 0.138855 -22.904968 17.558289 
2720464617951 0.440979 -23.208618 17.709351 
2720484484894 0.440979 -23.210144 17.858887 
2720504351837 0.440979 -23.210144 17.858887 
2720524218781 0.440979 -23.208618 17.709351 
2720544116242 0.442505 -23.507690 17.709351 
2720563983185 0.442505 -23.509216 17.858887 
2720583850128 0.444031 -23.660278 18.008423 
2720603717072 0.292969 -23.660278 18.008423 
2720623584015 0.292969 -23.660278 18.159485 
2720643450958 0.144958 -23.809814 18.455505 
2720663317902 0.146484 -23.811340 18.605042 
2720683215363 0.144958 -23.808289 18.006897 
2720703082306 0.144958 -23.808289 18.006897 
2720722949249 0.144958 -23.808289 18.006897 
2720742846710 -0.006104 -23.957825 18.008423 
2720762713654 -0.006104 -23.957825 18.008423 
2720782580597 -0.006104 -23.957825 18.008423 
2720802447540 -0.006104 -23.957825 18.008423 
2720822345001 -0.006104 -23.957825 18.008423 
2720842211945 -0.006104 -23.957825 18.008423 
2720862078888 -0.006104 -23.808289 18.006897 
2720881945831 -0.006104 -23.808289 18.006897 
2720901812775 -0.006104 -23.808289 18.157959 
2720921679718 -0.006104 -23.808289 18.006897 
2720941546662 -0.006104 -23.808289 18.006897 
2720961444123 -0.157166 -23.808289 18.006897 
2720981311066 -0.457764 -23.806763 18.006897 
2721001178009 -0.157166 -23.808289 18.006897 
2721021044953 -0.610352 -23.655701 18.005371 
2721040942414 -0.460815 -23.657227 17.858887 
2721060809357 -0.611877 -23.654175 17.707825 
2721080676300 -0.611877 -23.655701 17.857361 
2721100543244 -0.611877 -23.655701 17.857361 
2721120440705 -0.611877 -23.655701 17.857361 
2721140307648 -0.611877 -23.655701 17.857361 
2721160174591 -0.611877 -23.655701 17.857361 
2721180041535 -0.610352 -23.657227 18.453979 
2721199908478 0.143433 -23.658752 18.157959 
2721219775421 -0.459290 -23.658752 18.455505 
2721239672882 -0.459290 -23.658752 18.455505 
2721259539826 -0.457764 -23.660278 18.904114 
2721279406769 -0.457764 -23.661804 19.053650 
2721299273712 -0.457764 -23.661804 19.053650 
2721319171173 -0.457764 -23.661804 19.053650 
2721339038117 -0.457764 -23.661804 19.053650 
2721358905060 -0.457764 -23.661804 19.053650 
2721378802521 -0.457764 -23.661804 19.053650 
2721398669464 -0.006104 -23.663330 19.053650 
2721418536408 -0.006104 -23.661804 18.754578 
2721438403351 -0.459290 -23.658752 18.455505 
2721458270294 -0.158691 -23.658752 18.006897 
2721478167755 -0.157166 -23.808289 18.006897 
2721498034699 -0.157166 -23.808289 18.157959 
2721517901642 -0.157166 -23.808289 18.157959 
2721537768585 -0.157166 -23.808289 18.157959 
2721557635529 -0.157166 -23.808289 18.157959 
2721577502472 -0.157166 -23.809814 18.455505 
2721597430451 -0.155640 -23.811340 18.605042 
2721617297394 -0.157166 -23.808289 18.006897 
2721637164337 -0.157166 -23.808289 18.006897 
2721657031281 -0.157166 -23.808289 18.006897 
2721676898224 -0.157166 -23.808289 18.006897 
2721696795685 -0.157166 -23.808289 18.006897 
2721716662628 -0.157166 -23.808289 18.006897 
2721736529572 -0.157166 -23.808289 18.006897 
2721756396515 -0.157166 -23.808289 18.006897 
2721776263458 -0.157166 -23.808289 18.006897 
2721796130402 -0.157166 -23.808289 18.006897 
2721815997345 -0.157166 -23.808289 18.006897 
2721835894806 -0.158691 -23.658752 18.006897 
2721855761749 -0.158691 -23.658752 18.006897 
2721875628693 -0.158691 -23.658752 18.006897 
2721895526154 -0.158691 -23.658752 18.006897 
2721915393097 -0.158691 -23.658752 18.006897 
2721935260040 -0.007629 -23.658752 18.006897 
2721955157501 0.143433 -23.658752 18.006897 
2721975024445 0.444031 -23.660278 18.008423 
2721994891388 0.144958 -23.808289 18.157959 
2722014758331 0.144958 -23.809814 18.455505 
2722034625275 0.297546 -23.815918 19.651794 
2722054492218 0.296021 -23.812866 18.905640 
2722074359162 0.296021 -23.812866 18.756104 
2722094256623 0.296021 -23.812866 18.756104 
2722114123566 0.296021 -23.962402 18.757629 
2722133990509 0.146484 -23.960876 18.756104 
2722153857453 0.146484 -23.960876 18.756104 
2722173754914 0.144958 -24.108887 17.710876 
2722193621857 0.146484 -23.960876 18.606567 
2722213488800 -0.004578 -23.960876 18.756104 
2722233355744 0.146484 -23.960876 18.606567 
2722253253205 0.146484 -23.960876 18.606567 
2722273120148 0.146484 -23.811340 18.605042 
2722292987091 0.146484 -23.960876 18.606567 
2722312854035 0.146484 -23.960876 18.606567 
2722332720978 0.146484 -23.960876 18.606567 
2722352587921 0.146484 -23.960876 18.606567 
2722372454865 0.296021 -23.962402 18.608093 
2722392321808 0.144958 -23.809814 18.455505 
2722412219269 0.144958 -23.809814 18.455505 
2722432086212 0.144958 -23.809814 18.455505 
2722451953156 0.144958 -23.809814 18.455505 
2722471850617 0.144958 -23.809814 18.455505 
2722491717560 0.144958 -23.809814 18.455505 
2722511615021 0.143433 -23.660278 18.455505 
2722531481964 0.143433 -23.660278 18.455505 
2722551348908 0.143433 -23.660278 18.455505 
2722571215851 0.144958 -23.510742 18.753052 
2722591082794 0.144958 -23.510742 18.603516 
2722610949738 0.144958 -23.510742 18.603516 
2722630847199 0.144958 -23.510742 18.603516 
2722650714142 0.144958 -23.510742 18.603516 
2722670581085 0.144958 -23.510742 18.603516 
2722690448029 0.144958 -23.510742 18.603516 
2722710314972 0.143433 -23.509216 18.453979 
2722730212433 0.143433 -23.507690 18.156433 
2722750109894 0.143433 -23.507690 18.156433 
2722769976837 0.141907 -23.208618 18.156433 
2722789843781 0.141907 -23.208618 18.156433 
2722809710724 0.141907 -23.208618 18.156433 
2722829577667 0.143433 -23.658752 18.157959 
2722849475128 0.143433 -23.658752 18.157959 
2722869342072 0.143433 -23.658752 18.157959 
2722889209015 -0.158691 -23.507690 18.156433 
2722909075958 -0.457764 -23.806763 18.157959 
2722928942902 -0.157166 -23.808289 18.157959 
2722948809845 -0.157166 -23.957825 18.159485 
2722968707306 -0.006104 -23.957825 18.159485 
2722988574249 0.144958 -23.957825 18.159485 
2723008441193 0.144958 -23.957825 18.159485 
2723028338654 0.144958 -23.959351 18.457031 
2723048205597 0.144958 -23.959351 18.457031 
2723068072540 0.146484 -23.960876 18.606567 
2723087970001 0.144958 -23.959351 18.457031 
2723107836945 0.141907 -23.210144 18.453979 
2723127703888 -0.006104 -23.510742 18.603516 
2723147570831 -0.006104 -23.510742 18.603516 
2723167437775 -0.006104 -23.510742 18.603516 
2723187304718 -0.006104 -23.510742 18.603516 
2723207202179 -0.006104 -23.510742 18.603516 
2723227069123 -0.006104 -23.510742 18.603516 
2723246936066 -0.006104 -23.510742 18.603516 
2723266803009 -0.006104 -23.510742 18.603516 
2723286669953 -0.457764 -23.509216 18.603516 
2723306567414 -0.459290 -23.210144 18.603516 
2723326464874 -0.459290 -23.060608 18.601990 
2723346331818 -0.457764 -23.808289 18.455505 
2723366198761 -0.457764 -23.808289 18.455505 
2723386065705 -0.457764 -23.808289 18.455505 
2723405963165 -0.457764 -23.806763 18.157959 
2723425830109 -0.456238 -23.809814 18.605042 
2723445697052 -0.456238 -23.809814 18.605042 
2723465563996 -0.155640 -23.811340 18.605042 
2723485430939 -0.157166 -23.661804 18.605042 
2723505328400 -0.004578 -23.960876 18.606567 
2723525195343 -0.003052 -24.113464 18.606567 
2723545062287 -0.003052 -24.113464 18.606567 
2723564929230 0.148010 -24.113464 18.606567 
2723584796173 0.148010 -24.113464 18.756104 
2723604693634 0.146484 -23.960876 18.756104 
2723624591095 0.146484 -23.811340 18.754578 
2723644458039 0.146484 -23.811340 18.754578 
2723664324982 0.144958 -23.510742 18.753052 
2723684191925 0.143433 -23.211670 18.753052 
2723704058869 0.140381 -22.610474 18.750000 
2723723925812 0.140381 -22.610474 18.750000 
2723743792755 0.140381 -22.610474 18.750000 
2723763690216 0.140381 -22.610474 18.750000 
2723783557160 -0.613403 -22.607422 18.598938 
2723803424103 -0.613403 -22.607422 18.598938 
2723823291046 -0.611877 -22.906494 18.600464 
2723843157990 -0.610352 -23.657227 18.453979 
2723863024933 -0.605774 -24.557495 18.008423 
2723882891876 -0.610352 -23.657227 18.453979 
2723902819855 -0.608826 -23.956299 18.455505 
2723922686798 -0.608826 -23.956299 18.455505 
2723942553742 -0.457764 -23.808289 18.455505 
2723962420685 0.445557 -23.811340 18.457031 
2723982287628 0.746155 -23.812866 18.457031 
2724002154572 0.445557 -23.811340 18.457031 
2724022021515 0.444031 -23.661804 18.457031 
2724041918976 0.444031 -23.661804 18.457031 
2724061785919 0.445557 -23.811340 18.457031 
2724081652863 0.445557 -23.811340 18.457031 
2724101519806 0.294495 -23.811340 18.457031 
2724121386749 0.294495 -23.811340 18.457031 
2724141284210 0.144958 -23.809814 18.455505 
2724161151154 -0.006104 -23.809814 18.455505 
2724181048615 -0.006104 -23.809814 18.455505 
2724200915558 -0.006104 -23.809814 18.455505 
2724220782501 -0.006104 -23.809814 18.455505 
2724240649445 -0.006104 -23.959351 18.457031 
2724260516388 -0.006104 -23.959351 18.457031 
2724280383331 -0.006104 -23.959351 18.457031 
2724300280792 -0.006104 -23.957825 18.008423 
2724320147736 -0.009155 -23.953247 16.964722 
2724340014679 -0.012207 -23.947144 15.322876 
2724359881623 -0.010681 -23.950195 16.070557 
2724379748566 -0.009155 -23.951721 16.667175 
2724399615509 -0.160217 -23.953247 16.964722 
2724419512970 -0.160217 -23.953247 16.964722 
2724439379914 -0.160217 -23.954773 17.114258 
2724459277374 -0.158691 -23.956299 17.562866 
2724479144318 -0.157166 -23.808289 18.006897 
2724499011261 -0.158691 -23.658752 18.157959 
2724518908722 -0.161743 -23.059082 17.855835 
2724538775665 -0.009155 -23.060608 18.452454 
2724558642609 -0.009155 -23.208618 18.156433 
2724578540070 0.141907 -23.208618 18.156433 
2724598407013 0.140381 -22.906494 18.154907 
2724618273956 0.140381 -22.906494 18.154907 
2724638140900 0.140381 -22.906494 18.154907 
2724658007843 -0.010681 -22.906494 18.154907 
2724677844269 -0.010681 -22.906494 18.154907 
2724697711212 -0.010681 -22.906494 18.154907 
2724717608673 -0.010681 -22.908020 18.452454 
2724737475617 0.140381 -22.908020 18.452454 
2724757373078 0.143433 -23.062134 18.601990 
2724777240021 0.143433 -23.211670 18.603516 
2724797106964 0.148010 -24.113464 18.606567 
2724816973908 0.148010 -24.113464 18.606567 
2724836840851 0.148010 -24.113464 18.606567 
2724856707794 0.148010 -24.113464 18.606567 
2724876605255 0.148010 -24.113464 18.606567 
2724896472199 -0.003052 -24.113464 18.606567 
2724916339142 -0.003052 -24.113464 18.606567 
2724936206085 -0.003052 -24.113464 18.606567 
2724956073029 -0.003052 -24.113464 18.606567 
2724975939972 -0.004578 -23.960876 18.756104 
2724995837433 -0.004578 -23.811340 18.754578 
2725015704376 -0.006104 -23.661804 18.754578 
2725035601837 -0.006104 -23.661804 18.754578 
2725055468781 -0.006104 -23.661804 18.754578 
2725075335724 -0.006104 -23.661804 18.754578 
2725095202667 0.292969 -23.213196 18.754578 
2725115069611 0.292969 -23.213196 18.754578 
2725134967072 0.292969 -23.213196 18.754578 
2725154834015 0.292969 -23.213196 18.754578 
2725174700958 0.292969 -23.213196 18.754578 
2725194567902 0.294495 -23.512268 18.754578 
2725214434845 0.144958 -23.510742 18.753052 
2725234301789 0.144958 -23.510742 18.753052 
2725254168732 0.146484 -23.811340 18.754578 
2725274035675 0.144958 -23.510742 18.603516 
2725293933136 0.144958 -23.661804 18.605042 
2725313800080 -0.157166 -23.661804 18.605042 
2725333697540 -0.006104 -23.661804 18.605042 
2725353564484 -0.006104 -23.661804 18.605042 
