# Created at Tue Jun 08 20:42:51 GMT+02:00 2021 in Copenhagen 
18128253841401, -32.373047, -50.375366, -98.516846 
18128273708344, -32.373047, -50.375366, -98.516846 
18128293575288, -32.373047, -50.375366, -98.516846 
18128313442231, -32.374573, -50.373840, -98.815918 
18128333309174, -32.373047, -50.373840, -98.666382 
18128353176118, -32.373047, -50.375366, -98.516846 
18128373043061, -32.824707, -50.520325, -98.666382 
18128392910004, -32.975769, -50.520325, -98.666382 
18128412776948, -33.277893, -50.518799, -98.817444 
18128432674409, -32.223511, -50.521851, -99.111938 
18128452541352, -32.977295, -50.669861, -99.412537 
18128472408295, -32.977295, -50.669861, -99.412537 
18128492275239, -32.977295, -50.669861, -99.562073 
18128512142182, -32.975769, -50.671387, -99.263000 
18128532009125, -32.977295, -50.518799, -99.113464 
18128551876069, -32.977295, -50.518799, -99.113464 
18128571743012, -32.977295, -50.518799, -99.113464 
18128591609956, -32.977295, -50.520325, -98.815918 
18128611476899, -32.826233, -50.520325, -98.815918 
18128631343842, -32.373047, -50.523376, -98.664856 
18128651210786, -32.371521, -50.527954, -97.619629 
18128671077729, -32.824707, -50.520325, -98.666382 
18128690944672, -32.823181, -50.672913, -98.666382 
18128710842133, -32.522583, -50.674438, -98.664856 
18128730709077, -32.522583, -50.674438, -98.664856 
18128750576020, -32.371521, -50.675964, -98.664856 
18128770442963, -32.371521, -50.675964, -98.664856 
18128790279389, -32.220459, -50.675964, -98.664856 
18128810146333, -32.371521, -50.675964, -98.664856 
18128830013276, -32.371521, -50.675964, -98.664856 
18128849910737, -32.221985, -50.675964, -98.814392 
18128869777680, -32.221985, -50.675964, -98.814392 
18128889644624, -32.220459, -50.675964, -98.664856 
18128909481049, -32.220459, -50.675964, -98.664856 
18128929347993, -32.220459, -50.677490, -98.515320 
18128949275971, -32.220459, -50.677490, -98.515320 
18128969142915, -31.919861, -50.677490, -98.664856 
18128989009858, -31.918335, -50.976563, -98.663330 
18129008907319, -31.918335, -50.976563, -98.663330 
18129028774262, -31.918335, -50.976563, -98.663330 
18129048641206, -31.919861, -50.677490, -98.664856 
18129068538667, -32.220459, -50.675964, -98.664856 
18129088375092, -32.220459, -50.675964, -98.664856 
18129108242036, -32.220459, -50.675964, -98.664856 
18129128108979, -32.220459, -50.675964, -98.664856 
18129147975922, -32.220459, -50.675964, -98.664856 
18129167842866, -32.220459, -50.677490, -98.515320 
18129187709809, -32.221985, -50.375366, -98.516846 
18129207576752, -32.221985, -50.376892, -98.069763 
18129227443696, -32.221985, -50.376892, -98.069763 
18129247310639, -32.220459, -50.527954, -97.619629 
18129267177583, -32.221985, -50.376892, -98.217773 
18129287075043, -32.221985, -50.376892, -98.217773 
18129306941987, -32.373047, -50.376892, -98.217773 
18129326808930, -32.373047, -50.376892, -98.217773 
18129346675874, -32.373047, -50.376892, -98.217773 
18129366542817, -32.373047, -50.376892, -98.217773 
18129386409760, -32.373047, -50.376892, -98.217773 
18129406276704, -32.373047, -50.375366, -98.516846 
18129426143647, -32.373047, -50.375366, -98.516846 
18129446010590, -32.373047, -50.375366, -98.516846 
18129465877534, -32.373047, -50.375366, -98.516846 
18129485774995, -32.373047, -50.375366, -98.516846 
18129505641938, -32.373047, -50.375366, -98.516846 
18129525508881, -32.373047, -50.375366, -98.516846 
18129545375825, -32.373047, -50.524902, -98.515320 
18129565273286, -32.373047, -50.524902, -98.515320 
18129585140229, -32.373047, -50.524902, -98.515320 
18129605007172, -32.373047, -50.524902, -98.367310 
18129624874116, -32.371521, -50.677490, -98.367310 
18129644741059, -32.373047, -50.524902, -98.367310 
18129664608002, -32.373047, -50.524902, -98.367310 
18129684474946, -32.373047, -50.524902, -98.367310 
18129704341889, -32.371521, -50.677490, -98.367310 
18129724208833, -32.371521, -50.677490, -98.367310 
18129744075776, -32.371521, -50.677490, -98.367310 
18129763942719, -32.371521, -50.677490, -98.367310 
18129783809663, -32.371521, -50.677490, -98.367310 
18129803676606, -32.371521, -50.677490, -98.367310 
18129823543549, -32.371521, -50.677490, -98.367310 
18129843410493, -32.371521, -50.679016, -98.216248 
18129863307954, -32.373047, -50.526428, -98.216248 
18129883174897, -32.373047, -50.376892, -98.217773 
18129903041840, -32.373047, -50.376892, -98.217773 
18129922908784, -32.373047, -50.376892, -98.217773 
18129942775727, -32.823181, -50.375366, -97.622681 
18129962642670, -32.974243, -50.524902, -97.621155 
18129982509614, -32.974243, -50.524902, -97.621155 
18130002376557, -32.974243, -50.524902, -97.621155 
18130022243500, -32.974243, -50.524902, -97.621155 
18130042110444, -32.974243, -50.524902, -97.621155 
18130062007905, -32.974243, -50.524902, -97.770691 
18130081874848, -32.974243, -50.524902, -97.770691 
18130101741792, -32.974243, -50.524902, -97.770691 
18130121608735, -32.823181, -50.524902, -97.770691 
18130141506196, -32.823181, -50.524902, -97.770691 
18130161373139, -32.522583, -50.526428, -97.769165 
18130181240083, -32.522583, -50.526428, -97.769165 
18130201107026, -32.522583, -50.526428, -97.769165 
18130220973969, -32.522583, -50.526428, -97.769165 
18130240840913, -32.522583, -50.526428, -97.769165 
18130260707856, -32.522583, -50.526428, -97.769165 
18130280577414, -32.522583, -50.526428, -97.769165 
18130300444358, -32.524109, -50.524902, -98.068237 
18130320311301, -32.524109, -50.524902, -98.216248 
18130340178244, -32.524109, -50.524902, -98.068237 
18130360075705, -32.524109, -50.523376, -98.515320 
18130379942649, -32.524109, -50.523376, -98.515320 
18130399809592, -32.824707, -50.521851, -98.516846 
18130419676535, -32.824707, -50.521851, -98.516846 
18130439573996, -32.824707, -50.521851, -98.516846 
18130459440940, -32.823181, -50.674438, -98.516846 
18130479307883, -32.823181, -50.674438, -98.368835 
18130499174826, -32.823181, -50.674438, -98.368835 
18130519041770, -32.823181, -50.674438, -98.368835 
18130538878196, -32.823181, -50.674438, -98.368835 
18130558745139, -32.823181, -50.674438, -98.368835 
18130578612082, -32.823181, -50.674438, -98.368835 
18130598479026, -32.824707, -50.521851, -98.368835 
18130618345969, -32.824707, -50.523376, -98.217773 
18130638212912, -32.824707, -50.523376, -98.217773 
18130658079856, -32.824707, -50.373840, -98.219299 
18130677977317, -32.824707, -50.373840, -98.219299 
18130697844260, -32.824707, -50.373840, -98.219299 
18130717741721, -32.824707, -50.373840, -98.219299 
18130737608664, -32.824707, -50.373840, -98.219299 
18130757475608, -32.824707, -50.373840, -98.219299 
18130777342551, -32.824707, -50.373840, -98.219299 
18130797209494, -32.824707, -50.373840, -98.219299 
18130817076438, -32.824707, -50.373840, -98.219299 
18130836943381, -32.824707, -50.373840, -98.219299 
18130856871360, -32.524109, -50.375366, -98.217773 
18130876738303, -32.524109, -50.375366, -98.217773 
18130896605246, -32.524109, -50.375366, -98.217773 
18130916472190, -32.524109, -50.375366, -98.217773 
18130936339133, -32.524109, -50.375366, -98.069763 
18130956206076, -32.524109, -50.375366, -98.069763 
18130976073020, -32.524109, -50.375366, -98.069763 
18130995970481, -32.373047, -50.376892, -98.069763 
18131015806907, -32.371521, -50.378418, -97.770691 
18131035673850, -32.371521, -50.378418, -97.621155 
18131055540793, -32.371521, -50.527954, -97.619629 
18131075407737, -32.368469, -50.979614, -97.618103 
18131095274680, -32.368469, -50.979614, -97.618103 
18131115141623, -32.369995, -50.680542, -97.619629 
18131135008567, -32.369995, -50.680542, -97.619629 
18131154875510, -32.369995, -50.680542, -97.619629 
18131174711936, -32.369995, -50.680542, -97.619629 
18131194578879, -32.371521, -50.527954, -97.619629 
18131214445823, -32.371521, -50.527954, -97.619629 
18131234312766, -32.371521, -50.527954, -97.619629 
18131254179709, -32.371521, -50.527954, -97.619629 
18131274046653, -32.522583, -50.526428, -97.619629 
18131293944114, -32.521057, -50.679016, -97.619629 
18131313811057, -32.974243, -50.675964, -98.069763 
18131333708518, -32.974243, -50.675964, -98.069763 
18131353575461, -32.974243, -50.675964, -98.069763 
18131373442405, -32.974243, -50.524902, -97.770691 
18131393339865, -32.974243, -50.524902, -97.770691 
18131413206809, -32.824707, -50.523376, -98.069763 
18131433073752, -32.824707, -50.523376, -98.069763 
18131452940696, -32.824707, -50.523376, -98.069763 
18131472807639, -32.824707, -50.523376, -98.069763 
18131492674582, -32.821655, -51.126099, -98.068237 
18131512541526, -32.821655, -51.126099, -98.068237 
18131532408469, -32.823181, -50.674438, -98.368835 
18131552275412, -32.824707, -50.521851, -98.368835 
18131572172873, -32.824707, -50.521851, -98.368835 
18131592039817, -32.824707, -50.372314, -98.370361 
18131611906760, -32.824707, -50.372314, -98.370361 
18131631773703, -32.824707, -50.372314, -98.370361 
18131651640647, -32.824707, -50.523376, -98.217773 
18131671507590, -32.824707, -50.523376, -98.069763 
18131691374533, -32.525635, -50.521851, -98.814392 
18131711241477, -32.525635, -50.520325, -99.261475 
18131731108420, -32.525635, -50.520325, -99.261475 
18131750975364, -32.525635, -50.520325, -99.261475 
18131770842307, -32.374573, -50.521851, -99.261475 
18131790709250, -32.223511, -50.521851, -99.261475 
18131810576194, -32.223511, -50.521851, -99.261475 
18131830443137, -32.223511, -50.521851, -99.261475 
18131850310080, -32.223511, -50.521851, -99.261475 
18131870207541, -32.223511, -50.521851, -99.111938 
18131890074485, -32.221985, -50.523376, -98.664856 
18131909941428, -32.221985, -50.523376, -98.664856 
18131929808371, -32.221985, -50.526428, -98.068237 
18131949705832, -32.221985, -50.526428, -98.216248 
18131969542258, -32.220459, -50.527954, -97.769165 
18131989409201, -32.220459, -50.527954, -97.769165 
18132009276145, -32.220459, -50.527954, -97.769165 
18132029143088, -32.220459, -50.527954, -97.769165 
18132049010032, -32.220459, -50.527954, -97.769165 
18132068876975, -32.220459, -50.378418, -97.770691 
18132088743918, -32.220459, -50.378418, -97.770691 
18132108610862, -32.220459, -50.378418, -97.770691 
18132128477805, -32.220459, -50.378418, -97.770691 
18132148375266, -32.824707, -50.523376, -98.069763 
18132168242209, -32.373047, -50.526428, -98.068237 
18132188109153, -32.371521, -50.679016, -98.068237 
18132207976096, -32.373047, -50.526428, -98.068237 
18132227843039, -32.373047, -50.526428, -98.068237 
18132247709983, -32.369995, -50.978088, -98.214722 
18132267607444, -32.820129, -51.425171, -98.214722 
18132287504905, -32.820129, -51.425171, -98.214722 
18132307371848, -32.971191, -51.425171, -98.214722 
18132327238791, -33.421326, -51.274109, -98.216248 
18132347105735, -33.271790, -51.272583, -98.367310 
18132366972678, -33.271790, -51.272583, -98.367310 
18132386839621, -33.271790, -51.272583, -98.367310 
18132406706565, -33.271790, -51.272583, -98.367310 
18132426604026, -33.274841, -51.121521, -98.815918 
18132446470969, -33.274841, -51.121521, -98.815918 
18132466337912, -33.274841, -51.119995, -99.263000 
18132486204856, -32.974243, -51.123047, -98.814392 
18132506071799, -32.974243, -51.123047, -98.814392 
18132525938742, -32.975769, -50.672913, -98.815918 
18132545805686, -32.974243, -50.971985, -98.814392 
18132565672629, -32.826233, -50.520325, -98.815918 
18132585539573, -32.826233, -50.520325, -98.815918 
18132605406516, -32.824707, -50.520325, -98.666382 
18132625273459, -32.824707, -50.370789, -98.667908 
18132645140403, -32.824707, -50.221252, -98.667908 
18132665007346, -32.826233, -50.070190, -98.669434 
18132684874289, -32.826233, -50.070190, -98.669434 
18132704741233, -32.826233, -50.070190, -98.669434 
18132724669211, -32.826233, -50.070190, -98.669434 
18132744536155, -32.826233, -50.070190, -98.669434 
18132764403098, -32.826233, -50.070190, -98.669434 
18132784270041, -32.826233, -50.070190, -98.669434 
18132804136985, -32.824707, -50.221252, -98.667908 
18132824003928, -32.826233, -50.070190, -98.669434 
18132843870871, -32.826233, -50.070190, -98.669434 
18132863737815, -32.826233, -50.070190, -98.669434 
18132883604758, -32.826233, -50.070190, -98.669434 
18132903471701, -32.826233, -50.070190, -98.669434 
18132923308127, -32.826233, -50.070190, -98.669434 
18132943175071, -32.824707, -50.221252, -98.667908 
18132963042014, -32.824707, -50.221252, -98.667908 
18132982908957, -32.824707, -50.370789, -98.667908 
18133002806418, -32.824707, -50.520325, -98.666382 
18133022673362, -32.524109, -50.224304, -98.516846 
18133042540305, -32.524109, -50.523376, -98.515320 
18133062407248, -32.524109, -50.373840, -98.516846 
18133082304709, -32.524109, -50.523376, -98.515320 
18133102171653, -32.522583, -50.675964, -98.515320 
18133122038596, -32.522583, -50.675964, -98.515320 
18133141905539, -32.522583, -50.674438, -98.664856 
18133161772483, -32.522583, -50.674438, -98.664856 
18133181639426, -32.522583, -50.674438, -98.664856 
18133201536887, -32.522583, -50.674438, -98.664856 
18133221403830, -32.522583, -50.674438, -98.664856 
18133241270774, -32.823181, -50.672913, -98.666382 
18133261137717, -32.823181, -50.672913, -98.666382 
18133281004660, -32.823181, -50.672913, -98.666382 
18133300902121, -32.823181, -50.674438, -98.368835 
18133320769065, -32.823181, -50.675964, -98.217773 
18133340636008, -32.821655, -50.973511, -98.367310 
18133360502951, -32.823181, -50.675964, -98.069763 
18133380369895, -32.820129, -51.275635, -98.214722 
18133400236838, -32.820129, -51.275635, -98.214722 
18133420103782, -32.519531, -51.275635, -98.364258 
18133439970725, -32.368469, -51.277161, -98.364258 
18133459837668, -32.368469, -51.277161, -98.364258 
18133479704612, -32.369995, -51.274109, -99.258423 
18133499571555, -32.371521, -51.124573, -99.259949 
18133519438498, -32.373047, -51.123047, -99.707031 
18133539305442, -32.374573, -50.372314, -99.263000 
18133559172385, -32.376099, -50.370789, -99.412537 
18133579069846, -32.374573, -50.372314, -99.113464 
18133598936789, -32.525635, -50.370789, -99.113464 
18133618803733, -32.977295, -50.370789, -98.817444 
18133638670676, -32.977295, -50.370789, -98.817444 
18133658537619, -32.977295, -50.370789, -98.817444 
18133678404563, -32.971191, -51.422119, -98.663330 
18133698271506, -32.971191, -51.272583, -98.663330 
18133718107932, -32.972717, -50.973511, -98.515320 
18133737974875, -32.972717, -50.973511, -98.515320 
18133757872336, -32.972717, -50.973511, -98.367310 
18133777739280, -32.972717, -50.975037, -98.216248 
