3357097200248 1018.570007  
3357130525443 1018.573242  
3357163850638 1018.578674  
3357197175834 1018.564636  
3357230501029 1018.569519  
3357263826224 1018.574280  
3357297151419 1018.577637  
3357330476615 1018.567078  
3357363801810 1018.577209  
3357397127005 1018.580017  
3357430452201 1018.564209  
3357463777396 1018.568359  
3357497102591 1018.580017  
3357530427787 1018.580017  
3357563752982 1018.574036  
3357597078177 1018.585144  
3357630403373 1018.583984  
3357663728568 1018.583008  
3357697053763 1018.580017  
3357730378959 1018.580017  
3357763704154 1018.583984  
3357797029349 1018.584900  
3357830354544 1018.589172  
3357863679740 1018.593994  
3357897004935 1018.599915  
3357930330130 1018.581604  
3357963655326 1018.579041  
3357996980521 1018.570007  
3358030305716 1018.576111  
3358063630912 1018.566956  
3358096956107 1018.578064  
3358130281302 1018.586121  
3358163606498 1018.586121  
3358196931693 1018.580017  
3358230256888 1018.585938  
3358263582084 1018.580017  
3358296907279 1018.572083  
3358330232474 1018.576111  
3358363557669 1018.580017  
3358396882865 1018.584961  
3358430208060 1018.581055  
3358463533255 1018.580017  
3358496858451 1018.570251  
3358530183646 1018.565979  
3358563508841 1018.553284  
3358596834037 1018.549988  
3358630182229 1018.558899  
3358663507424 1018.566650  
3358696832620 1018.570007  
3358730157815 1018.578857  
3358763483010 1018.580017  
3358796808206 1018.578186  
3358830133401 1018.570007  
3358863458596 1018.570618  
3358896783791 1018.584656  
3358930108987 1018.587097  
3358963434182 1018.580017  
3358996759377 1018.584656  
3359030084573 1018.587219  
3359063409768 1018.570251  
3359096734963 1018.568359  
3359130060159 1018.568665  
3359163385354 1018.556702  
3359196710549 1018.556213  
3359230035745 1018.564270  
3359263360940 1018.566162  
3359296686135 1018.559998  
3359330011331 1018.562683  
3359363336526 1018.566956  
3359396661721 1018.565491  
3359429986916 1018.559998  
3359463312112 1018.642273  
3359496637307 1018.788269  
3359529962502 1018.798828  
3359563287698 1018.789978  
3359596612893 1018.782654  
3359629938088 1018.666016  
3359663263284 1018.534973  
3359696588479 1018.520020  
3359729913674 1018.511536  
3359763238870 1018.513000  
3359796564065 1018.501404  
3359829889260 1018.515442  
3359863214456 1018.513672  
3359896539651 1018.520020  
