# Created at Tue Jun 01 16:19:11 GMT+02:00 2021 in Burnaby Canada 
3353839967582 -0.119141 -0.111969 9.820038 
3353859804007 -0.123917 -0.107178 9.812851 
3353879609916 -0.121521 -0.109573 9.822433 
3353899446341 -0.128708 -0.107178 9.829605 
3353919252250 -0.123917 -0.107178 9.824814 
3353939058158 -0.123917 -0.109573 9.836792 
3353958894584 -0.128708 -0.102402 9.827209 
3353978731009 -0.126312 -0.102402 9.829605 
3353998536918 -0.121521 -0.111969 9.832001 
3354018373343 -0.123917 -0.107178 9.839172 
3354038179251 -0.131104 -0.100006 9.832001 
3354057985160 -0.119141 -0.100006 9.839172 
3354077821585 -0.116745 -0.109573 9.829605 
3354097627494 -0.126312 -0.109573 9.839172 
3354117433402 -0.123917 -0.100006 9.836792 
3354137269828 -0.123917 -0.109573 9.827209 
3354157075736 -0.131104 -0.104782 9.834396 
3354176912162 -0.128708 -0.102402 9.829605 
3354196718070 -0.116745 -0.100006 9.824814 
3354216523978 -0.121521 -0.097610 9.812851 
3354236360404 -0.123917 -0.100006 9.820038 
3354256196830 -0.123917 -0.109573 9.820038 
3354276002738 -0.126312 -0.097610 9.817642 
3354295839164 -0.121521 -0.107178 9.815247 
3354315645072 -0.128708 -0.102402 9.810471 
3354335481498 -0.126312 -0.104782 9.815247 
3354355287406 -0.123917 -0.100006 9.805679 
3354375093314 -0.123917 -0.100006 9.808075 
3354394929740 -0.128708 -0.100006 9.803284 
3354414735648 -0.119141 -0.097610 9.798492 
3354434541556 -0.128708 -0.102402 9.796112 
3354454377982 -0.123917 -0.107178 9.798492 
3354474183890 -0.121521 -0.102402 9.798492 
3354493989798 -0.123917 -0.104782 9.798492 
3354513826224 -0.119141 -0.109573 9.786530 
3354533662650 -0.119141 -0.107178 9.793716 
3354553468558 -0.126312 -0.104782 9.786530 
3354573304984 -0.121521 -0.104782 9.788925 
3354593110892 -0.121521 -0.102402 9.791321 
3354612947318 -0.119141 -0.097610 9.774567 
3354632753226 -0.123917 -0.090424 9.779358 
3354652559134 -0.121521 -0.097610 9.776962 
3354672395560 -0.131104 -0.092819 9.772186 
3354692201468 -0.121521 -0.097610 9.779358 
3354712007376 -0.126312 -0.097610 9.769791 
3354731843802 -0.119141 -0.102402 9.774567 
3354751649710 -0.119141 -0.100006 9.779358 
3354771455619 -0.123917 -0.097610 9.772186 
3354791292044 -0.116745 -0.107178 9.767395 
3354811097953 -0.126312 -0.102402 9.769791 
3354830934378 -0.123917 -0.092819 9.764999 
3354850770804 -0.119141 -0.097610 9.769791 
3354870576712 -0.123917 -0.104782 9.772186 
3354890413138 -0.068893 -0.025818 9.753036 
3354910219046 -0.226807 -0.222031 9.712357 
3354930024955 -0.116745 -0.104782 9.800888 
3354949861380 -0.056915 -0.042572 9.784149 
3354969667289 -0.071274 -0.047363 9.719543 
3354989473197 -0.116745 -0.083252 9.796112 
3355009309623 -0.152634 -0.131104 9.791321 
3355029115531 -0.183746 -0.159821 9.709961 
3355048951957 -0.157425 -0.164612 9.664505 
3355068757865 -0.090424 -0.061722 9.810471 
3355088563773 -0.044952 -0.033005 9.762604 
3355108400199 -0.095215 -0.052139 9.743469 
3355128236625 -0.159821 -0.140686 9.820038 
3355148042533 -0.202881 -0.198105 9.621429 
3355167878959 -0.128708 -0.126328 9.788925 
3355187684867 -0.044952 -0.023438 9.779358 
3355207490775 -0.068893 -0.035400 9.721924 
3355227327201 -0.162201 -0.128708 9.817642 
3355247133109 -0.205276 -0.202896 9.621429 
3355266939017 -0.121521 -0.104782 9.796112 
3355286775443 -0.042572 -0.016251 9.776962 
3355306581351 -0.088028 -0.033005 9.738678 
3355326417777 -0.186142 -0.147858 9.820038 
3355346223685 -0.188522 -0.210068 9.568787 
3355366029593 -0.085632 -0.068893 9.853531 
3355385866019 -0.040176 -0.006683 9.729111 
3355405702445 -0.133499 -0.073685 9.781754 
3355425508353 -0.205276 -0.195709 9.762604 
3355445344779 -0.157425 -0.155029 9.693222 
3355465150687 -0.052139 -0.021042 9.781754 
3355484956595 -0.064102 -0.023438 9.731506 
3355504793021 -0.166992 -0.140686 9.820038 
3355524598929 -0.202881 -0.207672 9.583145 
3355544435355 -0.092819 -0.076080 9.846359 
3355564241263 -0.037781 0.000504 9.738678 
3355584047171 -0.121521 -0.068893 9.781754 
3355603883597 -0.198105 -0.183746 9.769791 
3355623689505 -0.150238 -0.164612 9.686035 
3355643495414 -0.047348 -0.016251 9.781754 
3355663331839 -0.064102 -0.033005 9.736282 
3355683168265 -0.176559 -0.147858 9.832001 
3355703004691 -0.195709 -0.205292 9.573578 
3355722810599 -0.095215 -0.068893 9.853531 
3355742616507 -0.037781 -0.001892 9.736282 
3355762452933 -0.133499 -0.088043 9.796112 
3355782258841 -0.202881 -0.193329 9.741074 
3355802064750 -0.150238 -0.140686 9.714752 
3355821901175 -0.040176 -0.011475 9.781754 
3355841707084 -0.078461 -0.030609 9.736282 
3355861512992 -0.186142 -0.157425 9.829605 
3355881349418 -0.183746 -0.207672 9.580750 
3355901155326 -0.068893 -0.047363 9.848755 
3355920991751 -0.040176 -0.006683 9.731506 
3355940797660 -0.145462 -0.104782 9.798492 
3355960634085 -0.212463 -0.210068 9.662109 
3355980470511 -0.126312 -0.116745 9.786530 
3356000276419 -0.032990 0.005280 9.760208 
3356020082328 -0.109558 -0.054535 9.760208 
3356039918753 -0.200485 -0.178970 9.805679 
3356059724662 -0.169388 -0.186142 9.650146 
3356079530570 -0.052139 -0.021042 9.791321 
3356099366996 -0.056915 -0.013855 9.736282 
3356119172904 -0.169388 -0.143066 9.827209 
3356139009330 -0.202881 -0.207672 9.575974 
3356158815238 -0.083237 -0.064102 9.863113 
3356178621146 -0.042572 -0.006683 9.745865 
3356198457572 -0.135880 -0.088043 9.793716 
3356218263480 -0.210068 -0.205292 9.714752 
3356238069388 -0.147842 -0.123932 9.757828 
3356257905814 -0.032990 -0.004288 9.774567 
3356277742240 -0.099991 -0.040176 9.757828 
3356297548148 -0.195709 -0.174179 9.808075 
3356317384574 -0.186142 -0.190933 9.630997 
3356337190482 -0.059311 -0.028214 9.796112 
3356357026908 -0.064102 -0.009079 9.736282 
3356376832816 -0.171783 -0.133499 9.829605 
3356396638724 -0.198105 -0.214859 9.587936 
3356416475150 -0.076065 -0.068893 9.851135 
3356436281058 -0.042572 0.000504 9.736282 
3356456086966 -0.143066 -0.100006 9.798492 
3356475923392 -0.210068 -0.193329 9.700394 
3356495729300 -0.121521 -0.128708 9.762604 
3356515535209 -0.044952 -0.004288 9.767395 
3356535371634 -0.097595 -0.059326 9.760208 
3356555208060 -0.202881 -0.178970 9.788925 
3356575044486 -0.150238 -0.176575 9.669281 
3356594850394 -0.047348 -0.004288 9.776962 
3356614656302 -0.073669 -0.028214 9.741074 
3356634492728 -0.186142 -0.169388 9.824814 
3356654298636 -0.186142 -0.195709 9.587936 
3356674104544 -0.071274 -0.042572 9.832001 
3356693940970 -0.052139 0.000504 9.733887 
3356713746878 -0.150238 -0.121536 9.798492 
3356733583304 -0.207672 -0.210068 9.635788 
3356753389212 -0.111954 -0.097610 9.800888 
3356773195121 -0.037781 0.005280 9.743469 
3356793031546 -0.119141 -0.071289 9.779358 
3356812837455 -0.200485 -0.193329 9.762604 
3356832673880 -0.147842 -0.155029 9.693222 
3356852510306 -0.047348 -0.009079 9.762604 
3356872316214 -0.083237 -0.021042 9.726715 
3356892122123 -0.183746 -0.152649 9.820038 
3356911958548 -0.193314 -0.205292 9.566391 
3356931764457 -0.085632 -0.056931 9.853531 
3356951570365 -0.044952 -0.006683 9.733887 
3356971406791 -0.133499 -0.090424 9.784149 
3356991212699 -0.205276 -0.188538 9.731506 
3357011049125 -0.140671 -0.143066 9.724319 
3357030855033 -0.035385 -0.011475 9.760208 
3357050660941 -0.088028 -0.037781 9.750641 
3357070497367 -0.190918 -0.164612 9.808075 
3357090303275 -0.178955 -0.200500 9.580750 
3357110139701 -0.080856 -0.037781 9.810471 
3357129976126 -0.044952 -0.006683 9.731506 
3357149782035 -0.133499 -0.092819 9.779358 
3357169618460 -0.210068 -0.200500 9.707565 
3357189424369 -0.131104 -0.143066 9.738678 
3357209230277 -0.032990 -0.004288 9.760208 
3357229066703 -0.092819 -0.047363 9.745865 
3357248872611 -0.193314 -0.169388 9.805679 
3357268678519 -0.181351 -0.198105 9.583145 
3357288514945 -0.080856 -0.059326 9.827209 
3357308320853 -0.049744 -0.006683 9.714752 
3357328157279 -0.123917 -0.073685 9.781754 
3357347963187 -0.193314 -0.178970 9.776962 
3357367769095 -0.166992 -0.178970 9.654938 
3357387605521 -0.052139 -0.016251 9.772186 
3357407441947 -0.064102 -0.023438 9.724319 
3357427247855 -0.176559 -0.143066 9.810471 
3357447084281 -0.195709 -0.205292 9.573578 
3357466890189 -0.080856 -0.056931 9.846359 
3357486696097 -0.047348 -0.006683 9.733887 
3357506532523 -0.133499 -0.100006 9.784149 
3357526338431 -0.205276 -0.205292 9.683640 
3357546174857 -0.128708 -0.123932 9.762604 
3357565980765 -0.052139 -0.021042 9.767395 
3357585786673 -0.080856 -0.033005 9.741074 
3357605623099 -0.155029 -0.121536 9.808075 
3357625429007 -0.202881 -0.190933 9.690826 
3357645234916 -0.143066 -0.147858 9.748245 
3357665071341 -0.049744 -0.016251 9.786530 
3357684907767 -0.066498 -0.033005 9.741074 
3357704744193 -0.171783 -0.143066 9.817642 
3357724550101 -0.202881 -0.202896 9.604675 
3357744356009 -0.095215 -0.085648 9.841568 
3357764192435 -0.044952 -0.006683 9.755432 
3357783998343 -0.114349 -0.085648 9.786530 
3357803804251 -0.205276 -0.190933 9.781754 
3357823640677 -0.164597 -0.167007 9.714752 
3357843446585 -0.049744 -0.018646 9.791321 
3357863252494 -0.068893 -0.030609 9.755432 
3357883088919 -0.171783 -0.157425 9.848755 
3357902894828 -0.195709 -0.214859 9.607071 
3357922731253 -0.092819 -0.076080 9.887039 
3357942537162 -0.047348 -0.023438 9.788925 
3357962373587 -0.104782 -0.064102 9.803284 
3357982210013 -0.178955 -0.162216 9.846359 
3358002015921 -0.188522 -0.207672 9.616638 
3358021821830 -0.090424 -0.078461 9.899002 
3358041658255 -0.040176 -0.013855 9.800888 
3358061464164 -0.116745 -0.078461 9.832001 
3358081300589 -0.202881 -0.193329 9.843964 
3358101106498 -0.164597 -0.186142 9.717148 
3358120912406 -0.061707 -0.033005 9.841568 
3358140748832 -0.066498 -0.018646 9.793716 
3358160554740 -0.171783 -0.143066 9.877457 
3358180360648 -0.207672 -0.217255 9.681259 
3358200197074 -0.107178 -0.097610 9.896606 
3358220002982 -0.042572 -0.021042 9.815247 
3358239808890 -0.123917 -0.083252 9.843964 
3358259645316 -0.210068 -0.198105 9.843964 
3358279481742 -0.157425 -0.176575 9.762604 
3358299318168 -0.064102 -0.028214 9.853531 
3358319124076 -0.061707 -0.030609 9.805679 
3358338929984 -0.157425 -0.128708 9.875076 
3358358766410 -0.186142 -0.181351 9.829605 
3358378572318 -0.164597 -0.178970 9.681259 
3358398378226 -0.092819 -0.076080 9.913361 
3358418214652 -0.052139 -0.018646 9.834396 
3358438020560 -0.107178 -0.068893 9.841568 
3358457856986 -0.183746 -0.171783 9.891815 
3358477662894 -0.193314 -0.212463 9.647751 
3358497468802 -0.090424 -0.076080 9.946854 
3358517305228 -0.044952 -0.016251 9.827209 
3358537141654 -0.126312 -0.095215 9.858322 
3358556947562 -0.205276 -0.190933 9.863113 
3358576783988 -0.155029 -0.190933 9.760208 
3358596589896 -0.059311 -0.030609 9.872681 
3358616395804 -0.066498 -0.030609 9.815247 
3358636255227 -0.155029 -0.126328 9.889420 
3358656061135 -0.205276 -0.226822 9.774567 
3358675897561 -0.126312 -0.138290 9.860718 
3358695703469 -0.047348 -0.016251 9.855927 
3358715509377 -0.095215 -0.059326 9.855927 
3358735345803 -0.190918 -0.190933 9.903778 
3358755151711 -0.181351 -0.205292 9.709961 
3358774957620 -0.066498 -0.042572 9.915741 
3358794794045 -0.056915 -0.018646 9.832001 
3358814599954 -0.157425 -0.143066 9.910965 
3358834436379 -0.198105 -0.219650 9.714752 
3358854272805 -0.107178 -0.100006 9.913361 
3358874078713 -0.044952 -0.006683 9.836792 
3358893915139 -0.128708 -0.090424 9.867889 
3358913721047 -0.205276 -0.207672 9.848755 
3358933526956 -0.145462 -0.155029 9.815247 
3358953363381 -0.037781 -0.018646 9.858322 
3358973169290 -0.090424 -0.042572 9.851135 
3358992975198 -0.193314 -0.186142 9.910965 
3359012811623 -0.190918 -0.205292 9.709961 
3359032617532 -0.059311 -0.044968 9.913361 
3359052423440 -0.066498 -0.023438 9.832001 
3359072259866 -0.164597 -0.133499 9.910965 
3359092065774 -0.200485 -0.222031 9.729111 
3359111902200 -0.107178 -0.097610 9.925323 
3359131738625 -0.047348 -0.018646 9.848755 
3359151544534 -0.119141 -0.078461 9.877457 
3359171380959 -0.183746 -0.178970 9.899002 
3359191186868 -0.178955 -0.198105 9.654938 
3359210992776 -0.090424 -0.064102 9.949249 
3359230829202 -0.054535 -0.013855 9.817642 
3359250635110 -0.133499 -0.097610 9.867889 
3359270471536 -0.202881 -0.214859 9.829605 
3359290277444 -0.147842 -0.155029 9.803284 
3359310083352 -0.040176 -0.009079 9.839172 
3359329919778 -0.090424 -0.056931 9.832001 
3359349725686 -0.186142 -0.167007 9.889420 
3359369531594 -0.186142 -0.200500 9.633392 
3359389368020 -0.078461 -0.066498 9.927719 
3359409204446 -0.047348 -0.016251 9.817642 
3359429010354 -0.128708 -0.088043 9.860718 
3359448846780 -0.200485 -0.202896 9.865494 
3359468652688 -0.147842 -0.140686 9.738678 
3359488489114 -0.080856 -0.071289 9.887039 
3359508295022 -0.068893 -0.013855 9.791321 
3359528100930 -0.157425 -0.111969 9.863113 
3359547937356 -0.205276 -0.217255 9.753036 
3359567743264 -0.119141 -0.131104 9.858322 
3359587549172 -0.052139 -0.013855 9.834396 
3359607385598 -0.102386 -0.068893 9.851135 
3359627191506 -0.176559 -0.169388 9.884644 
3359647027932 -0.183746 -0.210068 9.650146 
3359666833840 -0.102386 -0.073685 9.937286 
3359686670266 -0.049744 -0.023438 9.832001 
3359706506692 -0.116745 -0.083252 9.855927 
3359726312600 -0.202881 -0.195709 9.872681 
3359746118508 -0.064102 -0.052139 9.772186 
3359765954934 -0.155029 -0.147858 9.846359 
3359785760842 -0.121521 -0.114365 9.843964 
3359805566750 -0.123917 -0.111969 9.848755 
3359825403176 -0.116745 -0.109573 9.834396 
3359845209084 -0.128708 -0.107178 9.848755 
3359865045510 -0.135880 -0.104782 9.836792 
3359884851418 -0.128708 -0.109573 9.839172 
3359904657327 -0.128708 -0.107178 9.841568 
3359924493752 -0.121521 -0.109573 9.843964 
