# Created at Tue Jun 01 16:19:11 GMT+02:00 2021 in Burnaby Canada 
3353831331107 -0.608826 -23.507690 18.601990 
3353851228568 -0.608826 -23.507690 18.601990 
3353871095511 -0.608826 -23.507690 18.601990 
3353890962455 -0.608826 -23.507690 18.601990 
3353910829398 -0.608826 -23.507690 18.601990 
3353930696341 -0.608826 -23.507690 18.601990 
3353950624320 -0.610352 -23.504639 18.003845 
3353970491263 -0.613403 -23.500061 16.960144 
3353990358207 -0.614929 -23.497009 16.213989 
3354010225150 -0.764465 -23.649597 16.664124 
3354030122611 -1.065063 -23.495483 16.213989 
3354049989554 -1.065063 -23.495483 16.213989 
3354069856498 -1.063538 -23.796082 16.215515 
3354089723441 -0.765991 -23.497009 16.213989 
3354109590384 -0.765991 -23.497009 16.213989 
3354129457328 -0.765991 -23.497009 16.213989 
3354149354789 -0.765991 -23.497009 16.213989 
3354169221732 -0.765991 -23.497009 16.213989 
3354189088675 -0.765991 -23.497009 16.213989 
3354208955619 -0.765991 -23.497009 16.213989 
3354228822562 -0.765991 -23.498535 16.511536 
3354248720023 -0.765991 -23.498535 16.511536 
3354268617484 -0.765991 -23.649597 16.513062 
3354288484427 -0.765991 -23.649597 16.513062 
3354308351371 -0.765991 -23.649597 16.513062 
3354328218314 -0.765991 -23.649597 16.513062 
3354348085257 -0.764465 -23.799133 16.513062 
3354367952201 -0.762939 -23.799133 16.664124 
3354387849662 -0.762939 -23.800659 16.812134 
3354407716605 -0.762939 -23.800659 16.812134 
3354427583548 -0.762939 -23.800659 16.961670 
3354447450492 -0.762939 -23.802185 17.111206 
3354467317435 -0.761414 -23.803711 17.559814 
3354487184378 -0.761414 -23.803711 17.559814 
3354507081839 -0.759888 -23.805237 18.156433 
3354526979300 -0.761414 -23.655701 18.005371 
3354546846244 -0.761414 -23.655701 18.156433 
3354566713187 -0.762939 -23.655701 17.857361 
3354586580130 -0.761414 -23.655701 18.156433 
3354606477591 -0.761414 -23.506165 18.452454 
3354626344535 -0.610352 -23.506165 18.452454 
3354646211478 -0.459290 -23.507690 18.453979 
3354666078421 -0.007629 -23.509216 18.453979 
3354685945365 0.444031 -23.510742 18.455505 
3354705842826 -0.007629 -23.509216 18.453979 
3354725709769 0.444031 -23.510742 18.455505 
3354745576712 0.292969 -23.510742 18.455505 
3354765443656 0.292969 -23.509216 18.157959 
3354785310599 0.291443 -23.509216 17.858887 
3354805177543 0.292969 -23.509216 18.157959 
3354825105521 0.143433 -23.507690 18.156433 
3354844972464 0.143433 -23.507690 18.005371 
3354864839408 0.143433 -23.658752 18.006897 
3354884706351 -0.160217 -23.208618 18.156433 
3354904573294 -0.611877 -23.205566 18.154907 
3354924470755 -0.611877 -23.205566 18.154907 
3354944337699 -0.611877 -23.205566 18.154907 
3354964204642 -0.611877 -23.205566 18.003845 
3354984071585 -0.611877 -23.205566 18.003845 
3355003969046 -0.611877 -23.205566 18.003845 
3355023835990 -0.611877 -23.205566 18.003845 
3355043702933 -0.611877 -23.205566 18.003845 
3355063569876 -0.611877 -23.205566 18.003845 
3355083436820 -0.611877 -23.205566 18.003845 
3355103334281 -0.610352 -23.504639 18.003845 
3355123201224 -0.610352 -23.506165 18.452454 
3355143068168 -0.608826 -23.507690 18.601990 
3355162965628 -0.157166 -23.510742 18.603516 
3355182832572 -0.608826 -23.507690 18.751526 
3355202699515 -0.459290 -23.507690 18.453979 
3355222566459 -0.158691 -23.509216 18.453979 
3355242433402 -0.158691 -23.509216 18.453979 
3355262330863 -0.158691 -23.509216 18.453979 
3355282197806 -0.160217 -23.210144 18.453979 
3355302064750 -0.158691 -23.509216 18.453979 
3355321931693 -0.158691 -23.509216 18.453979 
3355341798636 -0.158691 -23.509216 18.453979 
3355361665580 -0.158691 -23.509216 18.453979 
3355381563041 -0.158691 -23.509216 18.453979 
3355401460501 -0.158691 -23.509216 18.453979 
3355421327445 -0.158691 -23.509216 18.453979 
3355441194388 -0.158691 -23.509216 18.453979 
3355461061332 -0.158691 -23.509216 18.453979 
3355480928275 -0.157166 -23.510742 18.753052 
3355500795218 -0.157166 -23.510742 18.753052 
3355520692679 -0.157166 -23.510742 18.753052 
3355540559623 -0.157166 -23.510742 18.753052 
3355560426566 -0.157166 -23.661804 18.754578 
3355580293509 -0.157166 -23.661804 18.754578 
3355600160453 -0.157166 -23.661804 18.754578 
3355620057914 -0.157166 -23.661804 18.754578 
3355639924857 -0.157166 -23.661804 18.754578 
3355659791800 -0.157166 -23.661804 18.754578 
3355679689261 -0.157166 -23.661804 18.605042 
3355699556205 -0.157166 -23.510742 18.603516 
3355719423148 -0.157166 -23.510742 18.603516 
3355739290091 -0.158691 -23.062134 18.601990 
3355759187552 -0.158691 -23.062134 18.601990 
3355779054496 -0.158691 -23.062134 18.601990 
3355798921439 -0.158691 -23.062134 18.751526 
3355818788382 -0.459290 -23.060608 18.751526 
3355838655326 -0.610352 -23.059082 18.750000 
3355858552787 -0.610352 -23.059082 18.750000 
3355878419730 -0.610352 -23.208618 18.601990 
3355898286673 -0.610352 -23.655701 18.005371 
3355918153617 -0.610352 -23.655701 18.005371 
3355938020560 -0.610352 -23.504639 18.003845 
3355957918021 -0.613403 -23.056030 17.854309 
3355977815482 -0.613403 -23.056030 17.854309 
3355997682425 -0.613403 -23.056030 17.854309 
3356017549369 -0.611877 -23.205566 18.003845 
3356037416312 -0.608826 -23.805237 18.005371 
3356057283255 -0.610352 -23.805237 17.857361 
3356077150199 -0.610352 -23.803711 17.707825 
3356097017142 -0.761414 -24.104309 17.112732 
3356116914603 -0.761414 -23.951721 17.262268 
3356136781546 -0.761414 -23.951721 17.262268 
3356156648490 -0.761414 -23.953247 17.561340 
3356176515433 -0.762939 -23.951721 17.112732 
3356196382376 -0.762939 -23.951721 17.112732 
3356216249320 -0.762939 -23.951721 17.112732 
3356236146781 -0.762939 -23.501587 17.259216 
3356256044242 -0.764465 -23.204041 17.558289 
3356275911185 -0.764465 -23.202515 17.259216 
3356295778128 -0.764465 -23.202515 17.259216 
3356315645072 -0.764465 -23.052979 17.257690 
3356335512015 -0.764465 -23.204041 17.706299 
3356355378959 -0.764465 -23.204041 17.706299 
3356375276419 -0.764465 -23.204041 17.706299 
3356395143363 -0.764465 -23.204041 17.706299 
3356415010306 -0.613403 -23.204041 17.706299 
3356434877250 -0.613403 -23.204041 17.706299 
3356454744193 -0.613403 -23.205566 17.855835 
3356474611136 -0.611877 -23.655701 17.857361 
3356494508597 -0.611877 -23.655701 17.857361 
3356514375541 -0.611877 -23.655701 17.857361 
3356534273001 -0.611877 -23.655701 17.857361 
3356554139945 -0.611877 -23.655701 17.857361 
3356574006888 -0.611877 -23.655701 17.857361 
3356593873832 -0.610352 -23.655701 18.156433 
3356613771293 -0.610352 -23.655701 18.005371 
3356633638236 -0.610352 -23.655701 18.005371 
3356653505179 -0.610352 -23.655701 18.005371 
3356673372123 -0.610352 -23.655701 18.005371 
3356693239066 -0.610352 -23.655701 18.005371 
3356713106009 -0.610352 -23.655701 18.005371 
3356733003470 -0.610352 -23.655701 18.005371 
3356752870414 -0.610352 -23.655701 18.005371 
3356772737357 -0.610352 -23.655701 18.005371 
3356792604300 -0.610352 -23.655701 18.005371 
3356812501761 -0.610352 -23.655701 18.005371 
3356832368705 -0.611877 -23.655701 17.857361 
3356852235648 -0.460815 -23.657227 17.858887 
3356872133109 -0.009155 -23.658752 17.858887 
3356892000052 -0.009155 -23.658752 17.858887 
3356911866996 -0.009155 -23.657227 17.709351 
3356931733939 -0.009155 -23.657227 17.709351 
3356951600882 -0.009155 -23.657227 17.561340 
3356971498343 -0.009155 -23.657227 17.561340 
3356991365287 -0.460815 -23.655701 17.561340 
3357011232230 -0.460815 -23.655701 17.561340 
3357031099173 -0.160217 -23.504639 17.260742 
3357050966117 -0.160217 -23.504639 17.260742 
3357070833060 -0.160217 -23.504639 17.260742 
3357090700003 -0.160217 -23.657227 17.561340 
3357110627982 -0.460815 -23.655701 17.561340 
3357130494925 -0.459290 -23.805237 17.561340 
3357150361869 -0.459290 -23.805237 17.561340 
3357170228812 -0.459290 -23.805237 17.561340 
3357190095755 -0.610352 -23.803711 17.559814 
3357209993216 -0.761414 -23.803711 17.559814 
3357229860160 -0.610352 -23.803711 17.559814 
3357249727103 -0.610352 -23.803711 17.559814 
3357269594046 -0.610352 -23.803711 17.559814 
3357289460990 -1.060486 -23.802185 17.559814 
3357309327933 -1.060486 -23.802185 17.559814 
3357329194876 -1.060486 -23.802185 17.559814 
3357349092337 -1.060486 -23.802185 17.559814 
3357368959281 -1.060486 -23.802185 17.559814 
3357388856742 -1.062012 -23.652649 17.559814 
3357408723685 -1.062012 -23.652649 17.559814 
3357428590628 -1.062012 -23.652649 17.707825 
3357448457572 -1.060486 -23.654175 18.005371 
3357468355033 -1.060486 -23.654175 18.005371 
3357488221976 -1.060486 -23.654175 18.005371 
3357508088919 -1.060486 -23.654175 18.005371 
3357527955863 -1.060486 -23.654175 18.005371 
3357547822806 -1.060486 -23.503113 18.003845 
3357567689750 -1.060486 -23.503113 18.003845 
3357587556693 -1.060486 -23.503113 18.003845 
3357607454154 -0.761414 -23.504639 18.003845 
3357627321097 -0.007629 -23.507690 18.005371 
3357647188041 -0.158691 -23.507690 18.005371 
3357667054984 0.444031 -23.509216 18.006897 
3357686952445 0.143433 -23.507690 18.005371 
3357706849906 0.143433 -23.507690 18.005371 
3357726716849 0.143433 -23.507690 18.005371 
3357746583793 0.143433 -23.507690 18.156433 
3357766450736 0.143433 -23.507690 18.156433 
3357786317679 0.143433 -23.509216 18.453979 
3357806184623 0.143433 -23.509216 18.453979 
3357826082084 0.294495 -23.512268 18.754578 
3357845949027 0.294495 -23.512268 18.904114 
3357865815970 0.296021 -23.515320 19.650269 
3357885682914 0.296021 -23.515320 19.502258 
3357905549857 0.144958 -23.065186 19.499207 
3357925447318 0.144958 -23.214722 19.500732 
3357945314261 0.144958 -23.214722 19.500732 
3357965211722 -0.157166 -23.214722 19.349670 
3357985078666 -0.459290 -23.211670 19.052124 
3358004945609 -0.611877 -23.207092 18.452454 
3358024812552 -1.667786 -23.199463 17.556763 
3358044679496 -0.611877 -23.207092 18.452454 
3358064576957 -0.611877 -23.655701 17.857361 
3358084443900 -0.610352 -23.803711 17.707825 
3358104310843 -0.608826 -23.805237 18.005371 
3358124177787 -0.608826 -23.805237 18.005371 
3358144044730 -0.610352 -23.504639 18.003845 
3358163911673 -0.610352 -23.504639 18.003845 
3358183809134 -0.610352 -23.504639 18.003845 
3358203676078 -0.610352 -23.655701 18.005371 
3358223543021 -0.610352 -23.655701 18.005371 
3358243440482 -0.610352 -23.655701 18.005371 
3358263307425 -0.610352 -23.655701 18.005371 
3358283174369 -0.459290 -23.657227 18.006897 
3358303071830 -0.459290 -23.657227 18.006897 
3358322938773 -0.460815 -23.654175 17.262268 
3358342805716 -0.460815 -23.655701 17.561340 
3358362672660 -0.160217 -23.657227 17.709351 
3358382539603 -0.460815 -23.655701 17.709351 
3358402437064 -0.460815 -23.655701 17.709351 
3358422304007 -0.460815 -23.655701 17.709351 
3358442170951 -0.460815 -23.504639 17.707825 
3358462037894 -0.460815 -23.504639 17.707825 
3358481904837 -0.460815 -23.506165 17.857361 
3358501771781 -0.459290 -23.506165 18.005371 
3358521669242 -0.459290 -23.506165 18.005371 
3358541566703 -0.459290 -23.506165 18.005371 
3358561433646 -0.459290 -23.506165 18.156433 
3358581300589 -0.459290 -23.507690 18.453979 
3358601167533 -0.460815 -23.208618 18.453979 
3358621087991 -0.460815 -23.207092 18.156433 
3358640954934 -0.460815 -23.207092 18.156433 
3358660821877 -0.460815 -23.207092 18.156433 
3358680688821 -0.460815 -23.207092 18.156433 
3358700555764 -0.460815 -23.207092 18.156433 
3358720453225 -0.460815 -23.207092 18.156433 
3358740320168 -0.460815 -23.207092 18.156433 
3358760187112 -0.460815 -23.207092 18.156433 
3358780054055 -0.611877 -23.207092 18.452454 
3358799920998 -0.610352 -23.208618 18.901062 
3358819818459 -0.610352 -23.210144 19.050598 
3358839715920 -0.610352 -23.208618 18.901062 
3358859582864 -0.610352 -23.208618 18.901062 
3358879449807 -0.610352 -23.208618 18.901062 
3358899316750 -0.459290 -23.210144 18.902588 
3358919183694 -0.459290 -23.210144 18.902588 
3358939050637 -0.610352 -23.208618 18.751526 
3358958948098 -0.610352 -23.208618 18.751526 
3358978815041 -0.611877 -23.207092 18.452454 
3358998681985 -0.611877 -23.207092 18.452454 
3359018548928 -0.610352 -23.504639 18.003845 
3359038446389 -0.610352 -23.506165 18.452454 
3359058313332 -0.611877 -23.501587 17.259216 
3359078180276 -0.462341 -23.501587 16.812134 
3359098047219 0.289917 -23.504639 16.813660 
3359117944680 0.140381 -23.503113 16.961670 
3359137811623 -0.010681 -23.654175 16.963196 
3359157709084 -0.010681 -23.654175 16.963196 
3359177576028 -0.010681 -23.655701 17.112732 
3359197442971 -0.009155 -23.655701 17.262268 
3359217309915 -0.009155 -23.657227 17.709351 
3359237176858 -0.003052 -23.667908 20.396423 
3359257043801 -0.154114 -23.666382 19.947815 
3359276941262 -0.155640 -23.664856 19.650269 
3359296808206 -0.155640 -23.664856 19.650269 
3359316675149 -0.155640 -23.664856 19.650269 
3359336542092 -0.155640 -23.664856 19.650269 
3359356409036 -0.155640 -23.664856 19.351196 
3359376275979 -0.157166 -23.663330 19.053650 
3359396203957 -0.160217 -23.657227 17.561340 
3359416070901 -0.158691 -23.658752 18.006897 
3359435937844 -0.158691 -23.658752 18.006897 
3359455804788 -0.160217 -23.208618 18.156433 
3359475671731 -0.460815 -23.207092 18.156433 
3359495538674 -0.460815 -23.208618 18.453979 
3359515405618 -0.460815 -23.208618 18.453979 
3359535303079 -0.460815 -23.208618 18.453979 
3359555170022 -0.460815 -23.208618 18.453979 
3359575036965 -0.460815 -23.208618 18.453979 
3359594903909 -0.460815 -23.208618 18.453979 
3359614770852 -0.611877 -23.207092 18.452454 
3359634668313 -0.611877 -23.207092 18.452454 
3359654535256 -0.611877 -23.207092 18.452454 
3359674432717 -0.611877 -23.057556 18.450928 
3359694299661 -0.611877 -23.056030 18.153381 
3359714166604 -0.611877 -23.056030 18.153381 
3359734033547 -0.460815 -23.057556 18.154907 
3359753931008 -0.460815 -23.207092 18.156433 
3359773797952 -0.460815 -23.207092 18.156433 
3359793664895 -0.460815 -23.207092 18.156433 
3359813531838 -0.457764 -23.808289 18.455505 
3359833398782 -0.454712 -24.710083 18.460083 
3359853265725 -0.604248 -24.858093 18.458557 
3359873163186 -0.607300 -24.108887 18.455505 
3359893030129 -0.610352 -23.657227 18.453979 
3359912897073 -0.610352 -23.657227 18.453979 
