# Created at Tue Jun 01 16:19:11 GMT+02:00 2021 in Burnaby Canada 
3353831331107 1018.722473 
3353864656302 1018.717285 
3353897981498 1018.709534 
3353931306693 1018.614441 
3353964631888 1018.512878 
3353997957084 1018.510010 
3354031282279 1018.510010 
3354064607474 1018.510010 
3354097932669 1018.510010 
3354131257865 1018.510010 
3354164583060 1018.518494 
3354197908255 1018.526672 
3354231233451 1018.530029 
3354264558646 1018.532532 
3354297883841 1018.549561 
3354331209037 1018.557312 
3354364534232 1018.559998 
3354397859427 1018.569519 
3354431184623 1018.570007 
3354464509818 1018.559143 
3354497835013 1018.549988 
3354531160209 1018.542725 
3354564485404 1018.539978 
3354597810599 1018.540100 
3354631135794 1018.549988 
3354664460990 1018.549988 
3354697786185 1018.556335 
3354731111380 1018.549988 
3354764436576 1018.549988 
3354797761771 1018.549988 
3354831086966 1018.549988 
3354864412162 1018.544128 
3354897737357 1018.546936 
3354931062552 1018.551086 
3354964387748 1018.565186 
3354997712943 1018.563721 
3355031038138 1018.559998 
3355064363334 1018.559998 
3355097688529 1018.556702 
3355131013724 1018.544006 
3355164338919 1018.558105 
3355197664115 1018.559998 
3355230989310 1018.569031 
3355264314505 1018.562073 
3355297639701 1018.572998 
3355330964896 1018.553955 
3355364290091 1018.559998 
3355397615287 1018.557312 
3355430940482 1018.565186 
3355464265677 1018.552002 
3355497590873 1018.553894 
3355530916068 1018.559998 
3355564241263 1018.550049 
3355597566459 1018.546082 
3355630891654 1018.544006 
3355664216849 1018.549988 
3355697542044 1018.541016 
3355730867240 1018.550781 
3355764192435 1018.559998 
3355797517630 1018.559998 
3355830842826 1018.553711 
3355864168021 1018.559998 
3355897493216 1018.559998 
3355930818412 1018.547058 
3355964143607 1018.557800 
3355997468802 1018.568848 
3356030793998 1018.576355 
3356064119193 1018.574707 
3356097444388 1018.580017 
3356130769584 1018.579346 
3356164094779 1018.564026 
3356197419974 1018.570007 
3356230745169 1018.576660 
3356264070365 1018.578369 
3356297395560 1018.575745 
3356330720755 1018.586609 
3356364045951 1018.585388 
3356397371146 1018.571289 
3356430696341 1018.570557 
3356464021537 1018.578369 
3356497346732 1018.567322 
3356530671927 1018.576416 
3356563997123 1018.581543 
3356597322318 1018.584290 
3356630647513 1018.570740 
3356663972709 1018.580017 
3356697297904 1018.580017 
3356730623099 1018.570007 
3356763948294 1018.564453 
3356797273490 1018.572998 
3356830598685 1018.572998 
3356863923880 1018.571472 
3356897249076 1018.580017 
3356930574271 1018.589172 
3356963899466 1018.572693 
3356997224662 1018.578430 
3357030549857 1018.580017 
3357063875052 1018.572815 
3357097200248 1018.570007 
3357130525443 1018.573242 
3357163850638 1018.578674 
3357197175834 1018.564636 
3357230501029 1018.569519 
3357263826224 1018.574280 
3357297151419 1018.577637 
3357330476615 1018.567078 
3357363801810 1018.577209 
3357397127005 1018.580017 
3357430452201 1018.564209 
3357463777396 1018.568359 
3357497102591 1018.580017 
3357530427787 1018.580017 
3357563752982 1018.574036 
3357597078177 1018.585144 
3357630403373 1018.583984 
3357663728568 1018.583008 
3357697053763 1018.580017 
3357730378959 1018.580017 
3357763704154 1018.583984 
3357797029349 1018.584900 
3357830354544 1018.589172 
3357863679740 1018.593994 
3357897004935 1018.599915 
3357930330130 1018.581604 
3357963655326 1018.579041 
3357996980521 1018.570007 
3358030305716 1018.576111 
3358063630912 1018.566956 
3358096956107 1018.578064 
3358130281302 1018.586121 
3358163606498 1018.586121 
3358196931693 1018.580017 
3358230256888 1018.585938 
3358263582084 1018.580017 
3358296907279 1018.572083 
3358330232474 1018.576111 
3358363557669 1018.580017 
3358396882865 1018.584961 
3358430208060 1018.581055 
3358463533255 1018.580017 
3358496858451 1018.570251 
3358530183646 1018.565979 
3358563508841 1018.553284 
3358596834037 1018.549988 
3358630182229 1018.558899 
3358663507424 1018.566650 
3358696832620 1018.570007 
3358730157815 1018.578857 
3358763483010 1018.580017 
3358796808206 1018.578186 
3358830133401 1018.570007 
3358863458596 1018.570618 
3358896783791 1018.584656 
3358930108987 1018.587097 
3358963434182 1018.580017 
3358996759377 1018.584656 
3359030084573 1018.587219 
3359063409768 1018.570251 
3359096734963 1018.568359 
3359130060159 1018.568665 
3359163385354 1018.556702 
3359196710549 1018.556213 
3359230035745 1018.564270 
3359263360940 1018.566162 
3359296686135 1018.559998 
3359330011331 1018.562683 
3359363336526 1018.566956 
3359396661721 1018.565491 
3359429986916 1018.559998 
3359463312112 1018.642273 
3359496637307 1018.788269 
3359529962502 1018.798828 
3359563287698 1018.789978 
3359596612893 1018.782654 
3359629938088 1018.666016 
3359663263284 1018.534973 
3359696588479 1018.520020 
3359729913674 1018.511536 
3359763238870 1018.513000 
3359796564065 1018.501404 
3359829889260 1018.515442 
3359863214456 1018.513672 
3359896539651 1018.520020 
