1148844446646 -0.106217 -0.101859 9.805546  
1148864252554 -0.107068 -0.102076 9.805534  
1148884088980 -0.104628 -0.100209 9.805579  
1148903894888 -0.106744 -0.101155 9.805548  
1148923700796 -0.108405 -0.101966 9.805521  
1148943537222 -0.104617 -0.099985 9.805582  
1148963343130 -0.103828 -0.099974 9.805591  
1148983149039 -0.106072 -0.100916 9.805557  
1149002985464 -0.108242 -0.102054 9.805522  
1149022821890 -0.106180 -0.101557 9.805549  
1149042658316 -0.108456 -0.102888 9.805511  
1149062464224 -0.107081 -0.102491 9.805530  
1149082270132 -0.104357 -0.100794 9.805577  
1149102106558 -0.106078 -0.102150 9.805545  
1149121912466 -0.106460 -0.102499 9.805537  
1149141718374 -0.104583 -0.100857 9.805574  
1149161554800 -0.106167 -0.102110 9.805544  
1149181360708 -0.107677 -0.102808 9.805520  
1149201197134 -0.105537 -0.101011 9.805562  
1149221003042 -0.103004 -0.099280 9.805607  
1149240808951 -0.104796 -0.100240 9.805578  
1149260645376 -0.102464 -0.098550 9.805619  
1149280451285 -0.101689 -0.098393 9.805630  
1149300287710 -0.105074 -0.100458 9.805573  
1149320124136 -0.104646 -0.100116 9.805580  
1149339930044 -0.102377 -0.099192 9.805614  
1149359735953 -0.104333 -0.100513 9.805580  
1149379572378 -0.103831 -0.100525 9.805585  
1149399378287 -0.100487 -0.099039 9.805635  
1149419184195 -0.101914 -0.100119 9.805610  
1149439020621 -0.103786 -0.100479 9.805587  
1149458826529 -0.101066 -0.098613 9.805634  
1149478632437 -0.100791 -0.099455 9.805628  
1149498468863 -0.102466 -0.100296 9.805602  
1149518274771 -0.099720 -0.099305 9.805640  
1149538080679 -0.098512 -0.099453 9.805651  
1149557917105 -0.101548 -0.100626 9.805608  
1149577723013 -0.099592 -0.099336 9.805641  
1149597559439 -0.097956 -0.098034 9.805672  
1149617395865 -0.100746 -0.099714 9.805625  
1149637201773 -0.100263 -0.099595 9.805632  
1149657007681 -0.097352 -0.098061 9.805676  
1149676844107 -0.099277 -0.099487 9.805642  
1149696650015 -0.100610 -0.100105 9.805623  
1149716486441 -0.096822 -0.098244 9.805679  
1149736292349 -0.097077 -0.098695 9.805673  
1149756098257 -0.099747 -0.099969 9.805634  
1149775934683 -0.098051 -0.098579 9.805665  
1149795740591 -0.098070 -0.098988 9.805660  
1149815546499 -0.100563 -0.100259 9.805621  
1149835382925 -0.099018 -0.099052 9.805651  
1149855188833 -0.097494 -0.098563 9.805671  
1149875025259 -0.100078 -0.100146 9.805629  
1149894861685 -0.100619 -0.100064 9.805624  
1149914667593 -0.097930 -0.098744 9.805664  
1149934473501 -0.100232 -0.100142 9.805627  
1149954309927 -0.100564 -0.100404 9.805620  
1149974115835 -0.097866 -0.099068 9.805661  
1149993952261 -0.099370 -0.100283 9.805634  
1150013758169 -0.101323 -0.100948 9.805607  
1150033564078 -0.098224 -0.099208 9.805656  
1150053400503 -0.098591 -0.100096 9.805643  
1150073206412 -0.100986 -0.101555 9.805604  
1150093012320 -0.098551 -0.100198 9.805643  
1150112848746 -0.098007 -0.100238 9.805649  
1150132654654 -0.100813 -0.101622 9.805605  
1150152460562 -0.099011 -0.100516 9.805635  
1150172296988 -0.097019 -0.100134 9.805659  
1150192133414 -0.099535 -0.101824 9.805616  
1150211939322 -0.098915 -0.101688 9.805624  
1150231775748 -0.096599 -0.100476 9.805660  
1150251581656 -0.099040 -0.102000 9.805620  
1150271387564 -0.100194 -0.102428 9.805603  
1150291223990 -0.097451 -0.101030 9.805646  
1150311029898 -0.099043 -0.102586 9.805614  
1150330866324 -0.100858 -0.103100 9.805590  
1150350672232 -0.098397 -0.100904 9.805637  
1150370478140 -0.098833 -0.101585 9.805626  
1150390314566 -0.101147 -0.102377 9.805594  
1150410120474 -0.099084 -0.100457 9.805634  
1150429926382 -0.098289 -0.100808 9.805639  
1150449762808 -0.101645 -0.102404 9.805589  
1150469599234 -0.099838 -0.101526 9.805616  
1150489405142 -0.098364 -0.100566 9.805641  
1150509241568 -0.101467 -0.102084 9.805593  
1150529047476 -0.101352 -0.101723 9.805599  
1150548853384 -0.099269 -0.100511 9.805633  
1150568689810 -0.101527 -0.102015 9.805594  
1150588495718 -0.102690 -0.102140 9.805580  
1150608301626 -0.100397 -0.100358 9.805623  
1150628138052 -0.101182 -0.101465 9.805603  
1150647943960 -0.103494 -0.102100 9.805573  
1150667749869 -0.101110 -0.100725 9.805611  
1150687586294 -0.100669 -0.101243 9.805612  
1150707392203 -0.103787 -0.102125 9.805569  
1150727228628 -0.101882 -0.100691 9.805604  
1150747065054 -0.100920 -0.100250 9.805618  
1150766870962 -0.103783 -0.101721 9.805573  
1150786707388 -0.102691 -0.100554 9.805597  
1150806513296 -0.100330 -0.099704 9.805630  
1150826319205 -0.103212 -0.101493 9.805582  
