# Created at Tue Jun 01 15:42:24 GMT+02:00 2021 in Burnaby Canada 
1146902215062 0.000000 0.000000 0.000000 
1146922020971 0.000000 0.000000 0.000000 
1146941857396 0.000000 0.000000 0.000000 
1146961663305 0.000000 0.000000 0.000000 
1146981469213 0.000000 0.000000 0.000000 
1147001305639 0.000000 0.000000 0.000000 
1147021142064 0.000000 0.000000 0.000000 
1147040947973 0.000000 0.000000 0.000000 
1147060784398 0.000000 0.000000 0.000000 
1147080590307 0.000000 0.000000 0.000000 
1147100396215 0.000000 0.000000 0.000000 
1147120232640 0.000000 0.000000 0.000000 
1147140038549 0.000000 0.000000 0.000000 
1147159844457 0.000000 0.000000 0.000000 
1147179680883 0.000000 0.000000 0.000000 
1147199486791 0.000000 0.000000 0.000000 
1147219292699 0.000000 0.000000 0.000000 
1147239129125 0.000000 0.000000 0.000000 
1147258935033 0.000000 0.000000 0.000000 
1147278771459 0.000000 0.000000 0.000000 
1147298607885 0.000000 0.000000 0.000000 
1147318413793 0.000000 0.000000 0.000000 
1147338250219 0.000000 0.000000 0.000000 
1147358056127 0.000000 0.000000 0.000000 
1147377862035 0.000000 0.000000 0.000000 
1147397698461 0.000000 0.000000 0.000000 
1147417504369 0.000000 0.000000 0.000000 
1147437310277 0.000000 0.000000 0.000000 
1147457146703 0.000000 0.000000 0.000000 
1147476952611 0.000000 0.000000 0.000000 
1147496758519 0.000000 0.000000 0.000000 
1147516594945 0.000000 0.000000 0.000000 
1147536400853 0.000000 0.000000 0.000000 
1147556206762 0.000000 0.000000 0.000000 
1147576043187 0.000000 0.000000 0.000000 
1147595879613 0.000000 0.000000 0.000000 
1147615685521 0.000000 0.000000 0.000000 
1147635521947 0.000000 0.000000 0.000000 
1147655327855 0.000000 0.000000 0.000000 
1147675133764 0.000000 0.000000 0.000000 
1147694970189 0.000000 0.000000 0.000000 
1147714776098 0.000000 0.000000 0.000000 
1147734612523 0.000000 0.000000 0.000000 
1147754418432 0.000000 0.000000 0.000000 
1147774224340 0.000000 0.000000 0.000000 
1147794060765 0.000000 0.000000 0.000000 
1147813866674 0.000000 0.000000 0.000000 
1147833672582 0.000000 0.000000 0.000000 
1147853509008 0.000000 0.000000 0.000000 
1147873345433 0.000000 0.000000 0.000000 
1147893151342 0.000000 0.000000 0.000000 
1147912987767 0.000000 0.000000 0.000000 
1147932793676 0.000000 0.000000 0.000000 
1147952599584 0.000000 0.000000 0.000000 
1147972436010 0.000000 0.000000 0.000000 
1147992241918 0.000000 0.000000 0.000000 
1148012047826 0.000000 0.000000 0.000000 
1148031884252 0.000000 0.000000 0.000000 
1148051690160 0.000000 0.000000 0.000000 
1148071526586 0.000000 0.000000 0.000000 
1148091332494 0.000000 0.000000 0.000000 
1148111138402 0.000000 0.000000 0.000000 
1148130974828 0.000000 0.000000 0.000000 
1148150780736 0.000000 0.000000 0.000000 
1148170617162 0.000000 0.000000 0.000000 
1148190453588 0.000000 0.000000 0.000000 
1148210259496 0.000000 0.000000 0.000000 
1148230065404 0.000000 0.000000 0.000000 
1148249901830 0.000000 0.000000 0.000000 
1148269707738 0.000000 0.000000 0.000000 
1148289513646 0.000000 0.000000 0.000000 
1148309350072 0.000000 0.000000 0.000000 
1148329155980 0.000000 0.000000 0.000000 
1148348961889 0.000000 0.000000 0.000000 
1148368798314 0.000000 0.000000 0.000000 
1148388604223 0.000000 0.000000 0.000000 
1148408440648 0.000000 0.000000 0.000000 
1148428246557 0.000000 0.000000 0.000000 
1148448082982 0.000000 0.000000 0.000000 
1148467890249 0.000000 0.000000 0.000000 
1148487726675 0.000000 0.000000 0.000000 
1148507532583 0.000000 0.000000 0.000000 
1148527338492 0.000000 0.000000 0.000000 
1148547174917 0.000000 0.000000 0.000000 
1148566980826 0.000000 0.000000 0.000000 
1148586817251 0.000000 0.000000 0.000000 
1148606623160 0.000000 0.000000 0.000000 
1148626429068 0.000000 0.000000 0.000000 
1148646265494 0.000000 0.000000 0.000000 
1148666071402 0.000000 0.000000 0.000000 
1148685877310 0.000000 0.000000 0.000000 
1148705713736 0.000000 0.000000 0.000000 
1148725519644 0.000000 0.000000 0.000000 
1148745356070 0.000000 0.000000 0.000000 
1148765192496 0.000000 0.000000 0.000000 
1148784998404 0.000000 0.000000 0.000000 
1148804804312 0.000000 0.000000 0.000000 
1148824640738 0.000000 0.000000 0.000000 
1148844446646 0.000000 0.000000 0.000000 
1148864252554 0.000000 0.000000 0.000000 
1148884088980 0.000000 0.000000 0.000000 
1148903894888 0.000000 0.000000 0.000000 
1148923700796 0.000000 0.000000 0.000000 
1148943537222 0.000000 0.000000 0.000000 
1148963343130 0.000000 0.000000 0.000000 
1148983149039 0.000000 0.000000 0.000000 
1149002985464 0.000000 0.000000 0.000000 
1149022821890 0.000000 0.000000 0.000000 
1149042658316 0.000000 0.000000 0.000000 
1149062464224 0.000000 0.000000 0.000000 
1149082270132 0.000000 0.000000 0.000000 
1149102106558 0.000000 0.000000 0.000000 
1149121912466 0.000000 0.000000 0.000000 
1149141718374 0.000000 0.000000 0.000000 
1149161554800 0.000000 0.000000 0.000000 
1149181360708 0.000000 0.000000 0.000000 
1149201197134 0.000000 0.000000 0.000000 
1149221003042 0.000000 0.000000 0.000000 
1149240808951 0.000000 0.000000 0.000000 
1149260645376 0.000000 0.000000 0.000000 
1149280451285 0.000000 0.000000 0.000000 
1149300287710 0.000000 0.000000 0.000000 
1149320124136 0.000000 0.000000 0.000000 
1149339930044 0.000000 0.000000 0.000000 
1149359735953 0.000000 0.000000 0.000000 
1149379572378 0.000000 0.000000 0.000000 
1149399378287 0.000000 0.000000 0.000000 
1149419184195 0.000000 0.000000 0.000000 
1149439020621 0.000000 0.000000 0.000000 
1149458826529 0.000000 0.000000 0.000000 
1149478632437 0.000000 0.000000 0.000000 
1149498468863 0.000000 0.000000 0.000000 
1149518274771 0.000000 0.000000 0.000000 
1149538080679 0.000000 0.000000 0.000000 
1149557917105 0.000000 0.000000 0.000000 
1149577723013 0.000000 0.000000 0.000000 
1149597559439 0.000000 0.000000 0.000000 
1149617395865 0.000000 0.000000 0.000000 
1149637201773 0.000000 0.000000 0.000000 
1149657007681 0.000000 0.000000 0.000000 
1149676844107 0.000000 0.000000 0.000000 
1149696650015 0.000000 0.000000 0.000000 
1149716486441 0.000000 0.000000 0.000000 
1149736292349 0.000000 0.000000 0.000000 
1149756098257 0.000000 0.000000 0.000000 
1149775934683 0.000000 0.000000 0.000000 
1149795740591 0.000000 0.000000 0.000000 
1149815546499 0.000000 0.000000 0.000000 
1149835382925 0.000000 0.000000 0.000000 
1149855188833 0.000000 0.000000 0.000000 
1149875025259 0.000000 0.000000 0.000000 
1149894861685 0.000000 0.000000 0.000000 
1149914667593 0.000000 0.000000 0.000000 
1149934473501 0.000000 0.000000 0.000000 
1149954309927 0.000000 0.000000 0.000000 
1149974115835 0.000000 0.000000 0.000000 
1149993952261 0.000000 0.000000 0.000000 
1150013758169 0.000000 0.000000 0.000000 
1150033564078 0.000000 0.000000 0.000000 
1150053400503 0.000000 0.000000 0.000000 
1150073206412 0.000000 0.000000 0.000000 
1150093012320 0.000000 0.000000 0.000000 
1150112848746 0.000000 0.000000 0.000000 
1150132654654 0.000000 0.000000 0.000000 
1150152460562 0.000000 0.000000 0.000000 
1150172296988 0.000000 0.000000 0.000000 
1150192133414 0.000000 0.000000 0.000000 
1150211939322 0.000000 0.000000 0.000000 
1150231775748 0.000000 0.000000 0.000000 
1150251581656 0.000000 0.000000 0.000000 
1150271387564 0.000000 0.000000 0.000000 
1150291223990 0.000000 0.000000 0.000000 
1150311029898 0.000000 0.000000 0.000000 
1150330866324 0.000000 0.000000 0.000000 
1150350672232 0.000000 0.000000 0.000000 
1150370478140 0.000000 0.000000 0.000000 
1150390314566 0.000000 0.000000 0.000000 
1150410120474 0.000000 0.000000 0.000000 
1150429926382 0.000000 0.000000 0.000000 
1150449762808 0.000000 0.000000 0.000000 
1150469599234 0.000000 0.000000 0.000000 
1150489405142 0.000000 0.000000 0.000000 
1150509241568 0.000000 0.000000 0.000000 
1150529047476 0.000000 0.000000 0.000000 
1150548853384 0.000000 0.000000 0.000000 
1150568689810 0.000000 0.000000 0.000000 
1150588495718 0.000000 0.000000 0.000000 
1150608301626 0.000000 0.000000 0.000000 
1150628138052 0.000000 0.000000 0.000000 
1150647943960 0.000000 0.000000 0.000000 
1150667749869 0.000000 0.000000 0.000000 
1150687586294 0.000000 0.000000 0.000000 
1150707392203 0.000000 0.000000 0.000000 
1150727228628 0.000000 0.000000 0.000000 
1150747065054 0.000000 0.000000 0.000000 
1150766870962 0.000000 0.000000 0.000000 
1150786707388 0.000000 0.000000 0.000000 
1150806513296 0.000000 0.000000 0.000000 
1150826319205 0.000000 0.000000 0.000000 
1150846155630 0.000000 0.000000 0.000000 
1150865961539 0.000000 0.000000 0.000000 
1150885767447 0.000000 0.000000 0.000000 
1150905603873 0.000000 0.000000 0.000000 
1150925409781 0.000000 0.000000 0.000000 
1150945215689 0.000000 0.000000 0.000000 
1150965052115 0.000000 0.000000 0.000000 
1150984858023 0.000000 0.000000 0.000000 
1151004663931 0.000000 0.000000 0.000000 
1151024500357 0.000000 0.000000 0.000000 
1151044336783 0.000000 0.000000 0.000000 
1151064142691 0.000000 0.000000 0.000000 
1151083979117 0.000000 0.000000 0.000000 
1151103785025 0.000000 0.000000 0.000000 
1151123621451 0.000000 0.000000 0.000000 
1151143427359 0.000000 0.000000 0.000000 
1151163233267 0.000000 0.000000 0.000000 
1151183069693 0.000000 0.000000 0.000000 
1151202875601 0.000000 0.000000 0.000000 
1151222681509 0.000000 0.000000 0.000000 
1151242517935 0.000000 0.000000 0.000000 
1151262323843 0.000000 0.000000 0.000000 
1151282129751 0.000000 0.000000 0.000000 
1151301966177 0.000000 0.000000 0.000000 
1151321802603 0.000000 0.000000 0.000000 
1151341608511 0.000000 0.000000 0.000000 
1151361444937 0.000000 0.000000 0.000000 
1151381250845 0.000000 0.000000 0.000000 
1151401056753 0.000000 0.000000 0.000000 
1151420893179 0.000000 0.000000 0.000000 
1151440699087 0.000000 0.000000 0.000000 
1151460504996 0.000000 0.000000 0.000000 
1151480341421 0.000000 0.000000 0.000000 
1151500147330 0.000000 0.000000 0.000000 
1151519983755 0.000000 0.000000 0.000000 
1151539789664 0.000000 0.000000 0.000000 
1151559595572 0.000000 0.000000 0.000000 
1151579401480 0.000000 0.000000 0.000000 
1151599237906 0.000000 0.000000 0.000000 
1151619074332 0.000000 0.000000 0.000000 
1151638880240 0.000000 0.000000 0.000000 
1151658716666 0.000000 0.000000 0.000000 
1151678522574 0.000000 0.000000 0.000000 
1151698358999 0.000000 0.000000 0.000000 
1151718164908 0.000000 0.000000 0.000000 
1151737970816 0.000000 0.000000 0.000000 
1151757807242 0.000000 0.000000 0.000000 
1151777613150 0.000000 0.000000 0.000000 
1151797419058 0.000000 0.000000 0.000000 
1151817255484 0.000000 0.000000 0.000000 
1151837061392 0.000000 0.000000 0.000000 
1151856867300 0.000000 0.000000 0.000000 
1151876703726 0.000000 0.000000 0.000000 
1151896540152 0.000000 0.000000 0.000000 
1151916376578 0.000000 0.000000 0.000000 
1151936182486 0.000000 0.000000 0.000000 
1151955988394 0.000000 0.000000 0.000000 
1151975824820 0.000000 0.000000 0.000000 
1151995630728 0.000000 0.000000 0.000000 
1152015436636 0.000000 0.000000 0.000000 
1152035273062 0.000000 0.000000 0.000000 
1152055078970 0.000000 0.000000 0.000000 
1152074884878 0.000000 0.000000 0.000000 
1152094721304 0.000000 0.000000 0.000000 
1152114527212 0.000000 0.000000 0.000000 
1152134333121 0.000000 0.000000 0.000000 
1152154169546 0.000000 0.000000 0.000000 
1152174005972 0.000000 0.000000 0.000000 
1152193811880 0.000000 0.000000 0.000000 
1152213648306 0.000000 0.000000 0.000000 
1152233454214 0.000000 0.000000 0.000000 
1152253260123 0.000000 0.000000 0.000000 
1152273096548 0.000000 0.000000 0.000000 
1152292902457 0.000000 0.000000 0.000000 
1152312738882 0.000000 0.000000 0.000000 
1152332544791 0.000000 0.000000 0.000000 
1152352350699 0.000000 0.000000 0.000000 
1152372187124 0.000000 0.000000 0.000000 
1152391993033 0.000000 0.000000 0.000000 
1152411798941 0.000000 0.000000 0.000000 
1152431635367 0.000000 0.000000 0.000000 
1152451471792 0.000000 0.000000 0.000000 
1152471277701 0.000000 0.000000 0.000000 
1152491114126 0.000000 0.000000 0.000000 
1152510920035 0.000000 0.000000 0.000000 
1152530725943 0.000000 0.000000 0.000000 
1152550562369 0.000000 0.000000 0.000000 
1152570368277 0.000000 0.000000 0.000000 
1152590174185 0.000000 0.000000 0.000000 
1152610010611 0.000000 0.000000 0.000000 
1152629816519 0.000000 0.000000 0.000000 
1152649622427 0.000000 0.000000 0.000000 
1152669458853 0.000000 0.000000 0.000000 
1152689264761 0.000000 0.000000 0.000000 
1152709101187 0.000000 0.000000 0.000000 
1152728907095 0.000000 0.000000 0.000000 
1152748743521 0.000000 0.000000 0.000000 
1152768579947 0.000000 0.000000 0.000000 
1152788385855 0.000000 0.000000 0.000000 
1152808191763 0.000000 0.000000 0.000000 
