# Created at Tue Jun 01 15:42:24 GMT+02:00 2021 in Burnaby Canada 
1146902215062 -0.005289 -0.004890 0.999640 0.025845 
1146922020971 -0.005248 -0.004954 0.999639 0.025893 
1146941857396 -0.005239 -0.004965 0.999639 0.025885 
1146961663305 -0.005232 -0.004973 0.999639 0.025876 
1146981469213 -0.005241 -0.005007 0.999639 0.025880 
1147001305639 -0.005221 -0.005010 0.999641 0.025815 
1147021142064 -0.005217 -0.005020 0.999642 0.025765 
1147040947973 -0.005225 -0.005046 0.999644 0.025685 
1147060784398 -0.005238 -0.005054 0.999646 0.025608 
1147080590307 -0.005237 -0.005051 0.999648 0.025522 
1147100396215 -0.005257 -0.005052 0.999649 0.025451 
1147120232640 -0.005264 -0.005057 0.999651 0.025381 
1147140038549 -0.005242 -0.005050 0.999653 0.025326 
1147159844457 -0.005237 -0.005042 0.999651 0.025407 
1147179680883 -0.005189 -0.005040 0.999650 0.025448 
1147199486791 -0.005207 -0.005052 0.999647 0.025545 
1147219292699 -0.005232 -0.005060 0.999649 0.025483 
1147239129125 -0.005232 -0.005076 0.999650 0.025444 
1147258935033 -0.005232 -0.005075 0.999648 0.025525 
1147278771459 -0.005237 -0.005058 0.999641 0.025772 
1147298607885 -0.005238 -0.005069 0.999635 0.026014 
1147318413793 -0.005248 -0.005075 0.999629 0.026259 
1147338250219 -0.005281 -0.005077 0.999621 0.026519 
1147358056127 -0.005293 -0.005075 0.999615 0.026759 
1147377862035 -0.005287 -0.005062 0.999609 0.026982 
1147397698461 -0.005270 -0.005061 0.999604 0.027193 
1147417504369 -0.005274 -0.005064 0.999601 0.027296 
1147437310277 -0.005274 -0.005059 0.999596 0.027475 
1147457146703 -0.005275 -0.005074 0.999591 0.027653 
1147476952611 -0.005275 -0.005101 0.999588 0.027746 
1147496758519 -0.005274 -0.005111 0.999587 0.027796 
1147516594945 -0.005274 -0.005106 0.999585 0.027845 
1147536400853 -0.005265 -0.005100 0.999584 0.027889 
1147556206762 -0.005273 -0.005102 0.999582 0.027947 
1147576043187 -0.005280 -0.005088 0.999581 0.028004 
1147595879613 -0.005275 -0.005079 0.999580 0.028052 
1147615685521 -0.005258 -0.005091 0.999579 0.028091 
1147635521947 -0.005241 -0.005061 0.999578 0.028128 
1147655327855 -0.005233 -0.005061 0.999577 0.028172 
1147675133764 -0.005246 -0.005060 0.999575 0.028231 
1147694970189 -0.005247 -0.005059 0.999573 0.028280 
1147714776098 -0.005263 -0.005063 0.999572 0.028340 
1147734612523 -0.005279 -0.005057 0.999570 0.028402 
1147754418432 -0.005275 -0.005065 0.999569 0.028446 
1147774224340 -0.005302 -0.005064 0.999566 0.028516 
1147794060765 -0.005321 -0.005071 0.999565 0.028577 
1147813866674 -0.005322 -0.005066 0.999563 0.028624 
1147833672582 -0.005320 -0.005077 0.999562 0.028668 
1147853509008 -0.005293 -0.005073 0.999561 0.028690 
1147873345433 -0.005287 -0.005080 0.999560 0.028727 
1147893151342 -0.005278 -0.005079 0.999559 0.028763 
1147912987767 -0.005302 -0.005077 0.999558 0.028824 
1147932793676 -0.005309 -0.005076 0.999556 0.028868 
1147952599584 -0.005293 -0.005063 0.999556 0.028893 
1147972436010 -0.005388 -0.005105 0.999552 0.029008 
1147992241918 -0.005289 -0.005039 0.999554 0.028965 
1148012047826 -0.005352 -0.005074 0.999551 0.029054 
1148031884252 -0.005499 -0.005111 0.999545 0.029207 
1148051690160 -0.005461 -0.005094 0.999545 0.029207 
1148071526586 -0.005324 -0.005038 0.999548 0.029169 
1148091332494 -0.005338 -0.005062 0.999545 0.029254 
1148111138402 -0.005464 -0.005121 0.999542 0.029308 
1148130974828 -0.005410 -0.005084 0.999546 0.029218 
1148150780736 -0.005295 -0.005005 0.999551 0.029076 
1148170617162 -0.005387 -0.005072 0.999549 0.029113 
1148190453588 -0.005536 -0.005137 0.999543 0.029285 
1148210259496 -0.005406 -0.005056 0.999544 0.029266 
1148230065404 -0.005346 -0.005036 0.999544 0.029305 
1148249901830 -0.005476 -0.005075 0.999537 0.029501 
1148269707738 -0.005481 -0.005059 0.999535 0.029550 
1148289513646 -0.005342 -0.004985 0.999539 0.029480 
1148309350072 -0.005384 -0.005027 0.999536 0.029561 
1148329155980 -0.005492 -0.005066 0.999531 0.029695 
1148348961889 -0.005352 -0.005020 0.999534 0.029623 
1148368798314 -0.005301 -0.004989 0.999535 0.029622 
1148388604223 -0.005458 -0.005056 0.999528 0.029794 
1148408440648 -0.005430 -0.005029 0.999528 0.029809 
1148428246557 -0.005302 -0.004955 0.999531 0.029739 
1148448082982 -0.005395 -0.005012 0.999527 0.029850 
1148467890249 -0.005471 -0.005042 0.999524 0.029945 
1148487726675 -0.005337 -0.004956 0.999527 0.029865 
1148507532583 -0.005341 -0.004967 0.999526 0.029901 
1148527338492 -0.005476 -0.005028 0.999521 0.030045 
1148547174917 -0.005373 -0.004983 0.999522 0.030032 
1148566980826 -0.005284 -0.004933 0.999523 0.030019 
1148586817251 -0.005408 -0.004987 0.999517 0.030185 
1148606623160 -0.005436 -0.004997 0.999516 0.030230 
1148626429068 -0.005301 -0.004933 0.999520 0.030139 
1148646265494 -0.005375 -0.004984 0.999516 0.030220 
1148666071402 -0.005458 -0.005032 0.999513 0.030311 
1148685877310 -0.005527 -0.005053 0.999510 0.030389 
1148705713736 -0.005384 -0.004976 0.999514 0.030290 
1148725519644 -0.005416 -0.005013 0.999511 0.030379 
1148745356070 -0.005533 -0.005066 0.999505 0.030538 
1148765192496 -0.005437 -0.005047 0.999507 0.030518 
1148784998404 -0.005597 -0.005104 0.999500 0.030711 
1148804804312 -0.005571 -0.005051 0.999501 0.030688 
1148824640738 -0.005437 -0.004981 0.999505 0.030576 
1148844446646 -0.005573 -0.005025 0.999501 0.030689 
1148864252554 -0.005616 -0.005034 0.999499 0.030725 
1148884088980 -0.005489 -0.004944 0.999504 0.030617 
1148903894888 -0.005598 -0.004988 0.999500 0.030709 
1148923700796 -0.005685 -0.005026 0.999497 0.030781 
1148943537222 -0.005488 -0.004932 0.999504 0.030616 
1148963343130 -0.005447 -0.004933 0.999505 0.030583 
1148983149039 -0.005564 -0.004977 0.999501 0.030680 
1149002985464 -0.005676 -0.005031 0.999498 0.030774 
1149022821890 -0.005570 -0.005010 0.999501 0.030686 
1149042658316 -0.005689 -0.005073 0.999497 0.030786 
1149062464224 -0.005618 -0.005056 0.999499 0.030727 
1149082270132 -0.005476 -0.004974 0.999504 0.030607 
1149102106558 -0.005566 -0.005040 0.999501 0.030684 
1149121912466 -0.005586 -0.005057 0.999500 0.030701 
1149141718374 -0.005487 -0.004977 0.999504 0.030617 
1149161554800 -0.005570 -0.005038 0.999501 0.030687 
1149181360708 -0.005649 -0.005071 0.999498 0.030753 
1149201197134 -0.005536 -0.004983 0.999502 0.030658 
1149221003042 -0.005404 -0.004899 0.999507 0.030546 
1149240808951 -0.005497 -0.004945 0.999504 0.030624 
1149260645376 -0.005375 -0.004863 0.999508 0.030522 
1149280451285 -0.005335 -0.004856 0.999509 0.030489 
1149300287710 -0.005512 -0.004956 0.999503 0.030637 
1149320124136 -0.005489 -0.004939 0.999504 0.030618 
1149339930044 -0.005372 -0.004896 0.999508 0.030520 
1149359735953 -0.005474 -0.004960 0.999504 0.030606 
1149379572378 -0.005448 -0.004961 0.999505 0.030585 
1149399378287 -0.005275 -0.004891 0.999511 0.030440 
1149419184195 -0.005350 -0.004944 0.999508 0.030503 
1149439020621 -0.005446 -0.004959 0.999505 0.030583 
1149458826529 -0.005304 -0.004869 0.999510 0.030463 
1149478632437 -0.005291 -0.004912 0.999510 0.030454 
1149498468863 -0.005378 -0.004952 0.999507 0.030527 
1149518274771 -0.005236 -0.004906 0.999512 0.030409 
1149538080679 -0.005174 -0.004916 0.999514 0.030358 
1149557917105 -0.005332 -0.004970 0.999509 0.030489 
1149577723013 -0.005230 -0.004908 0.999512 0.030403 
1149597559439 -0.005144 -0.004845 0.999515 0.030331 
1149617395865 -0.005289 -0.004925 0.999510 0.030453 
1149637201773 -0.005264 -0.004920 0.999511 0.030432 
1149657007681 -0.005113 -0.004847 0.999516 0.030306 
1149676844107 -0.005214 -0.004916 0.999512 0.030390 
1149696650015 -0.005283 -0.004945 0.999510 0.030448 
1149716486441 -0.005086 -0.004857 0.999517 0.030284 
1149736292349 -0.005100 -0.004880 0.999516 0.030296 
1149756098257 -0.005239 -0.004940 0.999512 0.030412 
1149775934683 -0.005150 -0.004872 0.999515 0.030336 
1149795740591 -0.005151 -0.004893 0.999514 0.030338 
1149815546499 -0.005281 -0.004953 0.999510 0.030447 
1149835382925 -0.005200 -0.004895 0.999513 0.030378 
1149855188833 -0.005121 -0.004872 0.999515 0.030313 
1149875025259 -0.005256 -0.004949 0.999511 0.030426 
1149894861685 -0.005283 -0.004943 0.999510 0.030448 
1149914667593 -0.005144 -0.004881 0.999515 0.030332 
1149934473501 -0.005264 -0.004948 0.999511 0.030432 
1149954309927 -0.005281 -0.004961 0.999510 0.030447 
1149974115835 -0.005141 -0.004897 0.999515 0.030330 
1149993952261 -0.005220 -0.004957 0.999512 0.030397 
1150013758169 -0.005321 -0.004987 0.999509 0.030480 
1150033564078 -0.005159 -0.004904 0.999514 0.030345 
1150053400503 -0.005180 -0.004949 0.999513 0.030363 
1150073206412 -0.005304 -0.005019 0.999509 0.030468 
1150093012320 -0.005178 -0.004954 0.999513 0.030362 
1150112848746 -0.005150 -0.004957 0.999514 0.030339 
1150132654654 -0.005296 -0.005022 0.999509 0.030461 
1150152460562 -0.005202 -0.004969 0.999512 0.030382 
1150172296988 -0.005099 -0.004953 0.999516 0.030297 
1150192133414 -0.005231 -0.005035 0.999511 0.030408 
1150211939322 -0.005199 -0.005029 0.999512 0.030381 
1150231775748 -0.005078 -0.004971 0.999516 0.030281 
1150251581656 -0.005205 -0.005045 0.999512 0.030388 
1150271387564 -0.005265 -0.005065 0.999510 0.030437 
1150291223990 -0.005123 -0.004998 0.999515 0.030318 
1150311029898 -0.005207 -0.005075 0.999512 0.030389 
1150330866324 -0.005300 -0.005098 0.999509 0.030467 
1150350672232 -0.005171 -0.004990 0.999513 0.030357 
1150370478140 -0.005194 -0.005024 0.999512 0.030378 
1150390314566 -0.005314 -0.005060 0.999509 0.030477 
1150410120474 -0.005205 -0.004966 0.999512 0.030385 
1150429926382 -0.005165 -0.004985 0.999513 0.030353 
1150449762808 -0.005339 -0.005061 0.999508 0.030498 
1150469599234 -0.005246 -0.005019 0.999511 0.030420 
1150489405142 -0.005169 -0.004973 0.999513 0.030355 
1150509241568 -0.005330 -0.005045 0.999508 0.030490 
1150529047476 -0.005323 -0.005027 0.999508 0.030484 
1150548853384 -0.005215 -0.004969 0.999512 0.030393 
1150568689810 -0.005333 -0.005041 0.999508 0.030492 
1150588495718 -0.005393 -0.005045 0.999506 0.030541 
1150608301626 -0.005272 -0.004959 0.999510 0.030440 
1150628138052 -0.005314 -0.005014 0.999509 0.030476 
1150647943960 -0.005434 -0.005042 0.999505 0.030575 
1150667749869 -0.005309 -0.004976 0.999509 0.030471 
1150687586294 -0.005288 -0.005003 0.999510 0.030454 
1150707392203 -0.005449 -0.005043 0.999505 0.030587 
1150727228628 -0.005349 -0.004973 0.999508 0.030503 
1150747065054 -0.005299 -0.004952 0.999510 0.030462 
1150766870962 -0.005448 -0.005022 0.999505 0.030586 
1150786707388 -0.005390 -0.004965 0.999507 0.030537 
1150806513296 -0.005268 -0.004926 0.999511 0.030435 
1150826319205 -0.005418 -0.005012 0.999506 0.030561 
1150846155630 -0.005417 -0.004994 0.999506 0.030560 
1150865961539 -0.005257 -0.004923 0.999511 0.030426 
1150885767447 -0.005382 -0.004997 0.999507 0.030531 
1150905603873 -0.005429 -0.005023 0.999505 0.030571 
1150925409781 -0.005260 -0.004943 0.999511 0.030430 
1150945215689 -0.005319 -0.005002 0.999509 0.030480 
1150965052115 -0.005454 -0.005030 0.999504 0.030591 
1150984858023 -0.005293 -0.004942 0.999510 0.030456 
1151004663931 -0.005263 -0.004954 0.999511 0.030432 
1151024500357 -0.005397 -0.005005 0.999506 0.030543 
1151044336783 -0.005303 -0.004936 0.999510 0.030465 
1151064142691 -0.005247 -0.004928 0.999511 0.030418 
1151083979117 -0.005418 -0.005002 0.999506 0.030561 
1151103785025 -0.005360 -0.004937 0.999508 0.030512 
1151123621451 -0.005292 -0.004885 0.999510 0.030454 
1151143427359 -0.005448 -0.004957 0.999505 0.030584 
1151163233267 -0.005420 -0.004913 0.999506 0.030560 
1151183069693 -0.005309 -0.004859 0.999510 0.030467 
1151202875601 -0.005413 -0.004949 0.999506 0.030555 
1151222681509 -0.005414 -0.004966 0.999506 0.030556 
1151242517935 -0.005277 -0.004898 0.999511 0.030442 
1151262323843 -0.005368 -0.004977 0.999507 0.030519 
1151282129751 -0.005476 -0.005022 0.999504 0.030610 
1151301966177 -0.005318 -0.004946 0.999509 0.030477 
1151321802603 -0.005349 -0.005000 0.999508 0.030504 
1151341608511 -0.005512 -0.005063 0.999502 0.030640 
1151361444937 -0.005387 -0.005013 0.999507 0.030536 
1151381250845 -0.005303 -0.004992 0.999509 0.030466 
1151401056753 -0.005457 -0.005068 0.999504 0.030595 
1151420893179 -0.005371 -0.005026 0.999507 0.030523 
1151440699087 -0.005285 -0.004991 0.999510 0.030452 
1151460504996 -0.005410 -0.005059 0.999506 0.030556 
1151480341421 -0.005405 -0.005039 0.999506 0.030551 
1151500147330 -0.005265 -0.004953 0.999511 0.030433 
1151519983755 -0.005366 -0.005034 0.999507 0.030519 
1151539789664 -0.005408 -0.005047 0.999506 0.030554 
1151559595572 -0.005252 -0.004966 0.999511 0.030423 
1151579401480 -0.005307 -0.005028 0.999509 0.030470 
1151599237906 -0.005434 -0.005058 0.999505 0.030576 
1151619074332 -0.005293 -0.004965 0.999510 0.030457 
1151638880240 -0.005292 -0.005008 0.999510 0.030457 
1151658716666 -0.005433 -0.005063 0.999505 0.030575 
1151678522574 -0.005305 -0.004994 0.999509 0.030468 
1151698358999 -0.005278 -0.004996 0.999510 0.030446 
1151718164908 -0.005440 -0.005075 0.999505 0.030581 
1151737970816 -0.005341 -0.005013 0.999508 0.030498 
1151757807242 -0.005287 -0.004998 0.999510 0.030453 
1151777613150 -0.005433 -0.005078 0.999505 0.030575 
1151797419058 -0.005376 -0.005031 0.999507 0.030528 
1151817255484 -0.005267 -0.004982 0.999510 0.030437 
1151837061392 -0.005426 -0.005053 0.999505 0.030569 
1151856867300 -0.005392 -0.005047 0.999506 0.030541 
1151876703726 -0.005276 -0.004984 0.999510 0.030444 
1151896540152 -0.005401 -0.005077 0.999506 0.030549 
1151916376578 -0.005421 -0.005060 0.999505 0.030565 
1151936182486 -0.005277 -0.004986 0.999510 0.030444 
1151955988394 -0.005348 -0.005056 0.999507 0.030505 
1151975824820 -0.005417 -0.005084 0.999505 0.030562 
1151995630728 -0.005268 -0.005005 0.999510 0.030438 
1152015436636 -0.005319 -0.005062 0.999508 0.030481 
1152035273062 -0.005433 -0.005093 0.999505 0.030576 
1152055078970 -0.005305 -0.005013 0.999509 0.030468 
1152074884878 -0.005328 -0.005062 0.999508 0.030489 
1152094721304 -0.005467 -0.005112 0.999504 0.030605 
1152114527212 -0.005330 -0.005020 0.999508 0.030489 
1152134333121 -0.005307 -0.005053 0.999509 0.030471 
1152154169546 -0.005440 -0.005124 0.999504 0.030583 
1152174005972 -0.005305 -0.005052 0.999509 0.030469 
1152193811880 -0.005260 -0.005061 0.999510 0.030433 
1152213648306 -0.005419 -0.005138 0.999505 0.030566 
1152233454214 -0.005334 -0.005089 0.999508 0.030494 
1152253260123 -0.005255 -0.005069 0.999510 0.030429 
1152273096548 -0.005401 -0.005150 0.999505 0.030552 
1152292902457 -0.005358 -0.005109 0.999507 0.030515 
1152312738882 -0.005257 -0.005063 0.999510 0.030431 
1152332544791 -0.005408 -0.005144 0.999505 0.030557 
1152352350699 -0.005386 -0.005119 0.999506 0.030538 
1152372187124 -0.005254 -0.004943 0.999511 0.030424 
1152391993033 -0.005379 -0.004910 0.999507 0.030526 
1152411798941 -0.005421 -0.004936 0.999506 0.030561 
1152431635367 -0.005286 -0.004930 0.999510 0.030450 
1152451471792 -0.005387 -0.005074 0.999506 0.030537 
1152471277701 -0.005451 -0.005124 0.999504 0.030592 
1152491114126 -0.005305 -0.005051 0.999509 0.030470 
1152510920035 -0.005346 -0.005115 0.999507 0.030505 
1152530725943 -0.005453 -0.005164 0.999504 0.030594 
1152550562369 -0.005303 -0.005082 0.999509 0.030469 
1152570368277 -0.005327 -0.005116 0.999508 0.030489 
1152590174185 -0.005446 -0.005169 0.999504 0.030589 
1152610010611 -0.005309 -0.005079 0.999509 0.030474 
1152629816519 -0.005327 -0.005102 0.999508 0.030489 
1152649622427 -0.005446 -0.005140 0.999504 0.030588 
1152669458853 -0.005372 -0.005095 0.999507 0.030526 
1152689264761 -0.005360 -0.005086 0.999507 0.030516 
1152709101187 -0.005369 -0.005089 0.999507 0.030523 
1152728907095 -0.005378 -0.005091 0.999506 0.030531 
1152748743521 -0.005362 -0.005082 0.999507 0.030518 
1152768579947 -0.005347 -0.005065 0.999507 0.030504 
1152788385855 -0.005352 -0.005052 0.999507 0.030508 
1152808191763 -0.005362 -0.005068 0.999507 0.030517 
