3396210620485 1018.706238  
3396243945680 1018.700012  
3396277270876 1018.709167  
3396310596071 1018.706238  
3396343921266 1018.695068  
3396377246461 1018.680969  
3396410571657 1018.674072  
3396443896852 1018.675110  
3396477222047 1018.664063  
3396510547243 1018.666687  
3396543872438 1018.669983  
3396577197633 1018.669983  
3396610522829 1018.659241  
3396643848024 1018.648193  
3396677173219 1018.639954  
3396710498415 1018.646667  
3396743823610 1018.648254  
3396777148805 1018.639954  
3396810474001 1018.640625  
3396843799196 1018.650085  
3396877124391 1018.644226  
3396910449586 1018.633728  
3396943774782 1018.639954  
3396977099977 1018.648743  
3397010425172 1018.639648  
3397043750368 1018.630066  
3397077075563 1018.621277  
3397110400758 1018.626160  
3397143725954 1018.619934  
3397177051149 1018.619934  
3397210376344 1018.627136  
3397243701540 1018.639954  
3397277026735 1018.628723  
3397310351930 1018.619934  
3397343677126 1018.619934  
3397377002321 1018.617371  
3397410327516 1018.606689  
3397443652711 1018.611511  
3397476977907 1018.631531  
3397510303102 1018.623352  
3397543628297 1018.619934  
3397576953493 1018.628479  
3397610278688 1018.626648  
3397643603883 1018.611145  
3397676929079 1018.602539  
3397710254274 1018.606750  
3397743579469 1018.594055  
3397776904665 1018.591553  
3397810229860 1018.596741  
3397843555055 1018.606995  
3397876880251 1018.601563  
3397910205446 1018.599915  
3397943530641 1018.607239  
3397976855836 1018.599304  
3398010181032 1018.583496  
3398043506227 1018.580017  
3398076831422 1018.577637  
3398110156618 1018.570007  
3398143481813 1018.564026  
3398176807008 1018.570007  
3398210132204 1018.570007  
3398243457399 1018.562927  
3398276782594 1018.559998  
3398310107790 1018.565918  
3398343432985 1018.552979  
3398376758180 1018.555176  
3398410083376 1018.569275  
3398443408571 1018.558899  
3398476733766 1018.552185  
3398510058961 1018.563171  
3398543384157 1018.566101  
3398576709352 1018.559998  
3398610026988 1018.566223  
3398643352184 1018.579041  
3398676677379 1018.564941  
3398710002574 1018.559998  
3398743327770 1018.570007  
3398776652965 1018.559875  
3398809978160 1018.553162  
3398843303356 1018.563904  
3398876628551 1018.567932  
3398909953746 1018.550964  
3398943278942 1018.550842  
3398976604137 1018.559998  
3399009929332 1018.553772  
3399043254527 1018.449463  
3399076579723 1018.251892  
3399109904918 1017.770081  
3399143230113 1016.863953  
3399176555309 1015.825989  
3399209880504 1014.896301  
3399243205699 1014.100586  
3399276530895 1013.688660  
3399309856090 1013.681458  
3399343181285 1013.808044  
3399376506481 1013.957031  
3399409831676 1014.106506  
3399443156871 1014.271057  
3399476482067 1014.426575  
3399509807262 1014.581970  
3399543132457 1014.729980  
