# Created at Sun Jun 13 00:26:10 GMT+02:00 2021 in Copenhagen 
202949363053717, -0.000015, -0.000168, 0.000229 
202949382859625, -0.000015, -0.001404, 0.000229 
202949402665534, -0.000015, 0.001053, 0.000229 
202949422501959, -0.000015, -0.000168, 0.000229 
202949442307868, -0.000015, -0.000168, 0.000229 
202949462113776, -0.000015, -0.000168, 0.000229 
202949481950202, -0.000015, 0.001053, 0.000229 
202949501756110, -0.000015, -0.000168, 0.000229 
202949521592535, -0.001251, 0.001053, -0.000992 
202949541398444, -0.001251, 0.001053, -0.000992 
202949561204352, -0.002472, 0.001053, -0.000992 
202949581040778, -0.001251, 0.001053, -0.000992 
202949600877203, -0.001251, -0.000168, -0.000992 
202949620683112, -0.001251, -0.000168, -0.002213 
202949640519537, -0.001251, 0.001053, -0.002213 
202949660325446, -0.001251, -0.000168, -0.002213 
202949680161871, -0.001251, 0.001053, -0.002213 
202949699967780, -0.001251, 0.001053, -0.000992 
202949719773688, -0.001251, 0.001053, -0.000992 
202949739579596, -0.000015, -0.000168, 0.000229 
202949759416022, -0.001251, 0.001053, 0.000229 
202949779221930, -0.000015, 0.001053, 0.000229 
202949799055697, -0.000015, -0.000168, 0.000229 
202949818861605, -0.000015, 0.001053, 0.000229 
202949838667513, -0.000015, -0.000168, 0.000229 
202949858503939, -0.000015, 0.001053, 0.000229 
202949878340365, -0.000015, -0.000168, 0.000229 
202949898176791, 0.001190, -0.000168, 0.000229 
202949917982699, 0.001190, -0.000168, 0.000229 
202949937788607, -0.000015, 0.001053, 0.000229 
202949957625033, -0.000015, 0.001053, 0.000229 
202949977430941, -0.000015, -0.000168, 0.000229 
202949997236849, -0.000015, -0.000168, 0.000229 
202950017073275, -0.000015, -0.000168, 0.000229 
202950036879183, -0.000015, -0.000168, 0.000229 
202950056715609, -0.000015, -0.000168, 0.000229 
202950076521517, -0.000015, -0.000168, 0.000229 
202950096327425, -0.000015, -0.000168, 0.000229 
202950116163851, -0.001251, -0.000168, 0.000229 
202950135969759, -0.000015, -0.000168, 0.000229 
202950155806185, -0.000015, 0.001053, 0.000229 
202950175642611, -0.000015, 0.001053, 0.000229 
202950195448519, -0.000015, -0.000168, 0.000229 
202950215284945, -0.000015, -0.000168, 0.000229 
202950235090853, -0.000015, -0.000168, 0.000229 
202950254896761, -0.000015, -0.000168, -0.000992 
202950274733187, -0.000015, -0.000168, 0.000229 
202950294539095, -0.000015, -0.000168, -0.000992 
202950314345003, -0.000015, -0.000168, 0.000229 
202950334181429, -0.000015, -0.000168, 0.000229 
202950353987337, -0.000015, -0.000168, 0.000229 
202950373793246, -0.000015, -0.000168, 0.000229 
202950393629671, 0.001190, -0.001404, 0.000229 
202950413435580, -0.000015, -0.000168, 0.001450 
202950433272005, -0.001251, 0.002274, 0.002670 
202950453108431, -0.001251, 0.001053, 0.000229 
202950472914339, -0.000015, 0.001053, 0.000229 
202950492750765, -0.002472, 0.001053, 0.000229 
202950512556673, -0.000015, -0.000168, 0.000229 
202950532362582, -0.000015, -0.000168, 0.000229 
202950552199007, -0.001251, -0.000168, -0.000992 
202950572004916, 0.001190, -0.000168, -0.002213 
202950591841341, 0.001190, 0.001053, -0.000992 
202950611647250, -0.000015, 0.001053, -0.000992 
202950631453158, -0.000015, -0.000168, 0.000229 
202950651289584, -0.000015, -0.000168, 0.000229 
202950671095492, 0.001190, 0.001053, 0.000229 
202950690901400, -0.000015, -0.000168, 0.000229 
202950710737826, -0.000015, 0.001053, 0.000229 
202950730574251, -0.000015, -0.001404, -0.000992 
202950750380160, -0.000015, -0.001404, -0.003448 
202950770216585, 0.001190, -0.001404, -0.003448 
202950790022494, 0.001190, -0.001404, -0.000992 
202950809828402, -0.000015, -0.000168, 0.000229 
202950829664828, -0.000015, -0.000168, 0.000229 
202950849470736, -0.000015, -0.000168, -0.000992 
202950869307162, -0.000015, -0.000168, 0.000229 
202950889113070, -0.000015, -0.000168, 0.000229 
202950908918978, -0.000015, 0.001053, -0.000992 
202950928755404, -0.000015, 0.001053, 0.000229 
202950948561312, -0.000015, -0.000168, 0.000229 
202950968397738, -0.000015, -0.000168, 0.000229 
202950988203646, -0.000015, -0.000168, 0.000229 
202951008009554, -0.000015, -0.000168, -0.000992 
202951027845980, 0.001190, -0.000168, 0.000229 
202951047682406, -0.000015, -0.000168, -0.000992 
202951067488314, -0.001251, 0.002274, -0.000992 
202951087324740, 0.001190, 0.001053, -0.000992 
202951107130648, 0.001190, -0.001404, -0.000992 
202951126967074, -0.001251, 0.001053, 0.000229 
202951146772982, -0.000015, 0.001053, 0.000229 
202951166578890, -0.000015, 0.002274, 0.000229 
202951186415316, -0.001251, 0.001053, 0.000229 
202951206221224, -0.000015, -0.001404, 0.000229 
202951226027132, 0.001190, -0.001404, -0.000992 
202951245863558, -0.000015, -0.001404, 0.000229 
202951265669466, -0.002472, 0.001053, 0.000229 
202951285475375, -0.001251, -0.000168, 0.000229 
202951305311800, 0.001190, 0.001053, -0.000992 
202951325148226, -0.000015, -0.000168, 0.000229 
202951344984652, -0.001251, 0.001053, -0.000992 
202951364790560, 0.001190, -0.000168, -0.000992 
202951384596468, -0.000015, -0.000168, -0.000992 
202951404432894, -0.001251, -0.000168, 0.000229 
202951424238802, -0.000015, -0.000168, 0.000229 
202951444044710, -0.000015, 0.001053, -0.000992 
202951463881136, -0.000015, 0.001053, 0.000229 
202951483687044, -0.001251, -0.000168, 0.000229 
202951503523470, -0.000015, 0.001053, 0.000229 
202951523329378, 0.001190, -0.000168, 0.000229 
202951543135287, -0.001251, 0.001053, 0.000229 
202951562971712, -0.001251, 0.001053, 0.000229 
202951582777621, -0.000015, 0.001053, -0.000992 
202951602614046, -0.000015, 0.001053, 0.000229 
202951622450472, -0.000015, -0.000168, -0.000992 
202951642256380, -0.000015, 0.001053, 0.000229 
202951662062289, -0.000015, 0.001053, -0.000992 
202951681898714, -0.001251, 0.001053, 0.000229 
202951701704623, -0.000015, -0.000168, 0.000229 
202951721510531, -0.000015, -0.000168, 0.000229 
202951741346957, -0.000015, -0.000168, 0.000229 
202951761152865, -0.000015, -0.000168, -0.000992 
202951780989291, -0.000015, 0.001053, -0.000992 
202951800795199, 0.001190, -0.000168, 0.000229 
202951820601107, -0.001251, -0.000168, 0.000229 
202951840437533, -0.000015, -0.000168, 0.000229 
202951860243441, -0.000015, -0.000168, 0.000229 
202951880079867, -0.000015, -0.000168, 0.000229 
202951899916293, -0.000015, -0.000168, -0.000992 
202951919722201, -0.000015, -0.000168, -0.000992 
202951939558626, -0.000015, 0.001053, 0.000229 
202951959364535, -0.001251, -0.000168, 0.000229 
202951979170443, -0.000015, -0.000168, 0.000229 
202951999006869, -0.000015, 0.001053, 0.000229 
202952018812777, -0.000015, 0.001053, 0.000229 
202952038649203, -0.000015, 0.001053, -0.000992 
202952058455111, -0.001251, -0.000168, -0.000992 
202952078261019, -0.000015, -0.000168, 0.000229 
202952098097445, -0.000015, -0.000168, 0.000229 
202952117903353, -0.000015, -0.001404, 0.000229 
202952137709261, 0.001190, 0.001053, 0.000229 
202952157545687, -0.000015, -0.000168, 0.000229 
202952177382113, -0.000015, -0.000168, 0.000229 
202952197188021, -0.001251, 0.001053, 0.000229 
202952217024447, -0.000015, 0.001053, -0.000992 
202952236830355, -0.000015, -0.000168, 0.000229 
202952256666781, -0.000015, 0.001053, -0.000992 
202952276472689, -0.000015, 0.001053, 0.000229 
202952296278597, -0.000015, -0.000168, 0.000229 
202952316115023, -0.001251, 0.001053, 0.000229 
202952335920931, -0.000015, 0.001053, 0.000229 
202952355726839, -0.000015, 0.001053, -0.000992 
202952375563265, -0.000015, 0.001053, 0.000229 
202952395369173, -0.001251, 0.001053, 0.000229 
202952415205599, -0.000015, -0.000168, 0.000229 
202952435011507, -0.000015, -0.001404, 0.000229 
202952454847933, -0.000015, -0.000168, 0.000229 
202952474684359, -0.000015, -0.000168, -0.000992 
202952494490267, -0.000015, -0.000168, 0.000229 
202952514296175, -0.000015, -0.000168, 0.000229 
202952534132601, -0.000015, -0.000168, 0.000229 
202952553938509, -0.000015, -0.000168, 0.000229 
202952573774935, -0.000015, -0.000168, 0.000229 
202952593580843, -0.000015, -0.000168, 0.000229 
202952613386751, -0.000015, -0.000168, 0.000229 
202952633223177, -0.000015, -0.000168, 0.000229 
202952653029085, -0.000015, -0.000168, 0.000229 
202952672834994, -0.000015, -0.000168, -0.000992 
202952692671419, 0.001190, 0.001053, -0.000992 
202952712477328, 0.001190, -0.000168, 0.000229 
202952732313753, -0.000015, -0.000168, 0.000229 
202952752150179, 0.001190, -0.000168, 0.000229 
202952771956087, 0.001190, -0.000168, 0.000229 
202952791761996, -0.000015, -0.000168, 0.000229 
202952811598421, -0.000015, 0.001053, 0.000229 
202952831404330, -0.000015, 0.001053, -0.000992 
202952851240755, -0.000015, 0.001053, 0.000229 
202952871046664, -0.000015, -0.000168, 0.000229 
202952890852572, -0.000015, -0.000168, 0.000229 
202952910688998, 0.001190, -0.000168, 0.000229 
202952930494906, -0.000015, -0.000168, -0.000992 
202952950331332, -0.001251, 0.001053, -0.000992 
202952970137240, -0.001251, 0.001053, -0.000992 
202952989943148, -0.000015, 0.001053, 0.000229 
202953009779574, -0.001251, 0.001053, -0.000992 
202953029616000, -0.001251, 0.001053, 0.000229 
202953049421908, -0.000015, -0.000168, 0.000229 
202953069258334, -0.000015, -0.001404, 0.000229 
202953089064242, -0.000015, -0.000168, 0.000229 
202953108900668, -0.000015, 0.001053, -0.000992 
202953128706576, -0.000015, 0.001053, 0.000229 
202953148512484, 0.001190, -0.001404, 0.000229 
202953168348910, 0.001190, -0.001404, -0.000992 
202953188154818, 0.001190, -0.000168, 0.000229 
202953207960726, -0.000015, -0.000168, 0.000229 
202953227797152, -0.001251, -0.000168, 0.000229 
202953247603060, -0.000015, -0.000168, 0.000229 
202953267408968, -0.000015, 0.001053, 0.000229 
202953287245394, -0.000015, -0.000168, -0.000992 
202953307081820, -0.000015, -0.000168, 0.000229 
202953326918246, -0.000015, 0.001053, 0.000229 
202953346724154, -0.000015, 0.001053, 0.000229 
202953366530062, -0.000015, -0.000168, -0.000992 
202953386366488, -0.000015, -0.000168, 0.000229 
202953406172396, -0.000015, -0.000168, 0.000229 
202953425978304, -0.000015, -0.000168, 0.000229 
202953445814730, -0.000015, -0.000168, 0.000229 
202953465620638, -0.000015, -0.000168, 0.000229 
202953485457064, -0.000015, -0.000168, 0.000229 
202953505262972, -0.001251, 0.001053, -0.000992 
202953525068880, -0.000015, 0.001053, -0.000992 
202953544905306, 0.001190, -0.000168, 0.000229 
202953564711214, -0.000015, 0.001053, -0.000992 
202953584517123, -0.000015, 0.001053, 0.000229 
202953604353548, -0.000015, -0.000168, 0.000229 
202953624189974, -0.000015, 0.001053, 0.000229 
202953643995882, -0.000015, -0.000168, -0.000992 
202953663832308, -0.000015, 0.001053, 0.000229 
202953683638216, -0.000015, -0.000168, 0.000229 
202953703444125, -0.000015, -0.000168, 0.000229 
202953723280550, -0.000015, 0.001053, 0.000229 
202953743086459, 0.001190, -0.000168, -0.000992 
202953762922884, -0.000015, -0.000168, 0.000229 
202953782728793, -0.000015, -0.000168, -0.000992 
202953802534701, 0.002426, -0.001404, -0.000992 
202953822371126, 0.001190, -0.001404, -0.000992 
202953842177035, 0.001190, -0.000168, -0.000992 
202953862013460, -0.000015, -0.000168, 0.000229 
202953881849886, -0.000015, 0.001053, 0.000229 
202953901655794, -0.000015, -0.000168, 0.000229 
202953921492220, -0.000015, -0.000168, -0.000992 
202953941298128, -0.000015, 0.001053, 0.000229 
202953961104037, -0.000015, 0.001053, 0.000229 
202953980940462, -0.000015, -0.000168, 0.000229 
202954000746371, -0.000015, -0.000168, 0.000229 
202954020582796, -0.000015, 0.001053, 0.000229 
202954040388705, -0.000015, -0.000168, 0.000229 
202954060194613, -0.000015, -0.000168, -0.000992 
202954080031039, -0.000015, 0.001053, -0.000992 
202954099836947, -0.001251, 0.001053, -0.000992 
202954119642855, 0.001190, -0.001404, -0.000992 
202954139479281, -0.000015, 0.001053, 0.000229 
202954159315707, -0.000015, 0.001053, 0.000229 
202954179121615, 0.001190, -0.000168, 0.000229 
202954198958041, -0.000015, -0.000168, 0.000229 
202954218763949, -0.000015, -0.000168, 0.000229 
202954238600375, -0.001251, 0.002274, 0.000229 
202954258406283, -0.000015, -0.000168, 0.000229 
202954278212191, -0.000015, -0.000168, -0.000992 
202954298048617, -0.000015, 0.001053, -0.000992 
202954317854525, -0.000015, -0.000168, 0.000229 
202954337660433, -0.000015, -0.000168, 0.000229 
202954357496859, -0.001251, -0.000168, 0.000229 
202954377302767, 0.001190, -0.000168, 0.000229 
202954397139193, -0.000015, -0.000168, 0.000229 
202954416945101, -0.000015, -0.001404, 0.000229 
202954436751009, -0.001251, 0.001053, 0.000229 
202954456587435, -0.000015, 0.001053, 0.000229 
202954476423861, -0.001251, 0.002274, 0.000229 
202954496229769, -0.000015, -0.000168, -0.000992 
202954516066195, -0.000015, -0.000168, 0.000229 
202954535872103, -0.000015, -0.000168, 0.000229 
202954555708529, -0.000015, 0.001053, 0.000229 
202954575514437, -0.000015, -0.000168, 0.000229 
202954595320345, -0.000015, -0.000168, -0.000992 
202954615156771, -0.000015, 0.001053, 0.000229 
202954634962679, -0.000015, 0.001053, 0.000229 
202954654768587, -0.000015, -0.000168, 0.000229 
202954674605013, -0.000015, -0.000168, 0.000229 
202954694410921, -0.000015, -0.000168, -0.000992 
202954714216830, -0.000015, 0.001053, -0.000992 
202954734053255, -0.000015, 0.001053, 0.000229 
202954753889681, -0.000015, -0.000168, 0.000229 
202954773695589, -0.000015, 0.001053, 0.000229 
202954793532015, 0.001190, -0.000168, -0.000992 
202954813337923, -0.000015, -0.000168, -0.000992 
202954833174349, -0.000015, 0.001053, -0.000992 
202954852980257, 0.001190, 0.001053, -0.000992 
202954872786166, 0.001190, -0.000168, 0.000229 
202954892622591, -0.000015, -0.000168, -0.000992 
202954912428500, -0.000015, 0.001053, -0.000992 
202954932264925, -0.000015, -0.000168, -0.000992 
202954952070834, -0.000015, -0.000168, 0.000229 
202954971876742, -0.000015, 0.001053, 0.000229 
202954991713168, -0.000015, 0.001053, 0.000229 
202955011519076, -0.000015, -0.000168, -0.000992 
202955031355501, -0.000015, -0.001404, -0.000992 
202955051191927, -0.000015, -0.000168, -0.000992 
202955070997835, -0.001251, 0.001053, 0.000229 
202955090834261, -0.000015, 0.001053, 0.000229 
202955110640169, 0.001190, -0.001404, 0.000229 
202955130446078, 0.001190, -0.000168, 0.000229 
202955150282503, -0.000015, -0.000168, 0.000229 
202955170088412, -0.001251, -0.000168, 0.000229 
202955189894320, -0.000015, -0.000168, 0.000229 
202955209730746, -0.000015, -0.000168, 0.000229 
202955229536654, 0.001190, -0.001404, 0.000229 
202955249373080, -0.000015, -0.000168, -0.000992 
202955269178988, -0.000015, -0.000168, 0.000229 
202955288984896, -0.000015, -0.001404, -0.000992 
202955308821322, -0.001251, 0.001053, 0.000229 
202955328657748, -0.000015, -0.001404, -0.000992 
202955348463656, -0.000015, 0.001053, 0.000229 
202955368300082, -0.000015, -0.000168, 0.000229 
202955388105990, 0.001190, 0.001053, 0.000229 
202955407911898, 0.001190, 0.001053, 0.000229 
202955427748324, -0.000015, 0.001053, 0.000229 
202955447554232, -0.000015, -0.000168, 0.000229 
202955467390658, -0.000015, 0.001053, 0.000229 
202955487196566, 0.001190, 0.001053, -0.000992 
202955507002474, -0.000015, -0.000168, 0.000229 
202955526838900, -0.000015, -0.000168, 0.000229 
202955546644808, 0.001190, 0.001053, 0.000229 
202955566450716, 0.001190, 0.001053, 0.000229 
202955586287142, -0.000015, -0.000168, 0.000229 
202955606123568, -0.000015, -0.000168, 0.000229 
202955625959994, 0.001190, -0.000168, 0.000229 
202955645765902, -0.000015, -0.000168, 0.000229 
202955665571810, -0.000015, -0.000168, 0.000229 
202955685377718, -0.000015, -0.000168, 0.000229 
202955705214144, -0.000015, 0.001053, -0.000992 
202955725020052, -0.000015, 0.001053, 0.000229 
202955744856478, -0.000015, 0.001053, 0.000229 
202955764662386, -0.000015, -0.000168, 0.000229 
202955784468294, 0.001190, 0.001053, 0.000229 
202955804304720, -0.000015, 0.001053, -0.000992 
202955824110628, -0.000015, -0.000168, 0.000229 
202955843947054, -0.000015, 0.001053, -0.000992 
202955863752962, -0.000015, 0.001053, 0.000229 
202955883589388, 0.001190, -0.000168, 0.000229 
202955903425814, 0.001190, -0.000168, 0.000229 
202955923231722, -0.000015, -0.000168, 0.000229 
202955943037630, -0.000015, 0.001053, 0.000229 
202955962874056, 0.002426, 0.002274, 0.000229 
202955982679964, 0.003632, 0.001053, -0.000992 
202956002516390, -0.002472, -0.000168, 0.000229 
202956022322298, -0.002472, -0.000168, 0.001450 
