# Created at Tue Jun 08 20:49:02 GMT+02:00 2021 in Copenhagen 
18498706213091, -29.216003, -49.191284, -97.618103 
18498726080035, -29.216003, -49.191284, -97.618103 
18498745946978, -29.216003, -49.191284, -97.767639 
18498765844439, -29.216003, -49.191284, -97.767639 
18498785711382, -28.765869, -49.191284, -98.066711 
18498805578326, -28.616333, -49.191284, -98.214722 
18498825445269, -28.617859, -49.186707, -99.110413 
18498845312213, -28.616333, -49.636841, -99.407959 
18498865209673, -28.767395, -49.333191, -100.006104 
18498885076617, -28.768921, -49.331665, -100.155640 
18498904943560, -28.767395, -49.334717, -99.409485 
18498924810504, -28.767395, -49.334717, -99.409485 
18498944677447, -28.767395, -49.334717, -99.409485 
18498964574908, -28.767395, -49.334717, -99.559021 
18498984441851, -28.767395, -49.334717, -99.559021 
18499004308795, -28.767395, -49.334717, -99.559021 
18499024175738, -28.767395, -49.334717, -99.559021 
18499044042681, -28.767395, -49.334717, -99.409485 
18499063940142, -29.219055, -49.333191, -99.409485 
18499083807086, -29.219055, -49.482727, -99.407959 
18499103674029, -29.219055, -49.482727, -99.407959 
18499123540972, -29.219055, -49.482727, -99.407959 
18499143407916, -29.219055, -49.482727, -99.407959 
18499163274859, -29.219055, -49.482727, -99.407959 
18499183141802, -29.219055, -49.482727, -99.407959 
18499203008746, -29.219055, -49.482727, -99.407959 
18499222875689, -29.219055, -49.482727, -99.407959 
18499242742632, -29.219055, -49.333191, -99.409485 
18499262640093, -29.217529, -49.334717, -99.259949 
18499282507037, -29.217529, -49.334717, -99.110413 
18499302404498, -29.217529, -49.334717, -99.259949 
18499322271441, -29.217529, -49.334717, -99.259949 
18499342138384, -29.217529, -49.334717, -99.259949 
18499362005328, -29.217529, -49.336243, -98.812866 
18499381872271, -29.216003, -49.337769, -98.513794 
18499401739214, -29.214478, -49.340820, -97.767639 
18499421606158, -29.214478, -49.340820, -97.767639 
18499441473101, -29.216003, -49.339294, -98.066711 
18499461340045, -29.216003, -49.339294, -98.214722 
18499481206988, -29.216003, -49.339294, -98.214722 
18499501073931, -29.216003, -49.339294, -98.214722 
18499520971392, -29.216003, -49.339294, -98.214722 
18499540868853, -29.216003, -49.339294, -98.214722 
18499560735797, -29.518127, -49.337769, -98.216248 
18499580602740, -29.518127, -49.336243, -98.367310 
18499600469683, -29.518127, -49.336243, -98.367310 
18499620336627, -29.518127, -49.336243, -98.367310 
18499640203570, -29.518127, -49.336243, -98.515320 
18499660070513, -29.518127, -49.336243, -98.515320 
18499679937457, -29.521179, -48.736572, -98.516846 
18499699804400, -29.521179, -48.736572, -98.516846 
18499719701861, -29.521179, -48.735046, -98.666382 
18499739568804, -29.522705, -48.735046, -98.815918 
18499759435748, -29.220581, -48.735046, -99.261475 
18499779302691, -29.220581, -48.735046, -99.261475 
18499799169634, -29.220581, -48.735046, -99.261475 
18499819067095, -29.222107, -48.733521, -99.411011 
18499838934039, -29.222107, -48.733521, -99.411011 
18499858800982, -29.222107, -48.733521, -99.411011 
18499878667925, -29.524231, -48.731995, -99.412537 
18499898534869, -29.522705, -49.031067, -99.411011 
18499918401812, -29.823303, -49.029541, -99.411011 
18499938299273, -30.274963, -49.028015, -99.412537 
18499958166216, -30.273438, -49.328613, -99.412537 
18499978033160, -30.574036, -49.327087, -99.412537 
18499997900103, -30.572510, -49.629211, -99.411011 
18500017767047, -30.572510, -49.629211, -99.411011 
18500037633990, -30.572510, -49.629211, -99.411011 
18500057500933, -30.271912, -49.630737, -99.411011 
18500077367877, -29.820251, -49.632263, -99.409485 
18500097234820, -28.764343, -49.638367, -99.258423 
18500117132281, -29.067993, -49.484253, -99.258423 
18500136999224, -29.069519, -49.482727, -99.407959 
18500156896685, -29.069519, -49.482727, -99.407959 
18500176763629, -29.067993, -49.334717, -99.259949 
18500196600054, -29.071045, -48.735046, -99.261475 
18500216466998, -29.071045, -48.735046, -99.111938 
18500236333941, -29.069519, -48.738098, -98.515320 
18500256200884, -29.069519, -48.738098, -98.515320 
18500276067828, -29.069519, -48.738098, -98.515320 
18500295921883, -29.069519, -48.738098, -98.515320 
18500315819344, -29.069519, -48.738098, -98.367310 
18500335686287, -29.219055, -48.738098, -98.367310 
18500355583748, -29.219055, -48.738098, -98.367310 
18500375450692, -29.219055, -48.738098, -98.367310 
18500395348153, -29.219055, -48.738098, -98.367310 
18500415215096, -29.521179, -48.736572, -98.368835 
18500435082039, -29.521179, -48.736572, -98.368835 
18500454948983, -29.219055, -48.738098, -98.367310 
18500474815926, -29.219055, -48.738098, -98.367310 
18500494682869, -29.219055, -48.738098, -98.367310 
18500514549813, -29.219055, -48.738098, -98.367310 
18500534416756, -29.219055, -48.738098, -98.367310 
18500554314217, -29.219055, -48.739624, -98.216248 
18500574181160, -29.219055, -48.739624, -98.216248 
18500594048104, -29.217529, -49.189758, -98.214722 
18500613915047, -29.217529, -49.189758, -98.214722 
18500633781991, -29.669189, -49.186707, -98.216248 
18500653648934, -29.519653, -49.188232, -98.216248 
18500673515877, -29.519653, -49.188232, -98.216248 
18500693413338, -29.519653, -49.188232, -98.216248 
18500713280282, -29.519653, -49.186707, -98.367310 
18500733147225, -29.519653, -49.186707, -98.367310 
18500753044686, -29.519653, -49.186707, -98.367310 
18500772911629, -29.519653, -49.186707, -98.367310 
18500792778573, -29.519653, -49.186707, -98.515320 
18500812645516, -29.519653, -49.185181, -98.664856 
18500832512459, -29.521179, -49.185181, -98.814392 
18500852379403, -29.521179, -49.185181, -98.814392 
18500872246346, -29.522705, -49.182129, -99.560547 
18500892113289, -29.521179, -49.185181, -98.814392 
18500911980233, -29.521179, -49.183655, -99.111938 
18500931847176, -29.521179, -49.185181, -98.814392 
18500951714119, -29.521179, -49.185181, -98.814392 
18500971611580, -29.521179, -49.185181, -98.814392 
18500991478524, -29.217529, -49.485779, -98.811340 
18501011345467, -29.217529, -49.336243, -98.812866 
18501031242928, -29.217529, -49.336243, -98.812866 
18501051109871, -28.765869, -49.487305, -98.811340 
18501070976815, -29.067993, -49.484253, -99.108887 
18501090843758, -29.067993, -49.484253, -99.108887 
18501110710701, -29.066467, -49.485779, -98.661804 
18501130577645, -29.066467, -49.485779, -98.661804 
18501150444588, -29.066467, -49.485779, -98.661804 
18501170311532, -29.066467, -49.485779, -98.661804 
18501190208992, -29.066467, -49.485779, -98.661804 
18501210075936, -29.066467, -49.485779, -98.661804 
18501229942879, -29.066467, -49.336243, -98.663330 
18501249840340, -29.066467, -49.336243, -98.663330 
18501269707284, -29.067993, -49.186707, -98.663330 
18501289574227, -29.067993, -49.186707, -98.663330 
18501309441170, -29.067993, -49.186707, -98.663330 
18501329308114, -29.067993, -49.186707, -98.663330 
18501349175057, -29.067993, -49.186707, -98.663330 
18501369042000, -29.217529, -49.186707, -98.663330 
18501388939461, -29.067993, -49.188232, -98.513794 
18501408806405, -29.067993, -49.188232, -98.513794 
18501428673348, -29.067993, -49.037170, -98.513794 
18501448540291, -29.067993, -49.037170, -98.513794 
18501468376717, -29.067993, -49.037170, -98.365784 
18501488243660, -29.067993, -49.035645, -98.663330 
18501508110604, -29.067993, -49.037170, -98.513794 
18501527977547, -29.067993, -49.037170, -98.513794 
18501547875008, -29.217529, -49.037170, -98.513794 
18501567772469, -29.217529, -49.037170, -98.513794 
18501587639412, -28.765869, -49.038696, -98.513794 
18501607506356, -29.217529, -49.037170, -98.513794 
18501627403817, -29.067993, -49.037170, -98.513794 
18501647270760, -29.217529, -49.037170, -98.365784 
18501667137703, -29.217529, -49.037170, -98.365784 
18501687004647, -29.217529, -49.188232, -98.365784 
18501706871590, -29.216003, -49.337769, -98.365784 
18501726738534, -29.216003, -49.337769, -98.365784 
18501746635994, -29.216003, -49.487305, -98.364258 
18501766502938, -29.216003, -49.487305, -98.364258 
18501786400399, -29.216003, -49.487305, -98.364258 
18501806267342, -29.216003, -49.337769, -98.365784 
18501826164803, -29.217529, -49.188232, -98.365784 
18501846031746, -28.765869, -49.189758, -98.365784 
18501865898690, -29.067993, -49.188232, -98.365784 
18501885765633, -29.067993, -49.188232, -98.365784 
18501905632576, -29.067993, -49.188232, -98.365784 
18501925530037, -29.067993, -49.188232, -98.365784 
18501945366463, -29.067993, -49.188232, -98.365784 
18501965233407, -29.067993, -49.188232, -98.365784 
18501985100350, -29.067993, -49.188232, -98.513794 
18502004967293, -29.669189, -49.185181, -98.515320 
18502024834237, -29.669189, -49.185181, -98.367310 
18502044701180, -29.669189, -49.185181, -98.367310 
18502064598641, -29.669189, -49.185181, -98.367310 
18502084465584, -29.669189, -49.185181, -98.367310 
18502104332528, -29.667664, -49.484253, -98.365784 
18502124229989, -29.666138, -49.786377, -98.364258 
18502144096932, -29.666138, -49.786377, -98.512268 
18502163963875, -29.666138, -49.786377, -98.512268 
18502183830819, -29.666138, -49.636841, -98.513794 
18502203697762, -29.666138, -49.636841, -98.513794 
18502223564705, -29.666138, -49.636841, -98.513794 
18502243462166, -29.666138, -49.636841, -98.513794 
18502263329110, -29.666138, -49.636841, -98.513794 
18502283196053, -29.666138, -49.636841, -98.513794 
18502303062996, -29.516602, -49.638367, -98.513794 
18502322929940, -29.516602, -49.638367, -98.513794 
18502342796883, -29.516602, -49.638367, -98.513794 
18502362663826, -29.516602, -49.638367, -98.513794 
18502382530770, -29.518127, -49.485779, -98.513794 
18502402458748, -29.518127, -49.485779, -98.513794 
18502422295174, -29.518127, -49.336243, -98.515320 
18502442162117, -29.518127, -49.336243, -98.515320 
18502462029061, -29.216003, -49.337769, -98.513794 
18502481896004, -29.216003, -49.337769, -98.513794 
18502501762948, -29.216003, -49.337769, -98.513794 
18502521660409, -29.216003, -49.337769, -98.513794 
18502541527352, -29.216003, -49.487305, -98.512268 
18502561394295, -29.216003, -49.487305, -98.512268 
18502581291756, -29.216003, -49.487305, -98.512268 
18502601158700, -29.216003, -49.487305, -98.512268 
18502621025643, -29.216003, -49.487305, -98.364258 
18502640892586, -29.216003, -49.487305, -98.364258 
18502660759530, -29.216003, -49.487305, -98.364258 
18502680656991, -29.216003, -49.488831, -98.213196 
18502700523934, -29.216003, -49.488831, -98.213196 
18502720421395, -29.216003, -49.488831, -98.213196 
18502740288338, -29.216003, -49.488831, -98.213196 
18502760155282, -29.216003, -49.488831, -98.213196 
18502780022225, -29.216003, -49.488831, -98.213196 
18502799889168, -29.216003, -49.487305, -98.364258 
18502819756112, -29.216003, -49.487305, -98.364258 
18502839623055, -29.214478, -49.639893, -98.364258 
18502859489998, -29.516602, -49.638367, -98.365784 
18502879356942, -29.516602, -49.638367, -98.365784 
18502899223885, -29.516602, -49.638367, -98.365784 
18502919090828, -29.516602, -49.638367, -98.365784 
18502938988289, -29.516602, -49.638367, -98.365784 
18502958855233, -29.516602, -49.638367, -98.365784 
18502978752694, -29.516602, -49.638367, -98.513794 
18502998619637, -29.518127, -49.485779, -98.513794 
18503018486580, -29.518127, -49.485779, -98.513794 
18503038353524, -29.518127, -49.485779, -98.513794 
18503058220467, -29.518127, -49.485779, -98.513794 
18503078087410, -29.518127, -49.485779, -98.513794 
18503097954354, -29.518127, -49.485779, -98.513794 
18503117851815, -29.066467, -49.485779, -98.661804 
18503137718758, -28.764343, -49.487305, -98.661804 
18503157585701, -28.616333, -49.487305, -98.811340 
18503177452645, -28.765869, -49.487305, -98.811340 
18503197319588, -28.767395, -49.188232, -98.812866 
18503217186532, -28.767395, -49.037170, -98.812866 
18503237053475, -28.770447, -48.435974, -98.815918 
18503256950936, -28.765869, -49.337769, -98.812866 
18503276817879, -28.765869, -49.487305, -98.811340 
18503296715340, -28.764343, -49.487305, -98.661804 
18503316582284, -29.066467, -49.485779, -98.661804 
18503336449227, -29.066467, -49.485779, -98.661804 
18503356316170, -29.066467, -49.485779, -98.661804 
18503376213631, -29.066467, -49.485779, -98.661804 
18503396080575, -29.066467, -49.485779, -98.661804 
18503415947518, -29.066467, -49.485779, -98.661804 
18503435814461, -29.067993, -49.336243, -98.812866 
18503455681405, -29.067993, -49.336243, -98.812866 
18503475548348, -28.765869, -49.337769, -98.812866 
18503495445809, -29.067993, -49.334717, -99.259949 
18503515312752, -29.067993, -49.336243, -98.812866 
18503535149178, -29.067993, -49.336243, -98.812866 
18503555046639, -29.067993, -49.336243, -98.812866 
18503574913582, -29.067993, -49.336243, -98.812866 
18503594780526, -29.067993, -49.336243, -98.812866 
18503614647469, -29.067993, -49.336243, -98.812866 
18503634514412, -29.069519, -49.186707, -98.812866 
18503654381356, -29.067993, -49.188232, -98.513794 
18503674248299, -29.067993, -49.188232, -98.513794 
18503694145760, -29.067993, -49.188232, -98.513794 
18503714012703, -29.069519, -48.587036, -98.516846 
18503733879647, -29.071045, -48.736572, -98.814392 
18503753746590, -29.071045, -48.735046, -99.111938 
18503773613534, -29.069519, -48.736572, -98.664856 
18503793480477, -29.069519, -48.738098, -98.367310 
18503813347420, -29.067993, -48.741150, -97.769165 
18503833244881, -29.067993, -48.741150, -97.769165 
18503853111825, -28.765869, -48.742676, -97.769165 
18503872978768, -28.765869, -48.742676, -97.769165 
18503892845711, -28.616333, -48.742676, -97.769165 
18503912743172, -28.616333, -48.742676, -97.769165 
18503932610116, -28.617859, -48.741150, -98.068237 
18503952477059, -28.616333, -49.040222, -98.066711 
18503972344002, -28.616333, -49.191284, -98.214722 
18503992210946, -28.616333, -49.191284, -98.214722 
18504012047371, -28.616333, -49.191284, -98.214722 
18504031914315, -28.616333, -49.191284, -98.214722 
18504051781258, -28.765869, -49.189758, -98.365784 
18504071648201, -29.067993, -49.188232, -98.365784 
18504091515145, -29.067993, -49.188232, -98.365784 
18504111412606, -29.067993, -49.188232, -98.365784 
18504131279549, -29.067993, -49.037170, -98.365784 
18504151146492, -29.217529, -49.037170, -98.513794 
18504171013436, -29.217529, -49.037170, -98.513794 
