# Created at Tue Jun 01 15:56:31 GMT+02:00 2021 in Burnaby Canada 
1993363774535 -0.102386 -0.104782 9.820038 
1993383580443 -0.111954 -0.109573 9.810471 
1993403416869 -0.104782 -0.102402 9.817642 
1993423253295 -0.102386 -0.109573 9.810471 
1993443059203 -0.107178 -0.107178 9.822433 
1993462865111 -0.102386 -0.107178 9.808075 
1993482701537 -0.099991 -0.104782 9.817642 
1993502507445 -0.102386 -0.111969 9.810471 
1993522313353 -0.092819 -0.114365 9.812851 
1993542149779 -0.097595 -0.114365 9.808075 
1993561955687 -0.116745 -0.107178 9.812851 
1993581761595 -0.095215 -0.107178 9.808075 
1993601598021 -0.102386 -0.109573 9.812851 
1993621403929 -0.107178 -0.114365 9.817642 
1993641209838 -0.095215 -0.109573 9.808075 
1993661046263 -0.095215 -0.111969 9.805679 
1993680882689 -0.104782 -0.102402 9.803284 
1993700688597 -0.099991 -0.114365 9.810471 
1993720525023 -0.104782 -0.111969 9.805679 
1993740330931 -0.102386 -0.104782 9.812851 
1993760167357 -0.109558 -0.104782 9.796112 
1993779973265 -0.099991 -0.102402 9.793716 
1993799779174 -0.102386 -0.109573 9.800888 
1993819615599 -0.104782 -0.107178 9.791321 
1993839421508 -0.099991 -0.107178 9.805679 
1993859227416 -0.099991 -0.104782 9.815247 
1993879063842 -0.104782 -0.107178 9.779358 
1993898869750 -0.104782 -0.111969 9.781754 
1993918675658 -0.099991 -0.104782 9.788925 
1993938512084 -0.092819 -0.100006 9.796112 
1993958317992 -0.099991 -0.102402 9.796112 
1993978154418 -0.104782 -0.104782 9.791321 
1993997990844 -0.097595 -0.097610 9.793716 
1994017796752 -0.107178 -0.100006 9.788925 
1994037602660 -0.104782 -0.107178 9.784149 
1994057439086 -0.104782 -0.102402 9.796112 
1994077244994 -0.095215 -0.100006 9.776962 
1994097050902 -0.102386 -0.109573 9.772186 
1994116887328 -0.102386 -0.107178 9.788925 
1994136693236 -0.102386 -0.102402 9.781754 
1994156499144 -0.104782 -0.107178 9.784149 
1994176335570 -0.097595 -0.107178 9.784149 
1994196141478 -0.104782 -0.116745 9.779358 
1994215977904 -0.102386 -0.114365 9.779358 
1994235783812 -0.097595 -0.104782 9.779358 
1994255620238 -0.095215 -0.109573 9.779358 
1994275456664 -0.097595 -0.100006 9.772186 
1994295262572 -0.102386 -0.107178 9.779358 
1994315068480 -0.099991 -0.107178 9.779358 
1994334904906 -0.095215 -0.102402 9.774567 
1994354710814 -0.104782 -0.107178 9.769791 
1994374516722 -0.099991 -0.102402 9.776962 
1994394353148 -0.099991 -0.104782 9.779358 
1994414159056 -0.095215 -0.114365 9.748245 
1994433964965 -0.155029 -0.157425 9.738678 
1994453801390 -0.009064 -0.023438 9.851135 
1994473607299 -0.126312 -0.133499 9.812851 
1994493413207 -0.188522 -0.159821 9.638184 
1994513249633 -0.023422 -0.044968 9.812851 
1994533055541 -0.056915 -0.078461 9.887039 
1994552891967 -0.200485 -0.188538 9.690826 
1994572728392 -0.090424 -0.090424 9.726715 
1994592534301 -0.006668 -0.037781 9.915741 
1994612340209 -0.181351 -0.171783 9.745865 
1994632176635 -0.143066 -0.131104 9.669281 
1994651982543 0.007690 -0.023438 9.889420 
1994671788451 -0.135880 -0.155029 9.808075 
1994691624877 -0.166992 -0.150253 9.652542 
1994711430785 -0.001892 -0.013855 9.887039 
1994731236693 -0.131104 -0.145462 9.827209 
1994751073119 -0.174164 -0.157425 9.654938 
1994770879027 0.005295 -0.011475 9.875076 
1994790715453 -0.131104 -0.145462 9.822433 
1994810521361 -0.176559 -0.155029 9.650146 
1994830357787 0.002899 -0.018646 9.887039 
1994850194213 -0.159821 -0.162216 9.800888 
1994870000121 -0.157425 -0.135895 9.664505 
1994889806029 0.000504 -0.016251 9.901398 
1994909642455 -0.166992 -0.171783 9.772186 
1994929448363 -0.128708 -0.126328 9.683640 
1994949254271 -0.001892 -0.028214 9.915741 
1994969090697 -0.190918 -0.188538 9.736282 
1994988896605 -0.102386 -0.097610 9.717148 
1995008702513 -0.009064 -0.047363 9.913361 
1995028538939 -0.210068 -0.193329 9.700394 
1995048344847 -0.064102 -0.061722 9.767395 
1995068150756 -0.042572 -0.071289 9.910965 
1995087987181 -0.207672 -0.198105 9.657318 
1995107793090 -0.030594 -0.040176 9.800888 
1995127629515 -0.083237 -0.102402 9.875076 
1995147465941 -0.200485 -0.178970 9.642960 
1995167271849 0.002899 -0.021042 9.863113 
1995187077758 -0.131104 -0.145462 9.822433 
1995206914183 -0.162201 -0.152649 9.652542 
1995226720092 0.000504 -0.016251 9.906174 
1995246556517 -0.174164 -0.178970 9.760208 
1995266362426 -0.119141 -0.114365 9.697998 
1995286168334 -0.009064 -0.040176 9.915741 
1995306004760 -0.207672 -0.195709 9.695602 
1995325810668 -0.066498 -0.068893 9.757828 
1995345616576 -0.042572 -0.064102 9.899002 
1995365453002 -0.205276 -0.193329 9.652542 
1995385258910 -0.016251 -0.035400 9.808075 
1995405095336 -0.095215 -0.111969 9.860718 
1995424931761 -0.190918 -0.169388 9.638184 
1995444737670 0.014862 -0.021042 9.875076 
1995464543578 -0.162201 -0.157425 9.786530 
1995484380004 -0.143066 -0.128708 9.669281 
1995504185912 0.012466 -0.028214 9.906174 
1995523991820 -0.198105 -0.181351 9.700394 
1995543828246 -0.073669 -0.078461 9.731506 
1995563634154 -0.030594 -0.061722 9.901398 
1995583440062 -0.210068 -0.190933 9.645355 
1995603276488 -0.016251 -0.030609 9.808075 
1995623082396 -0.102386 -0.121536 9.860718 
1995642888304 -0.178955 -0.169388 9.642960 
1995662724730 0.014862 -0.013855 9.872681 
1995682561156 -0.162201 -0.164612 9.776962 
1995702367064 -0.123917 -0.119141 9.674072 
1995722203490 0.000504 -0.030609 9.915741 
1995742009398 -0.202881 -0.198105 9.705185 
1995761845824 -0.064102 -0.064102 9.750641 
1995781651732 -0.061707 -0.078461 9.906174 
1995801457640 -0.210068 -0.193329 9.638184 
1995821294066 -0.006668 -0.030609 9.832001 
1995841099974 -0.109558 -0.138290 9.846359 
1995860905883 -0.166992 -0.157425 9.647751 
1995880742308 0.007690 -0.025818 9.903778 
1995900548217 -0.166992 -0.181351 9.769791 
1995920354125 -0.123917 -0.102402 9.707565 
1995940190551 -0.025818 -0.052139 9.922928 
1995959996459 -0.202881 -0.200500 9.690826 
1995979832885 -0.044952 -0.056931 9.786530 
1995999669310 -0.064102 -0.102402 9.899002 
1996019475219 -0.193314 -0.186142 9.664505 
1996039281127 0.000504 -0.023438 9.891815 
1996059117553 -0.138275 -0.150253 9.820038 
1996078923461 -0.147842 -0.135895 9.688431 
1996098729369 -0.001892 -0.037781 9.934891 
1996118565795 -0.193314 -0.193329 9.729111 
1996138371703 -0.068893 -0.073685 9.772186 
1996158177611 -0.044952 -0.073685 9.920532 
1996178014037 -0.207672 -0.195709 9.671677 
1996197819945 -0.006668 -0.033005 9.855927 
1996217656371 -0.111954 -0.128708 9.870285 
1996237462279 -0.178955 -0.162216 9.662109 
1996257298705 0.010071 -0.018646 9.915741 
1996277135131 -0.183746 -0.174179 9.781754 
1996296941039 -0.121521 -0.109573 9.724319 
1996316746947 -0.016251 -0.052139 9.927719 
1996336583373 -0.200485 -0.200500 9.700394 
1996356389281 -0.047348 -0.054535 9.800888 
1996376195189 -0.066498 -0.095215 9.903778 
1996396031615 -0.202881 -0.186142 9.671677 
1996415837523 0.000504 -0.023438 9.875076 
1996435643431 -0.131104 -0.147858 9.853531 
1996455479857 -0.162201 -0.157425 9.669281 
1996475285765 0.002899 -0.023438 9.930099 
1996495091674 -0.193314 -0.193329 9.755432 
1996514928099 -0.095215 -0.102402 9.738678 
1996534734008 -0.025818 -0.052139 9.939682 
1996554570433 -0.212463 -0.207672 9.717148 
1996574406859 -0.035385 -0.044968 9.824814 
1996594212767 -0.085632 -0.111969 9.899002 
1996614018676 -0.183746 -0.169388 9.678864 
1996633855101 0.005295 -0.021042 9.913361 
1996653661010 -0.162201 -0.159821 9.824814 
1996673466918 -0.131104 -0.131104 9.721924 
1996693303344 -0.001892 -0.037781 9.958817 
1996713109252 -0.202881 -0.207672 9.733887 
1996732945678 -0.061707 -0.071289 9.798492 
1996752751586 -0.056915 -0.095215 9.918137 
1996772557494 -0.190918 -0.178970 9.674072 
1996792393920 0.002899 -0.011475 9.908569 
1996812199828 -0.157425 -0.157425 9.829605 
1996832036254 -0.131104 -0.128708 9.707565 
1996851872679 -0.004288 -0.044968 9.946854 
1996871678588 -0.207672 -0.198105 9.733887 
1996891484496 -0.049744 -0.056931 9.803284 
1996911320922 -0.068893 -0.107178 9.910965 
1996931126830 -0.195709 -0.176575 9.674072 
1996950932738 0.012466 -0.011475 9.906174 
1996970769164 -0.174164 -0.167007 9.817642 
1996990575072 -0.123917 -0.128708 9.717148 
1997010380980 -0.006668 -0.052139 9.934891 
1997030217406 -0.205276 -0.200500 9.712357 
1997050023314 -0.042572 -0.047363 9.808075 
1997069829222 -0.073669 -0.104782 9.891815 
1997089665648 -0.186142 -0.181351 9.662109 
1997109471556 0.007690 -0.018646 9.903778 
1997129307982 -0.143066 -0.150253 9.815247 
1997149144408 -0.162201 -0.150253 9.676468 
1997168950316 0.002899 -0.023438 9.913361 
1997188786742 -0.164597 -0.169388 9.788925 
1997208592650 -0.121521 -0.123932 9.690826 
1997228398558 0.000504 -0.035400 9.939682 
1997248234984 -0.205276 -0.198105 9.714752 
1997268040892 -0.066498 -0.068893 9.776962 
1997287846801 -0.049744 -0.088043 9.915741 
1997307683226 -0.200485 -0.188538 9.669281 
1997327489135 0.007690 -0.021042 9.884644 
1997347295043 -0.145462 -0.164612 9.829605 
1997367131469 -0.131104 -0.128708 9.709961 
1997386937377 -0.001892 -0.044968 9.944458 
1997406773803 -0.207672 -0.195709 9.721924 
1997426610228 -0.054535 -0.061722 9.798492 
1997446416136 -0.052139 -0.083252 9.922928 
1997466222045 -0.205276 -0.190933 9.678864 
1997486058470 -0.001892 -0.028214 9.875076 
1997505864379 -0.140671 -0.138290 9.863113 
1997525670287 -0.152634 -0.147858 9.688431 
1997545506713 0.005295 -0.028214 9.958817 
1997565312621 -0.198105 -0.195709 9.743469 
1997585118529 -0.071274 -0.076080 9.793716 
1997604954955 -0.049744 -0.078461 9.946854 
1997624760863 -0.205276 -0.198105 9.678864 
1997644566771 -0.016251 -0.035400 9.858322 
1997664403197 -0.097595 -0.123932 9.882248 
1997684239623 -0.178955 -0.162216 9.669281 
1997704076049 0.007690 -0.025818 9.920532 
1997723881957 -0.176559 -0.176575 9.793716 
1997743687865 -0.095215 -0.102402 9.733887 
1997763524291 -0.025818 -0.068893 9.937286 
1997783330199 -0.210068 -0.190933 9.690826 
1997803136107 -0.018631 -0.035400 9.846359 
1997822972533 -0.109558 -0.131104 9.865494 
1997842778441 -0.169388 -0.152649 9.666901 
1997862584349 0.012466 -0.023438 9.927719 
1997882420775 -0.198105 -0.195709 9.731506 
1997902226683 -0.071274 -0.073685 9.764999 
1997922032592 -0.044952 -0.080856 9.908569 
1997941869017 -0.193314 -0.186142 9.659714 
1997961674926 -0.009064 -0.013855 9.877457 
1997981511351 -0.145462 -0.159821 9.810471 
1998001347777 -0.138275 -0.126328 9.695602 
1998021153685 -0.009064 -0.040176 9.913361 
1998040959594 -0.205276 -0.202896 9.686035 
1998060796019 -0.037781 -0.049759 9.793716 
1998080601928 -0.088028 -0.104782 9.877457 
1998100438353 -0.174164 -0.164612 9.645355 
1998120244261 0.014862 -0.006683 9.896606 
1998140050170 -0.181351 -0.183746 9.750641 
1998159856078 -0.102386 -0.097610 9.714752 
1998179692504 -0.030594 -0.066498 9.915741 
1998199498412 -0.210068 -0.188538 9.652542 
1998219304320 -0.011459 -0.025818 9.832001 
1998239140746 -0.099991 -0.126328 9.858322 
1998258977172 -0.176559 -0.174179 9.652542 
1998278783080 -0.011459 -0.013855 9.879852 
1998298619506 -0.143066 -0.147858 9.810471 
1998318425414 -0.155029 -0.133499 9.669281 
1998338261840 0.000504 -0.028214 9.918137 
1998358067748 -0.198105 -0.190933 9.717148 
1998377873656 -0.071274 -0.068893 9.757828 
1998397710082 -0.049744 -0.078461 9.906174 
1998417515990 -0.193314 -0.188538 9.642960 
1998437321898 -0.001892 -0.018646 9.872681 
1998457158324 -0.143066 -0.155029 9.815247 
1998476964232 -0.135880 -0.133499 9.695602 
1998496770140 -0.013855 -0.040176 9.937286 
1998516606566 -0.202881 -0.202896 9.707565 
1998536422236 -0.021027 -0.044968 9.827209 
1998556258662 -0.099991 -0.119141 9.889420 
1998576095088 -0.169388 -0.159821 9.669281 
1998595900996 0.002899 -0.028214 9.937286 
1998615706904 -0.188522 -0.193329 9.755432 
1998635543330 -0.073669 -0.083252 9.786530 
1998655349238 -0.044952 -0.080856 9.930099 
1998675155147 -0.200485 -0.178970 9.671677 
1998694991572 0.002899 -0.018646 9.901398 
1998714797481 -0.174164 -0.174179 9.827209 
1998734633906 -0.116745 -0.114365 9.733887 
1998754439815 -0.023422 -0.061722 9.946854 
1998774245723 -0.205276 -0.207672 9.695602 
1998794082148 -0.016251 -0.035400 9.882248 
1998813888057 -0.131104 -0.143066 9.858322 
1998833724482 -0.140671 -0.140686 9.707565 
1998853560908 0.000504 -0.021042 9.966003 
1998873366816 -0.214844 -0.219650 9.731506 
1998893172725 -0.054535 -0.061722 9.769791 
1998913009150 -0.066498 -0.080856 9.944458 
1998932815059 -0.195709 -0.183746 9.690826 
1998952620967 0.002899 -0.016251 9.930099 
1998972457393 -0.176559 -0.181351 9.803284 
1998992263301 -0.104782 -0.111969 9.736282 
1999012069209 -0.013855 -0.059326 9.956421 
1999031905635 -0.210068 -0.202896 9.733887 
1999051711543 -0.056915 -0.061722 9.822433 
1999071517451 -0.056915 -0.083252 9.927719 
1999091353877 -0.198105 -0.186142 9.678864 
1999111159785 0.000504 -0.021042 9.908569 
1999130996211 -0.150238 -0.162216 9.841568 
1999150832637 -0.147842 -0.140686 9.717148 
1999170638545 -0.016251 -0.047363 9.956421 
1999190474971 -0.147842 -0.155029 9.781754 
1999210280879 -0.107178 -0.104782 9.796112 
1999230086787 -0.095215 -0.114365 9.805679 
1999249923213 -0.107178 -0.104782 9.812851 
1999269729121 -0.097595 -0.111969 9.812851 
1999289535029 -0.104782 -0.109573 9.817642 
1999309371455 -0.104782 -0.114365 9.812851 
1999329177363 -0.095215 -0.102402 9.808075 
1999348983272 -0.099991 -0.111969 9.805679 
