# Created at Tue Jun 01 15:56:31 GMT+02:00 2021 in Burnaby Canada 
1993363774535 0.005168 0.005451 -0.999965 0.003648 
1993383580443 0.005180 0.005455 -0.999965 0.003638 
1993403416869 0.005179 0.005445 -0.999965 0.003639 
1993423253295 0.005187 0.005449 -0.999965 0.003633 
1993443059203 0.005202 0.005436 -0.999965 0.003621 
1993462865111 0.005196 0.005425 -0.999965 0.003625 
1993482701537 0.005199 0.005409 -0.999965 0.003623 
1993502507445 0.005205 0.005430 -0.999965 0.003618 
1993522313353 0.005195 0.005430 -0.999965 0.003626 
1993542149779 0.005194 0.005431 -0.999965 0.003627 
1993561955687 0.005225 0.005419 -0.999965 0.003603 
1993581761595 0.005207 0.005432 -0.999965 0.003617 
1993601598021 0.005213 0.005436 -0.999965 0.003612 
1993621403929 0.005238 0.005448 -0.999965 0.003592 
1993641209838 0.005231 0.005451 -0.999965 0.003598 
1993661046263 0.005224 0.005459 -0.999965 0.003603 
1993680882689 0.005246 0.005450 -0.999965 0.003586 
1993700688597 0.005235 0.005473 -0.999965 0.003595 
1993720525023 0.005233 0.005480 -0.999965 0.003597 
1993740330931 0.005238 0.005475 -0.999965 0.003592 
1993760167357 0.005255 0.005481 -0.999965 0.003578 
1993779973265 0.005256 0.005484 -0.999965 0.003578 
1993799779174 0.005261 0.005498 -0.999965 0.003574 
1993819615599 0.005270 0.005485 -0.999965 0.003567 
1993839421508 0.005258 0.005483 -0.999965 0.003576 
1993859227416 0.005258 0.005489 -0.999965 0.003576 
1993879063842 0.005267 0.005500 -0.999965 0.003569 
1993898869750 0.005276 0.005518 -0.999965 0.003562 
1993918675658 0.005264 0.005511 -0.999965 0.003571 
1993938512084 0.005253 0.005509 -0.999965 0.003580 
1993958317992 0.005242 0.005510 -0.999965 0.003589 
1993978154418 0.005251 0.005516 -0.999965 0.003582 
1993997990844 0.005248 0.005509 -0.999965 0.003584 
1994017796752 0.005261 0.005494 -0.999965 0.003574 
1994037602660 0.005270 0.005493 -0.999965 0.003566 
1994057439086 0.005291 0.005483 -0.999965 0.003550 
1994077244994 0.005282 0.005470 -0.999965 0.003557 
1994097050902 0.005275 0.005473 -0.999965 0.003563 
1994116887328 0.005268 0.005460 -0.999965 0.003569 
1994136693236 0.005273 0.005440 -0.999965 0.003565 
1994156499144 0.005281 0.005452 -0.999965 0.003558 
1994176335570 0.005266 0.005452 -0.999965 0.003570 
1994196141478 0.005275 0.005456 -0.999965 0.003563 
1994215977904 0.005267 0.005457 -0.999965 0.003569 
1994235783812 0.005252 0.005429 -0.999965 0.003581 
1994255620238 0.005246 0.005422 -0.999965 0.003586 
1994275456664 0.005243 0.005411 -0.999965 0.003588 
1994295262572 0.005249 0.005400 -0.999965 0.003584 
1994315068480 0.005250 0.005390 -0.999965 0.003583 
1994334904906 0.005232 0.005384 -0.999965 0.003597 
1994354710814 0.005230 0.005386 -0.999965 0.003598 
1994374516722 0.005221 0.005380 -0.999965 0.003606 
1994394353148 0.005211 0.005378 -0.999965 0.003614 
1994414159056 0.005230 0.005393 -0.999965 0.003599 
1994433964965 0.005315 0.005481 -0.999965 0.003531 
1994453801390 0.005134 0.005324 -0.999966 0.003675 
1994473607299 0.005172 0.005396 -0.999965 0.003645 
1994493413207 0.005318 0.005489 -0.999965 0.003528 
1994513249633 0.005186 0.005382 -0.999965 0.003634 
1994533055541 0.005114 0.005345 -0.999966 0.003691 
1994552891967 0.005293 0.005488 -0.999965 0.003549 
1994572728392 0.005289 0.005459 -0.999965 0.003552 
1994592534301 0.005116 0.005338 -0.999966 0.003689 
1994612340209 0.005226 0.005441 -0.999965 0.003602 
1994632176635 0.005292 0.005472 -0.999965 0.003549 
1994651982543 0.005095 0.005326 -0.999966 0.003706 
1994671788451 0.005150 0.005423 -0.999965 0.003662 
1994691624877 0.005283 0.005511 -0.999965 0.003556 
1994711430785 0.005114 0.005360 -0.999966 0.003691 
1994731236693 0.005160 0.005427 -0.999965 0.003654 
1994751073119 0.005293 0.005516 -0.999964 0.003548 
1994770879027 0.005089 0.005360 -0.999966 0.003711 
1994790715453 0.005136 0.005440 -0.999965 0.003674 
1994810521361 0.005274 0.005512 -0.999965 0.003564 
1994830357787 0.005039 0.005322 -0.999966 0.003751 
1994850194213 0.005102 0.005384 -0.999966 0.003701 
1994870000121 0.005208 0.005437 -0.999965 0.003616 
1994889806029 0.005049 0.005304 -0.999966 0.003743 
1994909642455 0.005148 0.005407 -0.999965 0.003664 
1994929448363 0.005227 0.005455 -0.999965 0.003601 
1994949254271 0.005036 0.005318 -0.999966 0.003753 
1994969090697 0.005212 0.005461 -0.999965 0.003613 
1994988896605 0.005208 0.005434 -0.999965 0.003616 
1995008702513 0.005041 0.005354 -0.999966 0.003749 
1995028538939 0.005239 0.005505 -0.999965 0.003592 
1995048344847 0.005179 0.005414 -0.999965 0.003639 
1995068150756 0.005071 0.005352 -0.999966 0.003725 
1995087987181 0.005264 0.005524 -0.999965 0.003571 
1995107793090 0.005134 0.005418 -0.999965 0.003675 
1995127629515 0.005098 0.005433 -0.999965 0.003704 
1995147465941 0.005278 0.005558 -0.999964 0.003560 
1995167271849 0.005101 0.005395 -0.999966 0.003701 
1995187077758 0.005160 0.005461 -0.999965 0.003655 
1995206914183 0.005272 0.005540 -0.999964 0.003565 
1995226720092 0.005099 0.005392 -0.999966 0.003703 
1995246556517 0.005232 0.005516 -0.999965 0.003597 
1995266362426 0.005257 0.005527 -0.999965 0.003577 
1995286168334 0.005089 0.005420 -0.999965 0.003711 
1995306004760 0.005280 0.005562 -0.999964 0.003558 
1995325810668 0.005212 0.005481 -0.999965 0.003613 
1995345616576 0.005115 0.005405 -0.999965 0.003690 
1995365453002 0.005291 0.005555 -0.999964 0.003550 
1995385258910 0.005136 0.005429 -0.999965 0.003674 
1995405095336 0.005131 0.005436 -0.999965 0.003677 
1995424931761 0.005294 0.005545 -0.999964 0.003547 
1995444737670 0.005085 0.005393 -0.999966 0.003714 
1995464543578 0.005186 0.005469 -0.999965 0.003634 
1995484380004 0.005276 0.005507 -0.999965 0.003562 
1995504185912 0.005071 0.005368 -0.999966 0.003725 
1995523991820 0.005247 0.005498 -0.999965 0.003585 
1995543828246 0.005204 0.005448 -0.999965 0.003619 
1995563634154 0.005075 0.005392 -0.999966 0.003722 
1995583440062 0.005284 0.005551 -0.999964 0.003556 
1995603276488 0.005129 0.005416 -0.999965 0.003679 
1995623082396 0.005125 0.005452 -0.999965 0.003682 
1995642888304 0.005268 0.005549 -0.999964 0.003568 
1995662724730 0.005071 0.005385 -0.999966 0.003725 
1995682561156 0.005184 0.005485 -0.999965 0.003635 
1995702367064 0.005231 0.005494 -0.999965 0.003598 
1995722203490 0.005059 0.005360 -0.999966 0.003735 
1995742009398 0.005243 0.005519 -0.999965 0.003588 
1995761845824 0.005172 0.005443 -0.999965 0.003644 
1995781651732 0.005097 0.005392 -0.999966 0.003704 
1995801457640 0.005294 0.005543 -0.999964 0.003548 
1995821294066 0.005122 0.005409 -0.999965 0.003685 
1995841099974 0.005131 0.005462 -0.999965 0.003677 
1995860905883 0.005253 0.005538 -0.999964 0.003580 
1995880742308 0.005056 0.005394 -0.999966 0.003737 
1995900548217 0.005178 0.005534 -0.999965 0.003639 
1995920354125 0.005224 0.005512 -0.999965 0.003603 
1995940190551 0.005086 0.005414 -0.999965 0.003713 
1995959996459 0.005270 0.005564 -0.999964 0.003567 
1995979832885 0.005164 0.005486 -0.999965 0.003651 
1995999669310 0.005093 0.005463 -0.999965 0.003707 
1996019475219 0.005261 0.005576 -0.999964 0.003573 
1996039281127 0.005077 0.005427 -0.999965 0.003720 
1996059117553 0.005149 0.005500 -0.999965 0.003663 
1996078923461 0.005237 0.005549 -0.999964 0.003593 
1996098729369 0.005057 0.005424 -0.999966 0.003736 
1996118565795 0.005224 0.005572 -0.999964 0.003603 
1996138371703 0.005174 0.005511 -0.999965 0.003643 
1996158177611 0.005069 0.005438 -0.999965 0.003726 
1996178014037 0.005262 0.005579 -0.999964 0.003573 
1996197819945 0.005091 0.005459 -0.999965 0.003709 
1996217656371 0.005105 0.005505 -0.999965 0.003698 
1996237462279 0.005247 0.005599 -0.999964 0.003584 
1996257298705 0.005047 0.005441 -0.999965 0.003744 
1996277135131 0.005198 0.005555 -0.999964 0.003624 
1996296941039 0.005227 0.005545 -0.999964 0.003601 
1996316746947 0.005072 0.005457 -0.999965 0.003724 
1996336583373 0.005251 0.005618 -0.999964 0.003581 
1996356389281 0.005162 0.005523 -0.999965 0.003653 
1996376195189 0.005106 0.005499 -0.999965 0.003697 
1996396031615 0.005289 0.005634 -0.999964 0.003552 
1996415837523 0.005103 0.005484 -0.999965 0.003699 
1996435643431 0.005148 0.005564 -0.999965 0.003663 
1996455479857 0.005260 0.005637 -0.999964 0.003574 
1996475285765 0.005071 0.005474 -0.999965 0.003725 
1996495091674 0.005237 0.005610 -0.999964 0.003593 
1996514928099 0.005231 0.005598 -0.999964 0.003598 
1996534734008 0.005091 0.005520 -0.999965 0.003709 
1996554570433 0.005289 0.005703 -0.999963 0.003551 
1996574406859 0.005178 0.005588 -0.999964 0.003640 
1996594212767 0.005154 0.005579 -0.999964 0.003659 
1996614018676 0.005303 0.005660 -0.999964 0.003541 
1996633855101 0.005120 0.005516 -0.999965 0.003686 
1996653661010 0.005218 0.005603 -0.999964 0.003608 
1996673466918 0.005274 0.005629 -0.999964 0.003563 
1996693303344 0.005328 0.005678 -0.999964 0.003521 
1996713109252 0.005513 0.005842 -0.999962 0.003372 
1996732945678 0.005404 0.005757 -0.999963 0.003459 
1996752751586 0.005277 0.005713 -0.999963 0.003561 
1996772557494 0.005410 0.005794 -0.999963 0.003455 
1996792393920 0.005168 0.005607 -0.999964 0.003647 
1996812199828 0.005210 0.005676 -0.999964 0.003614 
1996832036254 0.005243 0.005695 -0.999964 0.003588 
1996851872679 0.005089 0.005614 -0.999964 0.003710 
1996871678588 0.005315 0.005776 -0.999963 0.003530 
1996891484496 0.005204 0.005680 -0.999964 0.003619 
1996911320922 0.005162 0.005694 -0.999964 0.003652 
1996931126830 0.005366 0.005807 -0.999963 0.003490 
1996950932738 0.005169 0.005631 -0.999964 0.003647 
1996970769164 0.005321 0.005738 -0.999963 0.003526 
1996990575072 0.005396 0.005779 -0.999963 0.003466 
1997010380980 0.005195 0.005672 -0.999964 0.003626 
1997030217406 0.005366 0.005826 -0.999963 0.003490 
1997050023314 0.005276 0.005724 -0.999963 0.003562 
1997069829222 0.005228 0.005722 -0.999963 0.003599 
1997089665648 0.005354 0.005818 -0.999963 0.003499 
1997109471556 0.005142 0.005642 -0.999964 0.003668 
1997129307982 0.005196 0.005686 -0.999964 0.003625 
1997149144408 0.005294 0.005754 -0.999963 0.003547 
1997168950316 0.005151 0.005635 -0.999964 0.003661 
1997188786742 0.005264 0.005735 -0.999963 0.003571 
1997208592650 0.005303 0.005756 -0.999963 0.003540 
1997228398558 0.005104 0.005622 -0.999964 0.003698 
1997248234984 0.005290 0.005773 -0.999963 0.003550 
1997268040892 0.005232 0.005698 -0.999964 0.003596 
1997287846801 0.005145 0.005667 -0.999964 0.003665 
1997307683226 0.005311 0.005777 -0.999963 0.003533 
1997327489135 0.005125 0.005618 -0.999964 0.003682 
1997347295043 0.005217 0.005722 -0.999964 0.003608 
1997367131469 0.005250 0.005740 -0.999963 0.003582 
1997386937377 0.005033 0.005611 -0.999965 0.003755 
1997406773803 0.005237 0.005757 -0.999963 0.003592 
1997426610228 0.005161 0.005659 -0.999964 0.003653 
1997446416136 0.005080 0.005609 -0.999964 0.003717 
1997466222045 0.005268 0.005737 -0.999963 0.003568 
1997486058470 0.005087 0.005592 -0.999965 0.003712 
1997505864379 0.005161 0.005640 -0.999964 0.003653 
1997525670287 0.005256 0.005693 -0.999964 0.003577 
1997545506713 0.005039 0.005537 -0.999965 0.003750 
1997565312621 0.005179 0.005663 -0.999964 0.003639 
1997585118529 0.005121 0.005603 -0.999964 0.003685 
1997604954955 0.005049 0.005559 -0.999965 0.003742 
1997624760863 0.005237 0.005700 -0.999964 0.003592 
1997644566771 0.005083 0.005569 -0.999965 0.003715 
1997664403197 0.005071 0.005593 -0.999965 0.003725 
1997684239623 0.005214 0.005684 -0.999964 0.003611 
1997704076049 0.005007 0.005536 -0.999965 0.003776 
1997723881957 0.005098 0.005628 -0.999964 0.003703 
1997743687865 0.005061 0.005593 -0.999965 0.003732 
1997763524291 0.004892 0.005509 -0.999965 0.003867 
1997783330199 0.005093 0.005640 -0.999964 0.003707 
1997803136107 0.004960 0.005511 -0.999965 0.003813 
1997822972533 0.004949 0.005538 -0.999965 0.003821 
1997842778441 0.005104 0.005615 -0.999964 0.003699 
1997862584349 0.004892 0.005465 -0.999966 0.003867 
1997882420775 0.005060 0.005605 -0.999965 0.003733 
1997902226683 0.005030 0.005544 -0.999965 0.003757 
1997922032592 0.004919 0.005494 -0.999965 0.003846 
1997941869017 0.005103 0.005630 -0.999964 0.003699 
1997961674926 0.004928 0.005453 -0.999966 0.003838 
1997981511351 0.005016 0.005554 -0.999965 0.003768 
1998001347777 0.005092 0.005574 -0.999965 0.003708 
1998021153685 0.004917 0.005443 -0.999966 0.003847 
1998040959594 0.005121 0.005620 -0.999964 0.003685 
1998060796019 0.005008 0.005517 -0.999965 0.003775 
1998080601928 0.004947 0.005498 -0.999965 0.003823 
1998100438353 0.005075 0.005574 -0.999965 0.003722 
1998120244261 0.004884 0.005410 -0.999966 0.003874 
1998140050170 0.005035 0.005542 -0.999965 0.003753 
1998159856078 0.005048 0.005525 -0.999965 0.003743 
1998179692504 0.004923 0.005463 -0.999966 0.003842 
1998199498412 0.005148 0.005604 -0.999964 0.003663 
1998219304320 0.004989 0.005461 -0.999965 0.003790 
1998239140746 0.004973 0.005492 -0.999965 0.003803 
1998258977172 0.005127 0.005596 -0.999964 0.003680 
1998278783080 0.004980 0.005443 -0.999966 0.003798 
1998298619506 0.005050 0.005513 -0.999965 0.003741 
1998318425414 0.005153 0.005546 -0.999965 0.003659 
1998338261840 0.004984 0.005419 -0.999966 0.003794 
1998358067748 0.005138 0.005553 -0.999965 0.003672 
1998377873656 0.005035 0.005462 -0.999965 0.003753 
1998397710082 0.004908 0.005399 -0.999966 0.003855 
1998417515990 0.005046 0.005520 -0.999965 0.003745 
1998437321898 0.004861 0.005366 -0.999966 0.003892 
1998457158324 0.004947 0.005450 -0.999966 0.003823 
1998476964232 0.005009 0.005485 -0.999965 0.003774 
1998496770140 0.004856 0.005368 -0.999966 0.003895 
1998516606566 0.005035 0.005536 -0.999965 0.003754 
1998536422236 0.004895 0.005427 -0.999966 0.003864 
1998556258662 0.004894 0.005447 -0.999966 0.003865 
1998576095088 0.005027 0.005527 -0.999965 0.003760 
1998595900996 0.004845 0.005377 -0.999966 0.003904 
1998615706904 0.005010 0.005527 -0.999965 0.003773 
1998635543330 0.004962 0.005484 -0.999965 0.003811 
1998655349238 0.004864 0.005436 -0.999966 0.003889 
1998675155147 0.005063 0.005550 -0.999965 0.003731 
1998694991572 0.004892 0.005395 -0.999966 0.003867 
1998714797481 0.004728 0.005256 -0.999967 0.003998 
1998734633906 0.004775 0.005276 -0.999967 0.003960 
1998754439815 0.004658 0.005203 -0.999967 0.004053 
1998774245723 0.004859 0.005372 -0.999966 0.003894 
1998794082148 0.004728 0.005264 -0.999967 0.003997 
1998813888057 0.004798 0.005330 -0.999967 0.003942 
1998833724482 0.004896 0.005382 -0.999966 0.003864 
1998853560908 0.004734 0.005235 -0.999967 0.003993 
1998873366816 0.004971 0.005283 -0.999966 0.003804 
1998893172725 0.004892 0.005201 -0.999967 0.003867 
1998913009150 0.004822 0.005279 -0.999967 0.003923 
1998932815059 0.004954 0.005452 -0.999966 0.003818 
1998952620967 0.004787 0.005307 -0.999967 0.003951 
1998972457393 0.004921 0.005438 -0.999966 0.003844 
1998992263301 0.004918 0.005425 -0.999966 0.003847 
1999012069209 0.004768 0.005354 -0.999966 0.003966 
1999031905635 0.004972 0.005521 -0.999965 0.003803 
1999051711543 0.004908 0.005442 -0.999966 0.003854 
1999071517451 0.004844 0.005400 -0.999966 0.003905 
1999091353877 0.005050 0.005562 -0.999965 0.003741 
1999111159785 0.004884 0.005422 -0.999966 0.003873 
1999130996211 0.004958 0.005493 -0.999965 0.003815 
1999150832637 0.005051 0.005550 -0.999965 0.003741 
1999170638545 0.004901 0.005454 -0.999966 0.003860 
1999190474971 0.004994 0.005525 -0.999965 0.003786 
1999210280879 0.005027 0.005507 -0.999965 0.003760 
1999230086787 0.005026 0.005529 -0.999965 0.003760 
1999249923213 0.005034 0.005535 -0.999965 0.003754 
1999269729121 0.005025 0.005552 -0.999965 0.003761 
1999289535029 0.005041 0.005553 -0.999965 0.003749 
1999309371455 0.005056 0.005550 -0.999965 0.003737 
1999329177363 0.005042 0.005539 -0.999965 0.003747 
1999348983272 0.005038 0.005544 -0.999965 0.003751 
