1695456778676 -0.178955 -0.152649 9.875076  
1695476615102 -0.152634 -0.143066 9.585541  
1695496421010 -0.021027 -0.004288 9.985138  
1695516226918 -0.229202 -0.222031 9.726715  
1695536063344 -0.044952 -0.056931 9.697998  
1695555899770 -0.090424 -0.080856 9.970779  
1695575736196 -0.202881 -0.207672 9.602295  
1695595542104 -0.001892 0.014847 9.896606  
1695615348012 -0.183746 -0.171783 9.855927  
1695635184438 -0.133499 -0.126328 9.611862  
1695654990346 -0.030594 -0.023438 10.009064  
1695674796254 -0.224426 -0.229218 9.707565  
1695694632680 -0.032990 -0.033005 9.755432  
1695714438588 -0.111954 -0.104782 9.963608  
1695734244496 -0.205276 -0.186142 9.597504  
1695754080922 -0.001892 0.010071 9.951645  
1695773886830 -0.207672 -0.200500 9.808075  
1695793692739 -0.090424 -0.092819 9.664505  
1695813529164 -0.056915 -0.044968 9.999496  
1695833365590 -0.224426 -0.217255 9.666901  
1695853171498 -0.016251 0.005280 9.836792  
1695873007924 -0.150238 -0.150253 9.918137  
1695892813832 -0.155029 -0.150253 9.595108  
1695912619741 -0.018631 0.002884 9.999496  
1695932456166 -0.226807 -0.222031 9.757828  
1695952262074 -0.054535 -0.049759 9.719543  
1695972067983 -0.097595 -0.088043 9.994705  
1695991904408 -0.198105 -0.200500 9.611862  
1696011710317 -0.001892 0.012466 9.946854  
1696031516225 -0.212463 -0.188538 9.827209  
1696051352651 -0.109558 -0.102402 9.654938  
1696071158559 -0.049744 -0.042572 10.016251  
1696090964467 -0.224426 -0.226822 9.681259  
1696110800893 -0.013855 0.000504 9.839172  
1696130637319 -0.164597 -0.145462 9.920532  
1696150443227 -0.155029 -0.152649 9.621429  
1696170279653 -0.023422 -0.006683 10.018646  
1696190085561 -0.229202 -0.224426 9.738678  
1696209891469 -0.040176 -0.030609 9.774567  
1696229727895 -0.119141 -0.097610 9.985138  
1696249533803 -0.198105 -0.207672 9.616638  
1696269339711 -0.006668 0.012466 9.966003  
1696289176137 -0.210068 -0.195709 9.834396  
1696308982045 -0.088028 -0.097610 9.690826  
1696328787953 -0.064102 -0.049759 10.018646  
1696348624379 -0.222031 -0.224426 9.669281  
1696368430287 -0.006668 0.002884 9.870285  
1696388266713 -0.162201 -0.152649 9.927719  
1696408103139 -0.155029 -0.152649 9.630997  
1696427909047 -0.018631 -0.004288 10.018646  
1696447745473 -0.226807 -0.229218 9.774567  
1696467551381 -0.056915 -0.059326 9.736282  
1696487357289 -0.095215 -0.076080 10.016251  
1696507193715 -0.217239 -0.210068 9.647751  
1696526999623 -0.004288 0.005280 9.934891  
1696546805532 -0.188522 -0.183746 9.875076  
1696566641957 -0.116745 -0.116745 9.657318  
1696586447866 -0.032990 -0.030609 10.028214  
1696606253774 -0.222031 -0.233994 9.697998  
1696626090199 -0.018631 -0.004288 9.836792  
1696645896108 -0.155029 -0.133499 9.939682  
1696665702016 -0.166992 -0.164612 9.623825  
1696685538442 -0.011459 0.002884 10.009064  
1696705374867 -0.229202 -0.222031 9.774567  
1696725180776 -0.054535 -0.044968 9.755432  
1696745017201 -0.107178 -0.097610 10.011459  
1696764823110 -0.210068 -0.198105 9.630997  
1696784629018 -0.013855 0.010071 9.963608  
1696804465444 -0.202881 -0.198105 9.843964  
1696824271352 -0.104782 -0.097610 9.681259  
1696844077260 -0.061707 -0.054535 10.023422  
1696863913686 -0.224426 -0.217255 9.676468  
1696883719594 0.002899 0.000504 9.867889  
1696903525502 -0.171783 -0.152649 9.901398  
1696923361928 -0.135880 -0.135895 9.630997  
1696943167836 -0.035385 -0.009079 10.028214  
1696963004262 -0.226807 -0.233994 9.695602  
1696982840688 -0.016251 -0.004288 9.827209  
1697002646596 -0.159821 -0.143066 9.922928  
1697022452504 -0.157425 -0.152649 9.614258  
1697042288930 -0.018631 -0.004288 10.004288  
1697062094838 -0.236389 -0.229218 9.719543  
1697081900746 -0.037781 -0.028214 9.767395  
1697101737172 -0.128708 -0.111969 9.954041  
1697121543080 -0.181351 -0.178970 9.604675  
1697141348989 -0.006668 0.010071 9.958817  
1697161185414 -0.229202 -0.217255 9.769791  
1697180991323 -0.064102 -0.052139 9.705185  
1697200797231 -0.099991 -0.088043 9.977966  
1697220633657 -0.188522 -0.200500 9.595108  
1697240439565 0.005295 0.022034 9.937286  
1697260275991 -0.219635 -0.205292 9.800888  
1697280112416 -0.080856 -0.061722 9.669281  
1697299918324 -0.078461 -0.061722 9.980362  
1697319754750 -0.210068 -0.205292 9.604675  
1697339560658 0.000504 0.017242 9.922928  
1697359366567 -0.205276 -0.193329 9.808075  
1697379202992 -0.090424 -0.090424 9.662109  
1697399008901 -0.071274 -0.056931 9.992325  
1697418814809 -0.210068 -0.217255 9.630997  
1697438651235 -0.001892 0.014847 9.889420  
