1695456778676 -0.113914 -0.102878 9.805449  
1695476615102 -0.114023 -0.102856 9.805449  
1695496421010 -0.113215 -0.102355 9.805462  
1695516226918 -0.113461 -0.102721 9.805455  
1695536063344 -0.112791 -0.102499 9.805466  
1695555899770 -0.112335 -0.102621 9.805470  
1695575736196 -0.112228 -0.102681 9.805470  
1695595542104 -0.110869 -0.101616 9.805497  
1695615348012 -0.110899 -0.101957 9.805493  
1695635184438 -0.111645 -0.102319 9.805481  
1695654990346 -0.111849 -0.102384 9.805478  
1695674796254 -0.112555 -0.103259 9.805460  
1695694632680 -0.111356 -0.102675 9.805479  
1695714438588 -0.111261 -0.102908 9.805479  
1695734244496 -0.112358 -0.103330 9.805462  
1695754080922 -0.111708 -0.102518 9.805478  
1695773886830 -0.112328 -0.102770 9.805469  
1695793692739 -0.112136 -0.102722 9.805470  
1695813529164 -0.111519 -0.102418 9.805481  
1695833365590 -0.112709 -0.102991 9.805462  
1695853171498 -0.111897 -0.102211 9.805479  
1695873007924 -0.112463 -0.102678 9.805468  
1695892813832 -0.112593 -0.102689 9.805467  
1695912619741 -0.112023 -0.102386 9.805475  
1695932456166 -0.112742 -0.102979 9.805461  
1695952262074 -0.112363 -0.102715 9.805469  
1695972067983 -0.112185 -0.102867 9.805470  
1695991904408 -0.112766 -0.103360 9.805456  
1696011710317 -0.112115 -0.103009 9.805469  
1696031516225 -0.112519 -0.103669 9.805457  
1696051352651 -0.112892 -0.103668 9.805452  
1696071158559 -0.112471 -0.103349 9.805461  
1696090964467 -0.113181 -0.103965 9.805446  
1696110800893 -0.112593 -0.103436 9.805458  
1696130637319 -0.112990 -0.103634 9.805451  
1696150443227 -0.113354 -0.103649 9.805447  
1696170279653 -0.112803 -0.103148 9.805458  
1696190085561 -0.113528 -0.103753 9.805445  
1696209891469 -0.113073 -0.103623 9.805450  
1696229727895 -0.112999 -0.103580 9.805452  
1696249533803 -0.113343 -0.104103 9.805443  
1696269339711 -0.112711 -0.103507 9.805456  
1696289176137 -0.113337 -0.103962 9.805444  
1696308982045 -0.113359 -0.103700 9.805447  
1696328787953 -0.112771 -0.103414 9.805456  
1696348624379 -0.113705 -0.104018 9.805440  
1696368430287 -0.112605 -0.103243 9.805460  
1696388266713 -0.112992 -0.103241 9.805455  
1696408103139 -0.113595 -0.103487 9.805446  
1696427909047 -0.113254 -0.103451 9.805449  
1696447745473 -0.113255 -0.104315 9.805441  
1696467551381 -0.112887 -0.103855 9.805451  
1696487357289 -0.113409 -0.103936 9.805444  
1696507193715 -0.114555 -0.104706 9.805422  
1696526999623 -0.113907 -0.104146 9.805436  
1696546805532 -0.114419 -0.104771 9.805424  
1696566641957 -0.114584 -0.104833 9.805420  
1696586447866 -0.114071 -0.104687 9.805428  
1696606253774 -0.114757 -0.105333 9.805412  
1696626090199 -0.114421 -0.104822 9.805423  
1696645896108 -0.114525 -0.105191 9.805417  
1696665702016 -0.114939 -0.105493 9.805408  
1696685538442 -0.114320 -0.104936 9.805422  
1696705374867 -0.114800 -0.105285 9.805413  
1696725180776 -0.114411 -0.104981 9.805421  
1696745017201 -0.114269 -0.104697 9.805425  
1696764823110 -0.115137 -0.105165 9.805409  
1696784629018 -0.114768 -0.104577 9.805422  
1696804465444 -0.115347 -0.105038 9.805409  
1696824271352 -0.115444 -0.104532 9.805414  
1696844077260 -0.114833 -0.104266 9.805424  
1696863913686 -0.115295 -0.104829 9.805411  
1696883719594 -0.114611 -0.104534 9.805424  
1696903525502 -0.115032 -0.105240 9.805410  
1696923361928 -0.115291 -0.105163 9.805408  
1696943167836 -0.114786 -0.104436 9.805422  
1696963004262 -0.115493 -0.104612 9.805412  
1696982840688 -0.114906 -0.103871 9.805427  
1697002646596 -0.115032 -0.104293 9.805421  
1697022452504 -0.115396 -0.104541 9.805414  
1697042288930 -0.114811 -0.104025 9.805427  
1697062094838 -0.115566 -0.104647 9.805411  
1697081900746 -0.115090 -0.104263 9.805421  
1697101737172 -0.115291 -0.104290 9.805418  
1697121543080 -0.115538 -0.104436 9.805413  
1697141348989 -0.114657 -0.103852 9.805430  
1697161185414 -0.115372 -0.104415 9.805415  
1697180991323 -0.115264 -0.104157 9.805419  
1697200797231 -0.115084 -0.104303 9.805420  
1697220633657 -0.115371 -0.104788 9.805411  
1697240439565 -0.114432 -0.104143 9.805429  
1697260275991 -0.115099 -0.104644 9.805416  
1697280112416 -0.115081 -0.104431 9.805419  
1697299918324 -0.114794 -0.104206 9.805425  
1697319754750 -0.115426 -0.104714 9.805412  
1697339560658 -0.114750 -0.104094 9.805427  
1697359366567 -0.115107 -0.104535 9.805418  
1697379202992 -0.115134 -0.104469 9.805418  
1697399008901 -0.115049 -0.104455 9.805419  
1697418814809 -0.115678 -0.105021 9.805406  
1697438651235 -0.115014 -0.104413 9.805420  
