# Created at Tue Jun 01 15:51:31 GMT+02:00 2021 in Burnaby Canada 
1693506858022 0.000000 0.000000 0.000000 
1693526755483 0.000000 0.000000 0.000000 
1693546622426 0.000000 0.000000 0.000000 
1693566519887 0.000000 0.000000 0.000000 
1693586386830 0.000000 0.000000 0.000000 
1693606253774 0.000000 0.000000 0.000000 
1693626120717 0.000000 0.000000 0.000000 
1693645987660 0.000000 0.000000 0.000000 
1693665854604 0.000000 0.000000 0.000000 
1693685752065 0.000000 0.000000 0.000000 
1693705619008 0.000000 0.000000 0.000000 
1693725485951 0.000000 0.000000 0.000000 
1693745352895 0.000000 0.000000 0.000000 
1693765219838 0.000000 0.000000 0.000000 
1693785086782 0.000000 0.000000 0.000000 
1693804984242 0.000000 0.000000 0.000000 
1693824881703 0.000000 0.000000 0.000000 
1693844748647 0.000000 0.000000 0.000000 
1693864615590 0.000000 0.000000 0.000000 
1693884482533 0.000000 0.000000 0.000000 
1693904379994 0.000000 0.000000 0.000000 
1693924246938 0.000000 0.000000 0.000000 
1693944113881 0.000000 0.000000 0.000000 
1693963980824 0.000000 0.000000 0.000000 
1693983847768 0.000000 0.000000 0.000000 
1694003745229 0.000000 0.000000 0.000000 
1694023612172 0.000000 0.000000 0.000000 
1694043479116 0.000000 0.000000 0.000000 
1694063346059 0.000000 0.000000 0.000000 
1694083213002 0.000000 0.000000 0.000000 
1694103110463 0.000000 0.000000 0.000000 
1694123007924 0.000000 0.000000 0.000000 
1694142874867 0.000000 0.000000 0.000000 
1694162741811 0.000000 0.000000 0.000000 
1694182608754 0.000000 0.000000 0.000000 
1694202475698 0.000000 0.000000 0.000000 
1694222342641 0.000000 0.000000 0.000000 
1694242209584 0.000000 0.000000 0.000000 
1694262107045 0.000000 0.000000 0.000000 
1694281973989 0.000000 0.000000 0.000000 
1694301840932 0.000000 0.000000 0.000000 
1694321707875 0.000000 0.000000 0.000000 
1694341574819 0.000000 0.000000 0.000000 
1694361441762 0.000000 0.000000 0.000000 
1694381369741 0.000000 0.000000 0.000000 
1694401236684 0.000000 0.000000 0.000000 
1694421103627 0.000000 0.000000 0.000000 
1694440970571 0.000000 0.000000 0.000000 
1694460837514 0.000000 0.000000 0.000000 
1694480704457 0.000000 0.000000 0.000000 
1694500601918 0.000000 0.000000 0.000000 
1694520468862 0.000000 0.000000 0.000000 
1694540335805 0.000000 0.000000 0.000000 
1694560202748 0.000000 0.000000 0.000000 
1694580069692 0.000000 0.000000 0.000000 
1694599936635 0.000000 0.000000 0.000000 
1694619834096 0.000000 0.000000 0.000000 
1694639701039 0.000000 0.000000 0.000000 
1694659567983 0.000000 0.000000 0.000000 
1694679465444 0.000000 0.000000 0.000000 
1694699332387 0.000000 0.000000 0.000000 
1694719199330 0.000000 0.000000 0.000000 
1694739096791 0.000000 0.000000 0.000000 
1694758963735 0.000000 0.000000 0.000000 
1694778830678 0.000000 0.000000 0.000000 
1694798697621 0.000000 0.000000 0.000000 
1694818564565 0.000000 0.000000 0.000000 
1694838431508 0.000000 0.000000 0.000000 
1694858298451 0.000000 0.000000 0.000000 
1694878165395 0.000000 0.000000 0.000000 
1694898062856 0.000000 0.000000 0.000000 
1694917929799 0.000000 0.000000 0.000000 
1694937796742 0.000000 0.000000 0.000000 
1694957694203 0.000000 0.000000 0.000000 
1694977561147 0.000000 0.000000 0.000000 
1694997428090 0.000000 0.000000 0.000000 
1695017295033 0.000000 0.000000 0.000000 
1695037161977 0.000000 0.000000 0.000000 
1695057028920 0.000000 0.000000 0.000000 
1695076926381 0.000000 0.000000 0.000000 
1695096793324 0.000000 0.000000 0.000000 
1695116660268 0.000000 0.000000 0.000000 
1695136527211 0.000000 0.000000 0.000000 
1695156394155 0.000000 0.000000 0.000000 
1695176261098 0.000000 0.000000 0.000000 
1695196158559 0.000000 0.000000 0.000000 
1695216025502 0.000000 0.000000 0.000000 
1695235892446 0.000000 0.000000 0.000000 
1695255789907 0.000000 0.000000 0.000000 
1695275656850 0.000000 0.000000 0.000000 
1695295523793 0.000000 0.000000 0.000000 
1695315421254 0.000000 0.000000 0.000000 
1695335288198 0.000000 0.000000 0.000000 
1695355155141 0.000000 0.000000 0.000000 
1695375022084 0.000000 0.000000 0.000000 
1695394889028 0.000000 0.000000 0.000000 
1695414755971 0.000000 0.000000 0.000000 
1695434653432 0.000000 0.000000 0.000000 
1695454520375 0.000000 0.000000 0.000000 
1695474387319 0.000000 0.000000 0.000000 
1695494254262 0.000000 0.000000 0.000000 
1695514121205 0.000000 0.000000 0.000000 
1695534049184 0.000000 0.000000 0.000000 
1695553916127 0.000000 0.000000 0.000000 
1695573783071 0.000000 0.000000 0.000000 
1695593650014 0.000000 0.000000 0.000000 
1695613516957 0.000000 0.000000 0.000000 
1695633383901 0.000000 0.000000 0.000000 
1695653281362 0.000000 0.000000 0.000000 
1695673148305 0.000000 0.000000 0.000000 
1695693015248 0.000000 0.000000 0.000000 
1695712882192 0.000000 0.000000 0.000000 
1695732749135 0.000000 0.000000 0.000000 
1695752616078 0.000000 0.000000 0.000000 
1695772483022 0.000000 0.000000 0.000000 
1695792349965 0.000000 0.000000 0.000000 
1695812277944 0.000000 0.000000 0.000000 
1695832144887 0.000000 0.000000 0.000000 
1695852011830 0.000000 0.000000 0.000000 
1695871878774 0.000000 0.000000 0.000000 
1695891745717 0.000000 0.000000 0.000000 
1695911612660 0.000000 0.000000 0.000000 
1695931510121 0.000000 0.000000 0.000000 
1695951377065 0.000000 0.000000 0.000000 
1695971244008 0.000000 0.000000 0.000000 
1695991110951 0.000000 0.000000 0.000000 
1696010977895 0.000000 0.000000 0.000000 
1696030844838 0.000000 0.000000 0.000000 
1696050742299 0.000000 0.000000 0.000000 
1696070609242 0.000000 0.000000 0.000000 
1696090476186 0.000000 0.000000 0.000000 
1696110373647 0.000000 0.000000 0.000000 
1696130240590 0.000000 0.000000 0.000000 
1696150107533 0.000000 0.000000 0.000000 
1696170004994 0.000000 0.000000 0.000000 
1696189871938 0.000000 0.000000 0.000000 
1696209738881 0.000000 0.000000 0.000000 
1696229605824 0.000000 0.000000 0.000000 
1696249472768 0.000000 0.000000 0.000000 
1696269339711 0.000000 0.000000 0.000000 
1696289237172 0.000000 0.000000 0.000000 
1696309104116 0.000000 0.000000 0.000000 
1696328971059 0.000000 0.000000 0.000000 
1696348838002 0.000000 0.000000 0.000000 
1696368704946 0.000000 0.000000 0.000000 
1696388602407 0.000000 0.000000 0.000000 
1696408469350 0.000000 0.000000 0.000000 
1696428366811 0.000000 0.000000 0.000000 
1696448233754 0.000000 0.000000 0.000000 
1696468100698 0.000000 0.000000 0.000000 
1696487967641 0.000000 0.000000 0.000000 
1696507834584 0.000000 0.000000 0.000000 
1696527701528 0.000000 0.000000 0.000000 
1696547568471 0.000000 0.000000 0.000000 
1696567465932 0.000000 0.000000 0.000000 
1696587332875 0.000000 0.000000 0.000000 
1696607199819 0.000000 0.000000 0.000000 
1696627066762 0.000000 0.000000 0.000000 
1696646933705 0.000000 0.000000 0.000000 
1696666831166 0.000000 0.000000 0.000000 
1696686728627 0.000000 0.000000 0.000000 
1696706595571 0.000000 0.000000 0.000000 
1696726462514 0.000000 0.000000 0.000000 
1696746329457 0.000000 0.000000 0.000000 
1696766196401 0.000000 0.000000 0.000000 
1696786093862 0.000000 0.000000 0.000000 
1696805960805 0.000000 0.000000 0.000000 
1696825827748 0.000000 0.000000 0.000000 
1696845694692 0.000000 0.000000 0.000000 
1696865561635 0.000000 0.000000 0.000000 
1696885428578 0.000000 0.000000 0.000000 
1696905326039 0.000000 0.000000 0.000000 
1696925192983 0.000000 0.000000 0.000000 
1696945059926 0.000000 0.000000 0.000000 
1696964957387 0.000000 0.000000 0.000000 
1696984824330 0.000000 0.000000 0.000000 
1697004691274 0.000000 0.000000 0.000000 
1697024558217 0.000000 0.000000 0.000000 
1697044455678 0.000000 0.000000 0.000000 
1697064322621 0.000000 0.000000 0.000000 
1697084189565 0.000000 0.000000 0.000000 
1697104056508 0.000000 0.000000 0.000000 
1697123923451 0.000000 0.000000 0.000000 
1697143790395 0.000000 0.000000 0.000000 
1697163687856 0.000000 0.000000 0.000000 
1697183554799 0.000000 0.000000 0.000000 
1697203421742 0.000000 0.000000 0.000000 
1697223288686 0.000000 0.000000 0.000000 
1697243186147 0.000000 0.000000 0.000000 
1697263053090 0.000000 0.000000 0.000000 
1697282950551 0.000000 0.000000 0.000000 
1697302817494 0.000000 0.000000 0.000000 
1697322684438 0.000000 0.000000 0.000000 
1697342551381 0.000000 0.000000 0.000000 
1697362418324 0.000000 0.000000 0.000000 
1697382285268 0.000000 0.000000 0.000000 
1697402182729 0.000000 0.000000 0.000000 
1697422049672 0.000000 0.000000 0.000000 
1697441916616 0.000000 0.000000 0.000000 
1697461783559 0.000000 0.000000 0.000000 
1697481650502 0.000000 0.000000 0.000000 
1697501517446 0.000000 0.000000 0.000000 
1697521414907 0.000000 0.000000 0.000000 
1697541312367 0.000000 0.000000 0.000000 
1697561179311 0.000000 0.000000 0.000000 
1697581046254 0.000000 0.000000 0.000000 
1697600913198 0.000000 0.000000 0.000000 
1697620780141 0.000000 0.000000 0.000000 
1697640677602 0.000000 0.000000 0.000000 
1697660544545 0.000000 0.000000 0.000000 
1697680411489 0.000000 0.000000 0.000000 
1697700278432 0.000000 0.000000 0.000000 
1697720145375 0.000000 0.000000 0.000000 
1697740012319 0.000000 0.000000 0.000000 
1697759909780 0.000000 0.000000 0.000000 
1697779776723 0.000000 0.000000 0.000000 
1697799643666 0.000000 0.000000 0.000000 
1697819541127 0.000000 0.000000 0.000000 
1697839408071 0.000000 0.000000 0.000000 
1697859305532 0.000000 0.000000 0.000000 
1697879172475 0.000000 0.000000 0.000000 
1697899039418 0.000000 0.000000 0.000000 
1697918906362 0.000000 0.000000 0.000000 
1697938773305 0.000000 0.000000 0.000000 
1697958640248 0.000000 0.000000 0.000000 
1697978507192 0.000000 0.000000 0.000000 
1697998404653 0.000000 0.000000 0.000000 
1698018271596 0.000000 0.000000 0.000000 
1698038138539 0.000000 0.000000 0.000000 
1698058036000 0.000000 0.000000 0.000000 
1698077902944 0.000000 0.000000 0.000000 
1698097800405 0.000000 0.000000 0.000000 
1698117697866 0.000000 0.000000 0.000000 
1698137564809 0.000000 0.000000 0.000000 
1698157431752 0.000000 0.000000 0.000000 
1698177298696 0.000000 0.000000 0.000000 
1698197165639 0.000000 0.000000 0.000000 
1698217032582 0.000000 0.000000 0.000000 
1698236899526 0.000000 0.000000 0.000000 
1698256766469 0.000000 0.000000 0.000000 
1698276633412 0.000000 0.000000 0.000000 
1698296500356 0.000000 0.000000 0.000000 
1698316397817 0.000000 0.000000 0.000000 
1698336264760 0.000000 0.000000 0.000000 
1698356131703 0.000000 0.000000 0.000000 
1698375998647 0.000000 0.000000 0.000000 
1698395896108 0.000000 0.000000 0.000000 
1698415793569 0.000000 0.000000 0.000000 
1698435660512 0.000000 0.000000 0.000000 
1698455527455 0.000000 0.000000 0.000000 
1698475394399 0.000000 0.000000 0.000000 
1698495263265 0.000000 0.000000 0.000000 
1698515160726 0.000000 0.000000 0.000000 
1698535027669 0.000000 0.000000 0.000000 
1698554894613 0.000000 0.000000 0.000000 
1698574761556 0.000000 0.000000 0.000000 
1698594628499 0.000000 0.000000 0.000000 
1698614495443 0.000000 0.000000 0.000000 
1698634392904 0.000000 0.000000 0.000000 
1698654259847 0.000000 0.000000 0.000000 
1698674157308 0.000000 0.000000 0.000000 
1698694024251 0.000000 0.000000 0.000000 
1698713891195 0.000000 0.000000 0.000000 
1698733758138 0.000000 0.000000 0.000000 
1698753655599 0.000000 0.000000 0.000000 
1698773522542 0.000000 0.000000 0.000000 
1698793389486 0.000000 0.000000 0.000000 
1698813256429 0.000000 0.000000 0.000000 
1698833123372 0.000000 0.000000 0.000000 
1698853020833 0.000000 0.000000 0.000000 
1698872887777 0.000000 0.000000 0.000000 
1698892754720 0.000000 0.000000 0.000000 
1698912621664 0.000000 0.000000 0.000000 
1698932488607 0.000000 0.000000 0.000000 
1698952355550 0.000000 0.000000 0.000000 
1698972283529 0.000000 0.000000 0.000000 
1698992150472 0.000000 0.000000 0.000000 
1699012017415 0.000000 0.000000 0.000000 
1699031884359 0.000000 0.000000 0.000000 
1699051751302 0.000000 0.000000 0.000000 
1699071648763 0.000000 0.000000 0.000000 
1699091515706 0.000000 0.000000 0.000000 
1699111382650 0.000000 0.000000 0.000000 
1699131249593 0.000000 0.000000 0.000000 
1699151116537 0.000000 0.000000 0.000000 
1699170983480 0.000000 0.000000 0.000000 
1699190880941 0.000000 0.000000 0.000000 
1699210747884 0.000000 0.000000 0.000000 
1699230614828 0.000000 0.000000 0.000000 
1699250512289 0.000000 0.000000 0.000000 
1699270379232 0.000000 0.000000 0.000000 
1699290246175 0.000000 0.000000 0.000000 
1699310143636 0.000000 0.000000 0.000000 
1699330041097 0.000000 0.000000 0.000000 
1699349908040 0.000000 0.000000 0.000000 
1699369774984 0.000000 0.000000 0.000000 
1699389641927 0.000000 0.000000 0.000000 
1699409539388 0.000000 0.000000 0.000000 
1699429406331 0.000000 0.000000 0.000000 
1699449273275 0.000000 0.000000 0.000000 
1699469140218 0.000000 0.000000 0.000000 
1699489007162 0.000000 0.000000 0.000000 
1699508874105 0.000000 0.000000 0.000000 
1699528771566 0.000000 0.000000 0.000000 
1699548669027 0.000000 0.000000 0.000000 
1699568535970 0.000000 0.000000 0.000000 
1699588402914 0.000000 0.000000 0.000000 
1699608269857 0.000000 0.000000 0.000000 
