# Created at Tue Jun 08 20:01:17 GMT+02:00 2021 in Copenhagen 
15633535588577, -40.493774, -51.847839, -96.888733 
15633555486038, -40.493774, -51.847839, -96.888733 
15633575352981, -40.493774, -51.847839, -96.888733 
15633595219925, -40.493774, -51.847839, -96.888733 
15633615086868, -40.493774, -51.847839, -96.888733 
15633635014847, -40.493774, -51.846313, -97.186279 
15633654881790, -40.493774, -51.846313, -97.186279 
15633674748733, -40.792847, -51.844788, -97.187805 
15633694615677, -40.792847, -51.844788, -97.187805 
15633714513138, -40.792847, -51.844788, -97.187805 
15633734380081, -40.794373, -51.844788, -97.486877 
15633754247024, -40.795898, -51.542664, -97.486877 
15633774144485, -40.795898, -51.542664, -97.486877 
15633794011429, -40.496826, -51.544189, -97.485352 
15633813878372, -40.194702, -51.545715, -97.485352 
15633833775833, -40.342712, -51.847839, -97.485352 
15633853642776, -40.342712, -51.847839, -97.485352 
15633873509720, -40.342712, -51.847839, -97.485352 
15633893376663, -40.342712, -51.847839, -97.485352 
15633913304642, -40.342712, -51.847839, -97.485352 
15633933171585, -40.342712, -51.847839, -97.485352 
15633953038528, -40.342712, -51.847839, -97.485352 
15633972905472, -40.341187, -51.997375, -97.483826 
15633992802933, -40.341187, -51.997375, -97.483826 
15634012669876, -40.341187, -51.997375, -97.483826 
15634032536819, -40.339661, -51.997375, -97.334290 
15634052434280, -40.492249, -51.995850, -97.334290 
15634072301224, -40.492249, -51.995850, -97.334290 
15634092168167, -40.492249, -51.995850, -97.334290 
15634112065628, -40.492249, -52.146912, -97.334290 
15634131932571, -40.492249, -52.146912, -97.334290 
15634151799515, -40.492249, -52.146912, -97.334290 
15634171666458, -40.492249, -52.146912, -97.334290 
15634191563919, -40.492249, -52.146912, -97.334290 
15634211461380, -40.492249, -52.146912, -97.334290 
15634231328323, -40.490723, -52.296448, -97.332764 
15634251195267, -40.490723, -52.296448, -97.332764 
15634271092728, -40.490723, -52.296448, -97.332764 
15634290959671, -40.490723, -52.296448, -97.332764 
15634310826614, -40.490723, -52.296448, -97.332764 
15634330724075, -40.490723, -52.296448, -97.332764 
15634350591019, -40.490723, -52.296448, -97.332764 
15634370457962, -40.492249, -52.146912, -97.334290 
15634390324905, -40.492249, -52.146912, -97.334290 
15634410222366, -40.492249, -52.146912, -97.334290 
15634430089310, -40.492249, -52.146912, -97.334290 
15634449956253, -40.791321, -52.145386, -97.335815 
15634469823196, -40.791321, -52.145386, -97.335815 
15634489751175, -40.791321, -52.145386, -97.186279 
15634509618118, -40.943909, -52.145386, -97.335815 
15634529485062, -40.943909, -52.145386, -97.335815 
15634549382522, -40.943909, -51.994324, -97.335815 
15634569249466, -40.943909, -51.994324, -97.335815 
15634589116409, -40.943909, -51.994324, -97.335815 
15634609013870, -40.945435, -51.844788, -97.337341 
15634628880813, -40.945435, -51.844788, -97.337341 
15634648747757, -40.341187, -51.847839, -97.335815 
15634668614700, -40.341187, -51.847839, -97.335815 
15634688512161, -40.493774, -51.846313, -97.335815 
15634708379104, -40.493774, -51.846313, -97.335815 
15634728246048, -40.493774, -51.846313, -97.335815 
15634748112991, -40.493774, -51.846313, -97.335815 
15634768010452, -40.493774, -51.846313, -97.335815 
15634787907913, -41.094971, -51.844788, -97.337341 
15634807774856, -41.848755, -51.840210, -97.338867 
15634827672317, -41.546631, -51.841736, -97.338867 
15634847539261, -41.545105, -52.142334, -97.337341 
15634867406204, -41.546631, -51.989746, -97.784424 
15634887273147, -41.546631, -51.989746, -97.784424 
15634907170608, -41.546631, -51.989746, -97.784424 
15634927037552, -41.546631, -51.989746, -97.784424 
15634946904495, -41.545105, -52.439880, -97.782898 
15634966771438, -41.395569, -52.291870, -97.782898 
15634986668899, -41.094971, -52.143860, -97.782898 
15635006535843, -41.094971, -52.143860, -97.782898 
15635026402786, -40.943909, -52.293396, -97.631836 
15635046300247, -40.943909, -52.293396, -97.631836 
15635066197708, -40.943909, -52.293396, -97.631836 
15635086064651, -40.943909, -52.293396, -97.631836 
15635105931595, -40.945435, -52.145386, -97.485352 
15635125829056, -40.942383, -52.294922, -97.334290 
15635145695999, -40.943909, -52.145386, -97.335815 
15635165562942, -40.943909, -51.994324, -97.335815 
15635185429886, -40.492249, -52.146912, -97.334290 
15635205357864, -40.492249, -52.146912, -97.334290 
15635225224808, -40.492249, -52.146912, -97.334290 
15635245091751, -40.493774, -52.146912, -97.483826 
15635264989212, -40.493774, -52.145386, -97.781372 
15635284856155, -40.496826, -51.841736, -98.381042 
15635304723099, -40.496826, -51.843262, -98.229980 
15635324590042, -40.795898, -51.841736, -98.083496 
15635344518020, -40.795898, -51.841736, -98.083496 
15635364354446, -40.795898, -51.841736, -98.083496 
15635384221390, -40.795898, -51.841736, -98.083496 
15635404088333, -40.795898, -51.841736, -98.083496 
15635423985794, -40.795898, -51.841736, -98.083496 
15635443852737, -40.792847, -51.992798, -97.782898 
15635463719681, -40.792847, -51.992798, -97.782898 
15635483617142, -40.792847, -51.992798, -97.633362 
15635503484085, -40.492249, -51.995850, -97.334290 
15635523351028, -40.492249, -51.995850, -97.334290 
15635543217972, -40.492249, -51.995850, -97.334290 
15635563115433, -40.943909, -51.994324, -97.335815 
15635582982376, -40.943909, -51.994324, -97.335815 
15635602849319, -40.943909, -51.994324, -97.335815 
15635622746780, -40.792847, -51.844788, -97.337341 
15635642644241, -40.341187, -51.847839, -97.335815 
15635662511185, -40.342712, -51.846313, -97.633362 
15635682408645, -40.342712, -51.846313, -97.633362 
15635702275589, -40.342712, -51.846313, -97.633362 
15635722142532, -40.342712, -51.846313, -97.633362 
15635742009476, -40.342712, -51.846313, -97.633362 
15635761906937, -40.342712, -51.846313, -97.633362 
15635781773880, -40.341187, -51.847839, -97.335815 
15635801640823, -40.342712, -51.847839, -97.485352 
15635821538284, -40.342712, -51.847839, -97.485352 
15635841405228, -40.493774, -51.846313, -97.335815 
15635861272171, -41.093445, -51.994324, -97.335815 
15635881169632, -41.094971, -51.844788, -97.337341 
15635901036575, -41.094971, -51.844788, -97.337341 
15635920934036, -41.546631, -51.841736, -97.338867 
15635940800979, -41.546631, -52.142334, -97.486877 
15635960698440, -41.546631, -51.991272, -97.486877 
15635980565384, -41.546631, -51.991272, -97.486877 
15636000462845, -41.397095, -51.992798, -97.486877 
15636020329788, -41.397095, -51.992798, -97.486877 
15636040227249, -41.397095, -52.143860, -97.486877 
15636060094192, -41.395569, -52.143860, -97.337341 
15636079961136, -41.395569, -52.143860, -97.337341 
15636099828079, -41.395569, -52.143860, -97.337341 
15636119725540, -41.093445, -52.145386, -97.335815 
15636139592483, -40.791321, -52.145386, -97.335815 
15636159428909, -40.792847, -51.844788, -97.337341 
15636179295853, -40.794373, -51.542664, -97.337341 
15636199193313, -40.495300, -51.394653, -97.337341 
15636219090774, -40.496826, -51.393127, -97.784424 
15636238957718, -40.496826, -51.393127, -97.784424 
15636258855179, -40.496826, -51.393127, -97.634888 
15636278722122, -40.496826, -51.394653, -97.486877 
15636298589065, -40.496826, -51.394653, -97.486877 
15636318456009, -40.496826, -51.394653, -97.486877 
15636338353470, -40.496826, -51.394653, -97.486877 
15636358220413, -40.496826, -51.394653, -97.486877 
15636378117874, -40.496826, -51.394653, -97.486877 
15636397984817, -40.496826, -51.394653, -97.486877 
15636417851761, -40.496826, -51.394653, -97.486877 
15636437718704, -40.496826, -51.394653, -97.486877 
15636457616165, -40.496826, -51.394653, -97.486877 
15636477483108, -40.495300, -51.846313, -97.485352 
15636497380569, -40.495300, -51.846313, -97.485352 
15636517247513, -40.495300, -51.846313, -97.485352 
15636537144974, -40.495300, -51.846313, -97.485352 
15636557011917, -40.495300, -51.846313, -97.485352 
15636576878860, -40.495300, -51.844788, -97.782898 
15636596776321, -40.493774, -51.994324, -97.781372 
15636616643265, -40.492249, -52.294922, -97.779846 
15636636510208, -40.493774, -52.145386, -97.781372 
15636656407669, -40.493774, -52.145386, -97.781372 
15636676274612, -40.791321, -52.442932, -97.781372 
15636696141556, -40.791321, -52.293396, -97.781372 
15636716008499, -40.791321, -52.293396, -97.781372 
15636735905960, -40.791321, -52.293396, -97.631836 
15636755772903, -40.791321, -52.293396, -97.631836 
15636775670364, -40.791321, -52.293396, -97.631836 
15636795537308, -40.791321, -52.293396, -97.631836 
15636815434769, -40.791321, -52.294922, -97.483826 
15636835301712, -40.789795, -52.294922, -97.334290 
15636855168655, -40.789795, -52.294922, -97.334290 
15636875066116, -40.791321, -52.294922, -97.483826 
15636894933060, -40.791321, -52.294922, -97.483826 
15636914800003, -40.791321, -52.294922, -97.483826 
15636934697464, -40.492249, -52.296448, -97.482300 
15636954564407, -40.492249, -52.296448, -97.482300 
15636974431351, -40.493774, -52.145386, -97.781372 
15636994298294, -40.493774, -52.145386, -97.631836 
15637014195755, -40.493774, -51.994324, -97.631836 
15637034062698, -40.493774, -51.994324, -97.631836 
15637053929642, -40.493774, -51.994324, -97.631836 
15637073827103, -40.792847, -51.992798, -97.633362 
15637093724563, -41.093445, -51.994324, -97.335815 
15637113622024, -41.093445, -51.994324, -97.186279 
15637133488968, -41.848755, -51.989746, -97.486877 
15637153386429, -41.848755, -51.989746, -97.486877 
15637173253372, -41.848755, -51.988220, -97.634888 
15637193120315, -41.848755, -51.988220, -97.634888 
15637212987259, -41.848755, -51.988220, -97.634888 
15637232884720, -41.546631, -51.989746, -97.634888 
15637252751663, -41.397095, -51.991272, -97.634888 
15637272588089, -41.397095, -51.991272, -97.634888 
15637292485550, -41.094971, -51.992798, -97.633362 
15637312352493, -40.945435, -51.992798, -97.633362 
15637332219437, -39.739990, -51.997375, -97.630310 
15637352147415, -39.891052, -51.997375, -97.631836 
15637372014358, -39.891052, -51.997375, -97.631836 
15637391881302, -40.191650, -51.997375, -97.483826 
15637411748245, -40.191650, -51.995850, -97.781372 
15637431645706, -40.191650, -51.995850, -97.781372 
15637451543167, -40.342712, -52.145386, -98.080444 
15637471410110, -40.341187, -52.294922, -98.078918 
15637491277054, -40.492249, -52.294922, -97.779846 
15637511174515, -40.493774, -52.145386, -97.781372 
15637531041458, -40.493774, -52.145386, -97.781372 
15637550908401, -40.493774, -52.145386, -97.781372 
15637570805862, -40.493774, -52.145386, -97.781372 
15637590642288, -40.493774, -52.145386, -97.781372 
15637610509231, -40.493774, -52.145386, -97.781372 
15637630406692, -40.792847, -52.143860, -97.782898 
15637650304153, -40.792847, -52.143860, -97.782898 
15637670171097, -40.792847, -52.143860, -97.633362 
15637690038040, -40.792847, -52.145386, -97.485352 
15637709935501, -40.792847, -52.145386, -97.485352 
15637729802444, -40.792847, -52.145386, -97.485352 
15637749669388, -40.493774, -52.146912, -97.483826 
15637769536331, -40.792847, -52.145386, -97.485352 
15637789433792, -40.792847, -52.145386, -97.485352 
15637809300735, -40.792847, -52.145386, -97.485352 
15637829167679, -40.792847, -52.145386, -97.485352 
15637849065140, -40.792847, -52.145386, -97.485352 
15637868932083, -40.792847, -52.145386, -97.485352 
15637888799026, -40.792847, -52.145386, -97.485352 
15637908665970, -40.792847, -52.145386, -97.485352 
15637928593948, -40.792847, -52.145386, -97.485352 
15637948460892, -40.792847, -52.145386, -97.485352 
15637968327835, -40.792847, -52.145386, -97.485352 
15637988194778, -40.792847, -52.145386, -97.485352 
15638008061722, -40.792847, -52.145386, -97.485352 
15638027959183, -40.792847, -52.143860, -97.633362 
15638047826126, -40.792847, -52.143860, -97.633362 
15638067723587, -40.792847, -52.143860, -97.633362 
15638087590530, -40.792847, -52.143860, -97.633362 
15638107457474, -40.792847, -52.143860, -97.633362 
15638127324417, -40.792847, -52.143860, -97.633362 
15638147221878, -40.792847, -52.143860, -97.633362 
15638167088821, -40.792847, -52.143860, -97.633362 
15638186955765, -40.792847, -52.143860, -97.633362 
15638206853226, -40.792847, -52.143860, -97.633362 
15638226750687, -40.493774, -52.145386, -97.631836 
15638246617630, -40.492249, -52.294922, -97.630310 
15638266484573, -40.492249, -52.294922, -97.630310 
15638286382034, -40.492249, -52.294922, -97.630310 
15638306248978, -40.492249, -52.294922, -97.630310 
15638326115921, -40.492249, -52.294922, -97.630310 
15638346013382, -40.492249, -52.294922, -97.630310 
15638365880325, -40.492249, -52.294922, -97.630310 
15638385747269, -40.493774, -52.145386, -97.631836 
15638405614212, -40.493774, -52.145386, -97.631836 
15638425511673, -40.496826, -51.542664, -97.633362 
15638445378616, -40.495300, -51.844788, -97.633362 
15638465245560, -40.495300, -51.844788, -97.633362 
15638485143020, -40.495300, -51.844788, -97.633362 
15638505040481, -40.495300, -51.846313, -97.485352 
15638524907425, -40.495300, -51.844788, -97.633362 
15638544835403, -40.495300, -51.844788, -97.633362 
15638564702347, -40.495300, -51.844788, -97.633362 
15638584569290, -40.489197, -53.196716, -97.627258 
15638604436233, -40.492249, -52.294922, -97.630310 
15638624333694, -40.493774, -52.145386, -97.631836 
15638644200638, -40.492249, -52.294922, -97.630310 
15638664067581, -40.492249, -52.294922, -97.630310 
15638683965042, -40.492249, -52.296448, -97.482300 
15638703831985, -40.791321, -52.294922, -97.483826 
15638723698929, -40.789795, -52.294922, -97.334290 
15638743596390, -40.789795, -52.294922, -97.334290 
15638763463333, -40.791321, -52.145386, -97.335815 
15638783360794, -40.791321, -52.145386, -97.335815 
15638803258255, -40.792847, -52.145386, -97.485352 
15638823125198, -40.792847, -52.145386, -97.485352 
15638842992142, -40.792847, -52.145386, -97.485352 
15638862859085, -40.792847, -52.145386, -97.485352 
15638882726028, -40.791321, -52.294922, -97.483826 
15638902592972, -41.094971, -52.145386, -97.485352 
15638922490433, -41.094971, -52.145386, -97.485352 
15638942357376, -41.094971, -52.145386, -97.485352 
15638962224319, -40.792847, -52.145386, -97.485352 
15638982091263, -40.792847, -52.145386, -97.485352 
15639001988724, -40.794373, -51.844788, -97.486877 
15639021855667, -40.794373, -51.844788, -97.486877 
15639041722610, -40.794373, -51.844788, -97.486877 
15639061620071, -40.794373, -51.844788, -97.486877 
15639081517532, -40.794373, -51.844788, -97.486877 
15639101384476, -40.794373, -51.844788, -97.486877 
15639121281937, -40.794373, -51.844788, -97.486877 
15639141148880, -40.794373, -51.844788, -97.486877 
15639161015823, -40.792847, -51.994324, -97.485352 
15639180913284, -40.792847, -52.145386, -97.485352 
15639200780228, -40.792847, -52.145386, -97.485352 
15639220647171, -40.792847, -52.145386, -97.485352 
15639240514114, -40.792847, -52.145386, -97.485352 
15639260411575, -40.792847, -52.145386, -97.485352 
15639280278519, -40.792847, -52.145386, -97.485352 
15639300145462, -40.792847, -52.145386, -97.485352 
15639320042923, -40.792847, -52.145386, -97.485352 
15639339909866, -40.492249, -52.146912, -97.334290 
15639359807327, -40.492249, -52.146912, -97.334290 
15639379704788, -40.493774, -52.146912, -97.483826 
15639399571731, -40.493774, -52.146912, -97.483826 
15639419438675, -40.341187, -52.148438, -97.483826 
15639439305618, -40.341187, -52.148438, -97.483826 
15639459203079, -40.339661, -52.148438, -97.184753 
15639479070022, -40.339661, -52.148438, -97.184753 
15639498936966, -40.339661, -52.148438, -97.184753 
15639518834427, -40.339661, -52.148438, -97.184753 
15639538701370, -40.339661, -52.148438, -97.184753 
15639558568313, -40.339661, -52.148438, -97.184753 
15639578465774, -40.339661, -52.148438, -97.184753 
15639598332718, -40.490723, -52.445984, -97.183228 
15639618199661, -40.490723, -52.296448, -97.183228 
15639638097122, -40.490723, -52.296448, -97.183228 
15639657994583, -40.789795, -52.294922, -97.334290 
15639677861526, -40.789795, -52.294922, -97.334290 
