# Created at Tue Jun 08 20:52:25 GMT+02:00 2021 in Copenhagen 
18702358338332, 0.004241, 0.013915, 0.005555 
18702378144241, 0.001720, 0.008809, 0.010000 
18702397950149, -0.007417, -0.003092, 0.009668 
18702417786575, 0.004331, -0.003014, 0.004714 
18702437623000, 0.004122, -0.005240, 0.016120 
18702457459426, 0.003921, -0.000474, 0.004018 
18702477265334, 0.006042, 0.001833, -0.000749 
18702497071243, 0.003461, 0.006610, -0.003023 
18702516907668, -0.003654, 0.016079, -0.012180 
18702536713577, -0.001054, -0.000213, -0.002502 
18702556550002, 0.001215, -0.006698, 0.006835 
18702576355911, 0.005739, -0.001648, -0.000339 
18702596161819, -0.001222, 0.000933, -0.002624 
18702615998244, -0.001249, 0.001112, -0.004850 
18702635804153, 0.084769, 0.070452, -0.490437 
18702655610061, -0.100217, -0.053573, 0.522334 
18702675446487, 0.014618, 0.014670, -0.027685 
18702695282912, 0.000188, -0.004195, 0.015204 
18702715119338, -0.004598, -0.006300, 0.003204 
18702734925246, -0.002007, -0.005544, -0.032284 
18702754731155, -0.006784, 0.003933, -0.067338 
18702774567580, 0.006479, 0.000323, 0.077669 
18702794373489, 0.008711, 0.006244, 0.022334 
18702814209914, -0.008017, -0.002618, -0.011039 
18702834015823, -0.007761, -0.001905, -0.003798 
18702853821731, -0.010112, -0.003788, -0.008488 
18702873658157, 0.001996, 0.013963, -0.039146 
18702893464065, 0.013430, 0.006291, 0.040834 
18702913269973, 0.003900, 0.003741, -0.018346 
18702933106399, -0.002994, -0.003572, -0.017736 
18702952912307, -0.002728, 0.001139, -0.019459 
18702972748733, -0.009422, 0.001079, -0.009560 
18702992585159, -0.004540, -0.003599, -0.009242 
18703012391067, 0.009427, 0.005744, -0.018184 
18703032227493, 0.006963, 0.017324, -0.015257 
18703052033401, -0.006984, 0.007705, -0.010127 
18703071839309, -0.006811, 0.007652, -0.009788 
18703091675735, 0.002600, -0.013441, -0.004830 
18703111481643, 0.000363, -0.003769, -0.013916 
18703131318069, 0.002833, -0.005985, -0.011149 
18703151123977, 0.012152, 0.003211, -0.003832 
18703170929885, 0.004980, 0.012116, -0.012955 
18703190766311, -0.002182, 0.016077, -0.005595 
18703210572219, -0.002170, 0.006265, -0.016973 
18703230408645, 0.000369, -0.005301, -0.007154 
18703250214553, 0.005154, -0.007233, -0.009227 
18703270050979, 0.002602, -0.009101, -0.008918 
18703289887405, 0.004771, 0.009686, -0.022487 
18703309693313, 0.002236, 0.011883, -0.010171 
18703329529739, 0.002097, 0.018627, -0.002897 
18703349335647, -0.002424, -0.002600, -0.012045 
18703369141555, 0.008928, -0.013870, -0.016275 
18703388977981, 0.001849, -0.020607, -0.008787 
18703408783889, 0.006358, -0.008611, -0.001566 
18703428589797, -0.035554, -0.027074, -0.063971 
18703448426223, 0.067350, 0.073031, 0.030684 
18703468232131, -0.047834, -0.010395, 0.018102 
18703488068557, -0.041207, 0.003803, -0.068092 
18703507874465, 0.054932, 0.057087, 0.010511 
18703527680373, 0.000062, -0.025573, 0.037926 
18703547516799, -0.057598, -0.063834, -0.067426 
18703567353225, 0.057366, 0.026168, -0.016595 
18703587159133, 0.016066, -0.002243, 0.060292 
18703606995559, -0.065497, -0.023021, -0.062006 
18703626801467, 0.050195, 0.065615, -0.018297 
18703646637893, 0.008461, 0.000724, 0.049369 
18703666443801, -0.049953, -0.037015, -0.072563 
18703686249709, 0.059685, 0.026188, -0.005392 
18703706086135, -0.004814, -0.023288, 0.038728 
18703725892043, -0.050763, -0.038730, -0.075902 
18703745697952, 0.045713, 0.052745, -0.003973 
18703765534377, -0.036609, -0.006627, 0.016976 
18703785340286, -0.023888, -0.004115, -0.087683 
18703805176711, 0.073989, 0.054049, 0.021649 
18703824982619, -0.046269, -0.042606, -0.013762 
18703844819045, 0.001466, -0.004203, -0.087321 
18703864655471, 0.047613, 0.025970, 0.038177 
18703884461379, -0.071766, -0.049163, -0.044061 
18703904297805, 0.018459, 0.040120, -0.068041 
18703924103713, 0.036505, 0.024652, 0.045264 
18703943909621, -0.045495, -0.036332, -0.085778 
18703963746047, 0.060050, 0.045818, -0.029716 
18703983551955, -0.020892, -0.011254, 0.024460 
18704003357864, -0.045703, -0.024784, -0.096629 
18704023194289, 0.059848, 0.052581, 0.019934 
18704043000198, -0.050934, -0.036862, -0.010804 
18704062806106, -0.049303, -0.035655, -0.010445 
18704082642532, 0.063301, 0.030508, 0.031545 
18704102448440, -0.059142, -0.051500, -0.068968 
18704122284866, 0.037595, 0.047124, -0.038914 
18704142121291, -0.003028, 0.003660, 0.052590 
18704161957717, -0.067526, -0.028882, -0.083328 
18704181763625, 0.073217, 0.043771, 0.007342 
18704201569534, -0.026450, -0.057171, 0.007096 
18704221405959, -0.002260, -0.002101, -0.078719 
18704241211868, 0.044240, 0.044444, 0.048814 
18704261017776, -0.077123, -0.038029, -0.036074 
18704280854202, 0.034108, 0.051110, -0.034872 
18704300660110, -0.001559, 0.003358, 0.063439 
18704320496536, -0.042982, -0.047435, -0.068207 
18704340302444, 0.078435, 0.035067, 0.019644 
18704360108352, -0.032720, -0.051710, 0.016690 
18704379944778, -0.003933, 0.007824, -0.069462 
18704399750686, 0.040075, 0.053569, 0.069332 
18704419587112, -0.065410, -0.024806, -0.037075 
18704439423537, 0.050279, 0.043077, -0.015025 
18704459229446, 0.006918, -0.025239, 0.057193 
18704479065871, -0.037561, -0.049867, -0.076569 
18704498871780, 0.072348, 0.039669, 0.048572 
18704518677688, -0.052727, -0.028765, 0.003011 
18704538514114, 0.009118, 0.025373, -0.047978 
18704558320022, 0.031882, 0.038379, 0.066960 
18704578156448, -0.061543, -0.036942, -0.069437 
18704597962356, 0.058645, 0.033649, 0.002279 
18704617768264, -0.019477, -0.034567, 0.034582 
18704637604690, -0.023294, -0.026733, -0.072966 
18704657410598, 0.051438, 0.038898, 0.047422 
18704677216506, -0.065996, -0.034350, -0.018916 
18704697052932, 0.024040, 0.042873, -0.034486 
18704716889358, 0.021103, 0.013891, 0.066129 
18704736725784, -0.044203, -0.032622, -0.060975 
18704756531692, 0.058983, 0.042688, 0.022008 
18704776337600, -0.044823, -0.053372, 0.009712 
18704796174026, 0.007495, -0.005347, -0.057681 
18704815979934, 0.041874, 0.022551, 0.069145 
18704835816360, -0.061361, -0.045521, -0.060385 
18704855622268, 0.051877, 0.057745, -0.007482 
18704875428176, -0.012368, -0.020537, 0.041339 
18704895264602, -0.030516, -0.017788, -0.068752 
18704915070510, 0.065270, 0.038282, 0.051496 
18704934876418, -0.047765, -0.046284, -0.012671 
18704954712844, 0.025467, 0.022532, -0.033060 
18704974518752, 0.022474, 0.012961, 0.062879 
18704994355178, -0.047721, -0.028907, -0.043293 
18705014191604, 0.048638, 0.050677, 0.011338 
18705033997512, -0.010639, -0.015574, 0.036409 
18705053833938, -0.030700, -0.022013, -0.061944 
18705073639846, 0.053525, 0.038832, 0.055776 
18705093476272, -0.047786, -0.052923, -0.003909 
18705113282180, 0.016427, 0.011266, -0.040800 
18705133088088, 0.039176, 0.027058, 0.073902 
18705152924514, -0.056794, -0.055059, -0.051151 
18705172730422, 0.046812, 0.039279, -0.003176 
18705192536330, -0.010328, -0.012946, 0.059381 
18705212372756, -0.042195, -0.026419, -0.067515 
18705232178664, 0.060921, 0.046154, 0.057338 
18705252015090, -0.045266, -0.047937, 0.009154 
18705271851516, 0.004523, -0.007041, -0.042043 
18705291657424, 0.041320, 0.032722, 0.072701 
18705311493850, -0.059581, -0.030847, -0.036117 
18705331299758, 0.055685, 0.051103, -0.007154 
18705351136184, 0.005425, -0.003833, 0.071720 
18705370942092, -0.045704, -0.047673, -0.067140 
18705390748000, 0.048272, 0.027904, 0.060001 
18705410584426, -0.062106, -0.044754, 0.014060 
18705430390334, 0.004897, 0.012217, -0.039611 
18705450196243, 0.055558, 0.044176, 0.077365 
18705470032668, -0.059472, -0.033651, -0.038552 
18705489838577, 0.046539, 0.041693, 0.004375 
18705509675002, -0.012912, -0.012694, 0.050488 
18705529480911, -0.037760, -0.033108, -0.059902 
18705549286819, 0.065440, 0.028338, 0.053123 
18705569123244, -0.054533, -0.044558, -0.018048 
18705588959670, 0.037192, 0.039938, -0.040583 
18705608796096, 0.017395, 0.024699, 0.074109 
18705628602004, -0.059577, -0.038830, -0.055586 
18705648407912, 0.053602, 0.041084, 0.015668 
18705668244338, -0.026668, -0.029710, 0.035960 
18705688050246, -0.016354, -0.024111, -0.064697 
18705707856155, 0.053741, 0.029872, 0.050801 
18705727692580, -0.056819, -0.042621, -0.024906 
18705747498489, 0.039615, 0.044352, -0.028711 
18705767334914, -0.001319, 0.008386, 0.074021 
18705787140823, -0.040663, -0.033559, -0.074163 
18705806946731, 0.057785, 0.032305, 0.048580 
18705826783157, -0.052928, -0.065956, -0.010860 
18705846619582, 0.020717, 0.014865, -0.040572 
18705866456008, 0.024583, 0.025906, 0.069488 
18705886261916, -0.059562, -0.023558, -0.050787 
18705906067825, 0.053388, 0.072043, 0.013357 
18705925904250, -0.043055, -0.022679, 0.029112 
18705945710159, -0.004447, 0.001180, -0.055136 
18705965516067, 0.046526, 0.012911, 0.066992 
18705985352493, -0.056636, -0.063877, -0.041647 
18706005158401, 0.051585, 0.040001, 0.017561 
18706024964309, -0.019580, -0.009933, 0.033171 
18706044800735, -0.023622, -0.000379, -0.048884 
18706064606643, 0.050892, 0.045877, 0.063766 
18706084443069, -0.050331, -0.053060, -0.003133 
18706104248977, 0.041495, 0.011136, -0.021541 
18706124085403, 0.007446, -0.014707, 0.071701 
18706143921828, -0.050701, -0.030423, -0.048662 
18706163727737, 0.048073, 0.074640, 0.057051 
18706183564162, -0.048419, -0.041216, -0.014236 
18706203370071, 0.004020, 0.015884, -0.002196 
18706223175979, 0.013070, -0.005252, 0.062647 
18706243012405, -0.045250, -0.042110, -0.048165 
18706262818313, 0.073927, 0.044846, 0.071408 
18706282654739, -0.048645, -0.046886, -0.007302 
18706302460647, 0.019997, 0.026352, -0.025571 
18706322266555, 0.023658, 0.034469, 0.072433 
18706342102981, -0.044034, -0.026842, -0.052583 
18706361908889, 0.054515, 0.038796, 0.057893 
18706381714797, -0.046826, -0.064299, -0.006490 
18706401551223, 0.033089, 0.011836, -0.027104 
18706421387649, 0.015498, -0.011712, 0.064008 
18706441224075, -0.054253, -0.032386, -0.065348 
18706461029983, 0.067780, 0.061181, 0.061734 
18706480835891, -0.061306, -0.019513, -0.014336 
18706500672317, 0.033201, 0.025053, -0.039303 
18706520478225, 0.011433, 0.001296, 0.066104 
18706540314651, -0.037584, -0.047345, -0.070253 
18706560120559, 0.058448, 0.037473, 0.045427 
18706579926467, -0.061535, -0.049382, -0.013924 
18706599762893, 0.026036, 0.037816, -0.041205 
18706619568801, 0.027420, 0.033989, 0.059624 
18706639374709, -0.061454, -0.029621, -0.062653 
18706659211135, 0.051556, 0.045604, 0.027334 
18706679017043, -0.049458, -0.052869, -0.001332 
18706698853469, 0.005560, -0.011808, -0.056791 
18706718689895, 0.033071, 0.018636, 0.051494 
18706738495803, -0.055988, -0.023879, -0.072816 
18706758332229, 0.068403, 0.069420, 0.003627 
18706778138137, -0.047507, -0.023360, -0.008065 
18706797974563, 0.000044, 0.011857, -0.058692 
18706817780471, 0.030055, 0.013753, 0.054288 
18706837586379, -0.049659, -0.056130, -0.077044 
18706857422805, 0.055796, 0.033612, 0.001853 
18706877228713, -0.040742, -0.034603, -0.009771 
18706897034621, 0.023007, 0.035682, -0.060338 
18706916871047, 0.015244, 0.032383, 0.041136 
18706936676955, -0.052637, -0.033477, -0.082843 
18706956482864, 0.057778, 0.048794, 0.033260 
18706976319289, -0.048304, -0.056950, -0.023355 
18706996155715, 0.022853, 0.009694, -0.045702 
18707015992141, 0.006308, 0.000329, 0.052974 
18707035798049, -0.035374, -0.016131, -0.082947 
18707055603957, 0.055728, 0.046605, 0.042399 
18707075440383, -0.071094, -0.031534, -0.026102 
18707095246291, 0.037148, 0.031941, -0.027555 
18707115082717, -0.008552, -0.010776, 0.047374 
18707134888625, -0.028932, -0.040515, -0.079108 
18707154694534, 0.044141, 0.030444, 0.069267 
18707174530959, -0.057077, -0.046934, -0.051017 
18707194336868, 0.060635, 0.060996, -0.012306 
18707214173293, -0.043226, -0.017395, 0.013547 
18707233979202, -0.000206, -0.007579, -0.047042 
18707253785110, 0.022866, 0.004443, 0.063236 
18707273621536, -0.051747, -0.053791, -0.077658 
18707293457961, 0.063254, 0.049753, 0.059097 
18707313263869, -0.049942, -0.037737, -0.030773 
18707333100295, 0.046717, 0.051392, -0.022813 
18707352906203, -0.014812, -0.008167, 0.051966 
18707372742629, -0.032876, -0.017185, -0.065423 
18707392548537, 0.046790, 0.013438, 0.045481 
18707412354446, -0.056369, -0.065680, -0.023117 
18707432190871, 0.059012, 0.029246, 0.012350 
18707451996780, -0.010102, -0.020095, 0.030452 
18707471833205, -0.014683, 0.017327, -0.058467 
18707491639114, 0.038953, 0.055817, 0.070698 
18707511445022, -0.064182, -0.034193, -0.049635 
18707531281448, 0.032741, 0.027286, 0.030669 
18707551087356, -0.046837, -0.068489, 0.025017 
18707570923782, 0.019432, -0.017873, -0.038274 
18707590760207, 0.041623, 0.012530, 0.064771 
18707610566116, -0.044948, -0.015898, -0.053043 
18707630402541, 0.049003, 0.093327, 0.057447 
18707650208450, -0.077139, -0.013901, -0.004600 
18707670014358, 0.022285, 0.023546, -0.025277 
18707689850784, -0.001650, -0.046417, 0.051899 
18707709656692, -0.015078, -0.072424, 0.013168 
18707729493118, 0.067249, 0.048654, -0.033572 
18707749299026, -0.059497, -0.058458, 0.027670 
18707769104934, -0.018254, 0.061437, 0.012867 
18707788941360, 0.039428, 0.116956, -0.008388 
18707808747268, -0.040835, -0.041693, 0.086720 
18707828553176, -0.037224, -0.137485, -0.098897 
18707848389602, 0.088857, 0.019737, 0.022356 
18707868226028, 0.034947, 0.019051, 0.007730 
18707888031936, -0.074987, -0.083388, 0.014419 
18707907868362, -0.019573, 0.032704, -0.043901 
18707927674270, 0.052488, 0.149560, 0.010762 
18707947510696, -0.041627, -0.010427, 0.068241 
18707967316604, -0.026198, -0.124357, -0.063580 
18707987122512, 0.074072, -0.011282, 0.040318 
18708006958938, 0.031782, -0.001693, -0.028116 
18708026764846, -0.080374, -0.089104, 0.014466 
18708046601272, -0.012990, 0.043377, -0.048469 
