# Created at Sat Jun 12 23:33:53 GMT+02:00 2021 in Copenhagen 
199812933881222, 0.002374, -0.018576, -0.004801 
199812953687131, -0.004611, -0.038831, -0.016205 
199812973493039, -0.020626, -0.014470, 0.009779 
199812993329465, -0.026859, -0.007102, -0.006728 
199813013165890, -0.007428, 0.000009, -0.008820 
199813032971799, 0.025220, 0.034876, 0.003041 
199813052808224, 0.010061, 0.029272, 0.005253 
199813072614133, 0.009750, 0.000711, -0.006484 
199813092420041, -0.006965, -0.012787, -0.010897 
199813112256467, -0.022905, -0.011955, 0.003352 
199813132062375, -0.022120, -0.027344, -0.010633 
199813151868283, -0.000549, -0.014460, -0.012589 
199813171704709, 0.006434, 0.025527, -0.007536 
199813191510617, 0.001376, 0.041049, -0.004969 
199813211316525, 0.010141, 0.026207, -0.018682 
199813231152951, -0.004038, 0.014175, 0.002758 
199813250958859, 0.003053, -0.027532, -0.022773 
199813270764767, -0.029401, -0.047252, -0.008131 
199813290601193, -0.024011, -0.017978, -0.000931 
199813310437619, -0.014172, 0.024187, -0.003204 
199813330243527, 0.006915, 0.034889, -0.016981 
199813350079953, 0.020354, 0.038299, -0.014118 
199813369885861, 0.017387, 0.027713, -0.002069 
199813389722287, -0.011157, -0.012599, -0.008949 
199813409528195, -0.010755, -0.012243, -0.008651 
199813429334103, -0.017536, -0.025776, 0.003199 
199813449170529, -0.003053, -0.006225, -0.006153 
199813468976437, 0.013251, 0.012657, -0.008261 
199813488782345, 0.026713, 0.044553, -0.007985 
199813508618771, -0.006527, 0.050187, -0.007716 
199813528424679, -0.025025, 0.016059, -0.009777 
199813548230588, -0.019766, -0.028245, -0.007135 
199813568067013, -0.010068, -0.052572, 0.000050 
199813587903439, 0.001855, -0.043946, -0.011531 
199813607709347, 0.015464, -0.000900, -0.011150 
199813627545773, 0.017288, 0.047643, -0.006147 
199813647351681, -0.008939, 0.050625, -0.001314 
199813667157590, -0.020178, 0.016485, -0.003586 
199813686994015, -0.012782, -0.018815, 0.005779 
199813706799924, -0.005385, -0.055022, -0.008290 
199813726605832, 0.010766, -0.041682, -0.010333 
199813746442258, 0.007896, -0.001027, -0.007676 
199813766248166, -0.001839, 0.045205, 0.004141 
199813786054074, -0.015631, 0.052900, -0.012178 
199813805890500, -0.005820, 0.030248, -0.002524 
199813825696408, 0.001100, -0.005514, -0.011691 
199813845502316, -0.001459, -0.044716, -0.013620 
199813865338742, 0.000932, -0.045602, -0.003918 
199813885175168, 0.000694, -0.021001, -0.013039 
199813904981076, -0.011102, 0.012017, -0.014922 
199813924817502, -0.024819, 0.041631, -0.021360 
199813944623410, 0.001246, 0.065626, -0.018351 
199813964459836, 0.014875, 0.040470, -0.001543 
199813984265744, -0.020287, -0.065017, 0.010073 
199814004071652, 0.074784, 0.015722, -0.055037 
199814023908078, -0.017663, -0.028571, -0.043934 
199814043713986, -0.028612, 0.014193, -0.037849 
199814063519894, -0.009353, 0.062004, 0.002730 
199814083356320, 0.009249, 0.050627, -0.013559 
199814103162228, -0.002599, -0.018203, -0.031604 
199814122968136, -0.018667, -0.045184, -0.005103 
199814142804562, -0.013398, -0.043970, -0.023447 
199814162640988, -0.028875, -0.042332, -0.024976 
199814182446896, -0.032753, -0.013220, -0.014884 
199814202283322, -0.001562, 0.010291, -0.000508 
199814222089230, 0.005213, 0.021686, -0.012055 
199814241895138, 0.002748, -0.004539, -0.007037 
199814261701047, 0.016560, -0.011839, 0.007071 
199814281537472, 0.006787, -0.009190, 0.002203 
199814301343381, 0.015602, 0.030364, -0.027935 
199814321179806, 0.019505, 0.061685, -0.040887 
199814340985715, 0.014247, 0.052623, -0.046472 
199814360791623, -0.007247, 0.006867, -0.033346 
199814380628049, -0.023407, -0.035063, -0.013741 
199814400433957, -0.045959, -0.070967, -0.008654 
199814420239865, -0.046949, -0.084858, 0.007813 
199814440076291, -0.015282, -0.015007, 0.005251 
199814459912717, 0.029190, 0.050205, 0.035137 
199814479718625, 0.049056, 0.080847, -0.003042 
199814499555051, 0.032658, 0.068384, -0.019153 
199814519360959, 0.008215, 0.029274, -0.025447 
199814539166867, -0.030887, -0.040679, -0.008393 
199814559003293, -0.060372, -0.090495, -0.015069 
199814578809201, -0.035895, -0.078754, 0.006247 
199814598615109, -0.006679, -0.027388, 0.012977 
199814618451535, 0.028488, 0.043318, 0.024117 
199814638257443, 0.042843, 0.090170, 0.004801 
199814658063351, 0.027789, 0.068827, -0.013866 
199814677899777, -0.017299, 0.010952, -0.020340 
199814697705685, -0.035428, -0.044977, -0.012733 
199814717542111, -0.052735, -0.064115, -0.030802 
199814737378537, -0.025739, -0.057423, 0.018793 
199814757184445, 0.009617, -0.020875, 0.020479 
199814776990353, 0.029903, 0.026031, 0.019793 
199814796826779, 0.035632, 0.059795, -0.001698 
199814816632687, 0.013426, 0.066989, -0.017839 
199814836438595, -0.014988, 0.030002, -0.021864 
199814856275021, -0.040139, -0.040444, -0.011889 
199814876080929, -0.034378, -0.082877, -0.002245 
199814895917355, -0.012396, -0.073241, 0.014026 
199814915723263, 0.017887, -0.008393, 0.025119 
199814935529172, 0.019400, 0.056578, 0.024279 
199814955365597, 0.018780, 0.087256, -0.013536 
199814975171506, -0.007266, 0.047280, -0.017716 
199814994977414, -0.020879, -0.033002, -0.021743 
199815014813840, -0.022475, -0.078217, -0.009454 
199815034650265, -0.028865, -0.077987, 0.011671 
199815054456174, -0.007296, -0.026643, 0.013597 
199815074292599, 0.008936, 0.045884, 0.040900 
199815094098508, 0.029705, 0.079236, 0.000218 
199815113904416, 0.019033, 0.058022, -0.027555 
199815133740842, 0.002457, 0.005605, -0.019681 
199815153546750, -0.017953, -0.040664, -0.014400 
199815173352658, -0.030751, -0.064348, -0.002346 
199815193189084, -0.031790, -0.064341, 0.013933 
199815212994992, -0.007817, -0.009273, 0.013462 
199815232800900, 0.024151, 0.037007, 0.045378 
199815252637326, 0.048126, 0.058610, 0.011477 
199815272443234, 0.037303, 0.054510, -0.009716 
199815292279660, -0.012722, 0.013310, -0.011711 
199815312116086, -0.042577, -0.026273, -0.006689 
199815331921994, -0.052928, -0.046286, 0.002779 
199815351727902, -0.035177, -0.065381, 0.005002 
199815371564328, 0.012276, -0.014455, 0.021019 
199815391370236, 0.044052, 0.036854, 0.034195 
199815411176144, 0.042374, 0.035567, 0.033052 
199815431012570, 0.010913, 0.050516, -0.018937 
199815450818478, -0.031049, 0.002732, -0.013672 
199815470624386, -0.032079, -0.034190, -0.006278 
199815490460812, -0.028903, -0.058319, -0.008369 
199815510266720, -0.011734, -0.058735, -0.001158 
199815530072629, -0.004605, -0.024459, -0.005754 
199815549909054, -0.002342, 0.017935, 0.008313 
199815569745480, 0.018342, 0.056599, 0.019596 
199815589581906, 0.029321, 0.052336, -0.001869 
199815609387814, 0.016346, 0.050530, -0.024940 
199815629193722, 0.005660, 0.006917, -0.028754 
199815649030148, -0.016021, -0.035245, -0.027807 
199815668836056, -0.052466, -0.045698, -0.013000 
199815688641965, -0.034267, -0.039601, -0.005617 
199815708478390, -0.005338, -0.003650, 0.003819 
199815728284299, 0.022609, 0.040368, 0.031451 
199815748090207, 0.042476, 0.045894, -0.008924 
199815767926633, 0.017956, 0.035057, -0.029453 
199815787732541, 0.003732, 0.015319, -0.028470 
199815807538449, -0.031518, -0.008608, -0.020582 
199815827374875, -0.040398, -0.038671, -0.010659 
199815847180783, -0.029534, -0.048787, -0.007982 
199815867017209, -0.007708, -0.030796, 0.008482 
199815886853634, 0.022182, 0.007172, 0.031322 
199815906659543, 0.030735, 0.036945, 0.004833 
199815926465451, 0.023014, 0.059019, -0.018451 
199815946301877, -0.012421, 0.036180, -0.027099 
199815966107785, -0.026096, -0.002092, -0.030815 
199815985913693, -0.029819, -0.050435, -0.006657 
199816005750119, -0.021868, -0.067309, -0.001803 
199816025556027, 0.001783, -0.021186, 0.016749 
199816045361935, 0.029277, 0.030347, 0.032384 
199816065198361, 0.032960, 0.052417, -0.010335 
199816085004269, 0.015689, 0.050844, -0.028484 
199816104810177, -0.003091, 0.010000, -0.020597 
199816124646603, -0.030018, -0.033882, -0.015266 
199816144483029, -0.029221, -0.055945, -0.014760 
199816164288937, -0.032852, -0.054141, -0.000388 
199816184125363, -0.013467, -0.022322, 0.011186 
199816203931271, 0.005518, 0.008424, 0.024693 
199816223737179, 0.028256, 0.042775, 0.023866 
199816243573605, 0.038672, 0.050551, 0.002239 
199816263379513, 0.016594, 0.048807, -0.018648 
199816283185422, -0.002446, 0.014730, -0.004147 
199816303021847, -0.025469, -0.015880, -0.004008 
199816322827756, -0.038476, -0.047800, -0.003875 
199816342633664, -0.034624, -0.064529, 0.005508 
199816362470090, -0.008459, -0.055735, 0.014564 
199816382275998, 0.011972, -0.000737, 0.027948 
199816402081906, 0.025710, 0.052663, 0.038587 
199816421918332, 0.034140, 0.064962, -0.011270 
199816441754758, 0.009428, 0.046537, -0.024779 
199816461591183, -0.016535, -0.008282, -0.010077 
199816481397092, -0.020343, -0.047158, -0.012052 
199816501203000, -0.031433, -0.057215, 0.002227 
199816521039426, -0.023889, -0.048646, 0.011393 
199816540845334, -0.000403, 0.008198, 0.020267 
199816560651242, 0.013284, 0.058751, 0.047333 
199816580487668, 0.033459, 0.077561, 0.006443 
199816600293576, 0.018255, 0.049474, -0.019218 
199816620099484, -0.014721, -0.014686, -0.032457 
199816639935910, -0.032700, -0.064913, -0.010560 
199816659741818, -0.045696, -0.076690, -0.000962 
199816679547726, -0.021018, -0.044134, 0.001386 
199816699384152, 0.009785, 0.012795, 0.022167 
199816719220578, 0.032611, 0.063198, 0.023729 
199816739026486, 0.050048, 0.063346, -0.014070 
199816758862912, 0.018345, 0.021849, -0.025165 
199816778668820, -0.035443, -0.025212, -0.008130 
199816798474728, -0.045799, -0.049876, -0.000927 
199816818311154, -0.044479, -0.069088, 0.008365 
199816838117062, 0.001198, -0.024971, 0.010392 
199816857922970, 0.035889, 0.033857, 0.044756 
199816877759396, 0.050667, 0.065292, -0.009940 
199816897565304, 0.016629, 0.046858, -0.032737 
199816917371213, -0.016290, 0.010776, -0.017763 
199816937207638, -0.029822, -0.033598, -0.000993 
199816957013547, -0.036898, -0.074641, -0.000979 
199816976819455, -0.019679, -0.060636, 0.015246 
199816996655881, 0.020328, 0.001461, 0.033250 
199817016492306, 0.031008, 0.061487, 0.027507 
199817036298215, 0.036701, 0.077888, -0.017368 
199817056134640, 0.003128, 0.052087, -0.023722 
199817075940549, -0.019621, -0.014228, -0.013676 
199817095776974, -0.033053, -0.067019, 0.005289 
199817115582883, -0.045575, -0.076177, 0.009735 
199817135388791, -0.016502, -0.043866, 0.007103 
199817155225217, 0.014133, 0.010742, 0.029994 
199817175031125, 0.038900, 0.054278, 0.024359 
199817194837033, 0.035311, 0.064207, -0.011143 
199817214673459, 0.001551, 0.029848, -0.015403 
199817234479367, -0.023918, -0.024180, -0.007939 
199817254285275, -0.048538, -0.062744, 0.006206 
199817274121701, -0.047129, -0.074818, 0.010610 
199817293958127, -0.003894, -0.033059, 0.028768 
199817313764035, 0.042283, 0.039685, 0.055565 
199817333569943, 0.052229, 0.079943, 0.012070 
199817353406369, 0.015822, 0.061021, -0.004528 
199817373212277, -0.024003, 0.008271, -0.002059 
199817393018185, -0.032657, -0.047585, 0.000322 
199817412854611, -0.045424, -0.087450, 0.021127 
199817432660519, -0.018673, -0.075347, 0.015802 
199817452496945, 0.014353, 0.003668, 0.059219 
199817472302853, 0.036794, 0.065940, 0.036429 
199817492108761, 0.028429, 0.082177, -0.011059 
199817511945187, -0.000485, 0.035436, 0.000871 
199817531751095, -0.028205, -0.028256, 0.005473 
199817551557004, -0.039035, -0.073874, 0.007601 
199817571393429, -0.030763, -0.080719, 0.011979 
199817591229855, 0.004746, -0.024883, 0.020824 
199817611035763, 0.016409, 0.050135, 0.054829 
199817630872189, 0.029532, 0.071533, 0.025237 
199817650678097, 0.030429, 0.061927, -0.010304 
199817670484006, -0.005253, 0.002202, -0.003026 
199817690320431, -0.019165, -0.051122, -0.005229 
199817710126340, -0.037244, -0.077239, 0.008822 
199817729932248, -0.020016, -0.053677, 0.024710 
199817749768674, 0.005886, 0.031567, 0.040082 
199817769574582, 0.033473, 0.065381, 0.015620 
199817789380490, 0.036765, 0.053895, -0.003415 
199817809216916, 0.009889, 0.008082, -0.003304 
199817829022824, -0.025340, -0.045453, -0.017077 
199817848859250, -0.038348, -0.067355, 0.006632 
199817868695676, -0.046756, -0.044584, 0.011020 
199817888501584, -0.008623, -0.006364, 0.012959 
199817908338009, 0.023832, 0.033099, 0.068043 
199817928143918, 0.041575, 0.064559, 0.028754 
199817947949826, 0.030965, 0.062582, -0.013826 
199817967786252, -0.014232, 0.000300, -0.022616 
199817987592160, -0.032228, -0.032162, -0.014930 
199818007398068, -0.051957, -0.070473, 0.004080 
199818027234494, -0.027072, -0.072799, -0.003003 
199818047040402, 0.017809, -0.005663, 0.020226 
199818066846310, 0.042453, 0.063621, 0.040372 
199818086682736, 0.034118, 0.068372, -0.007245 
199818106488644, -0.001685, 0.045452, -0.018565 
199818126294552, -0.027046, -0.006779, -0.017943 
199818146130978, -0.037916, -0.062119, -0.001152 
199818165967404, -0.036628, -0.097130, 0.001203 
199818185773312, 0.003711, -0.036118, 0.003474 
199818205609738, 0.024426, 0.045973, 0.051930 
199818225415646, 0.032902, 0.079086, 0.006244 
199818245221554, 0.017949, 0.064827, -0.005528 
199818265057980, -0.015250, 0.002457, -0.021543 
199818284863888, -0.035763, -0.053189, -0.013880 
199818304669797, -0.043793, -0.095433, 0.000463 
199818324506222, -0.019412, -0.059922, 0.012008 
199818344312131, 0.006703, 0.030147, 0.034739 
199818364118039, 0.036334, 0.073021, 0.033577 
199818383954465, 0.037232, 0.084406, -0.011500 
199818403760373, 0.001092, 0.019078, -0.013421 
199818423566281, -0.013028, -0.044074, -0.010675 
199818443402707, -0.033611, -0.070195, 0.010508 
199818463239133, -0.041726, -0.070232, 0.017090 
199818483045041, -0.017399, -0.017064, 0.016517 
199818502881467, 0.016043, 0.048447, 0.059930 
199818522687375, 0.034502, 0.065752, 0.011672 
199818542523801, 0.035677, 0.047306, -0.016462 
199818562329709, -0.002493, 0.001727, -0.006665 
199818582135617, -0.030362, -0.058771, -0.011080 
199818601972043, -0.052703, -0.070978, -0.001452 
199818621777951, -0.039588, -0.032112, 0.017083 
199818641583859, 0.001543, 0.010522, 0.035030 
199818661420285, 0.033676, 0.042501, 0.026912 
199818681226193, 0.048528, 0.064615, -0.015622 
199818701032101, 0.012011, 0.032789, -0.012783 
