2961405036311 -0.124187 -0.108302 9.805265  
2961424872737 -0.121997 -0.106342 9.805315  
2961444678645 -0.123134 -0.107813 9.805285  
2961464484553 -0.124236 -0.109006 9.805258  
2961484320979 -0.121959 -0.107027 9.805307  
2961504126887 -0.123658 -0.108625 9.805268  
2961523932796 -0.124116 -0.109389 9.805255  
2961543769221 -0.121913 -0.106926 9.805309  
2961563575129 -0.123934 -0.108377 9.805268  
2961583411555 -0.124384 -0.109144 9.805254  
2961603217463 -0.122177 -0.107090 9.805305  
2961623023372 -0.123946 -0.108935 9.805262  
2961642859797 -0.124620 -0.109449 9.805247  
2961662665706 -0.122407 -0.107151 9.805301  
2961682502131 -0.124026 -0.108915 9.805261  
2961702338557 -0.124237 -0.108876 9.805259  
2961722144465 -0.122128 -0.106358 9.805313  
2961741950374 -0.124063 -0.108312 9.805267  
2961761786799 -0.123880 -0.107827 9.805274  
2961781592708 -0.121771 -0.106059 9.805320  
2961801398616 -0.123881 -0.107634 9.805277  
2961821235042 -0.124249 -0.107481 9.805275  
2961841040950 -0.122218 -0.105718 9.805319  
2961860877376 -0.124700 -0.107933 9.805263  
2961880683284 -0.123936 -0.107523 9.805277  
2961900489192 -0.121916 -0.105999 9.805319  
2961920325618 -0.124110 -0.108281 9.805266  
2961940131526 -0.123357 -0.107860 9.805281  
2961959967952 -0.121671 -0.106010 9.805323  
2961979804378 -0.123793 -0.108211 9.805272  
2961999610286 -0.122741 -0.107633 9.805291  
2962019416194 -0.121156 -0.106262 9.805326  
2962039252620 -0.123446 -0.108693 9.805271  
2962059058528 -0.122701 -0.107862 9.805290  
2962078864436 -0.121421 -0.106558 9.805319  
2962098700862 -0.123783 -0.108902 9.805264  
2962118506770 -0.123107 -0.108303 9.805280  
2962138343196 -0.122052 -0.106757 9.805309  
2962158149104 -0.124144 -0.108693 9.805263  
2962177955012 -0.123317 -0.108415 9.805276  
2962197791438 -0.121383 -0.106466 9.805321  
2962217597346 -0.123658 -0.108799 9.805267  
2962237403254 -0.123538 -0.108371 9.805273  
2962257239680 -0.121671 -0.106356 9.805319  
2962277076106 -0.123933 -0.108303 9.805269  
2962296882014 -0.123272 -0.107804 9.805283  
2962316718440 -0.121348 -0.106187 9.805325  
2962336524348 -0.123146 -0.108456 9.805277  
2962356330256 -0.122664 -0.108269 9.805285  
2962376166682 -0.121312 -0.106167 9.805326  
2962395972590 -0.123525 -0.108044 9.805277  
2962415778499 -0.122722 -0.107943 9.805288  
2962435614924 -0.120423 -0.106173 9.805335  
2962455420833 -0.122656 -0.108129 9.805287  
2962475257258 -0.122591 -0.107636 9.805293  
2962495063167 -0.120925 -0.105570 9.805337  
2962514869075 -0.123226 -0.107635 9.805285  
2962534705501 -0.122976 -0.106922 9.805297  
2962554541926 -0.121545 -0.105105 9.805334  
2962574347835 -0.123826 -0.106948 9.805285  
2962594184260 -0.123326 -0.106023 9.805302  
2962613990169 -0.122117 -0.104327 9.805335  
2962633796077 -0.123997 -0.106289 9.805290  
2962653632503 -0.122542 -0.105616 9.805316  
2962673438411 -0.121124 -0.104796 9.805343  
2962693244319 -0.123191 -0.107212 9.805290  
2962713080745 -0.121290 -0.105413 9.805334  
2962732886653 -0.120169 -0.104219 9.805360  
2962752692561 -0.121956 -0.106180 9.805317  
2962772528987 -0.120171 -0.104709 9.805354  
2962792334895 -0.119785 -0.104238 9.805365  
2962812171321 -0.121585 -0.106272 9.805320  
2962832007747 -0.119805 -0.104244 9.805365  
2962851813655 -0.120227 -0.104114 9.805360  
2962871650081 -0.122165 -0.105848 9.805318  
2962891455989 -0.120113 -0.103516 9.805368  
2962911261897 -0.120766 -0.104210 9.805352  
2962931098323 -0.122289 -0.105849 9.805317  
2962950904231 -0.120007 -0.104058 9.805364  
2962970710139 -0.121370 -0.104817 9.805339  
2962990546565 -0.122462 -0.105321 9.805320  
2963010352473 -0.120496 -0.103164 9.805367  
2963030158381 -0.121952 -0.104207 9.805338  
2963049994807 -0.123359 -0.105442 9.805306  
2963069800715 -0.121113 -0.103358 9.805358  
2963089606624 -0.122701 -0.105018 9.805321  
2963109443049 -0.122880 -0.105270 9.805316  
2963129279475 -0.120891 -0.103514 9.805359  
2963149085383 -0.122889 -0.105660 9.805311  
2963168921809 -0.125050 -0.107961 9.805258  
2963188727717 -0.123632 -0.106503 9.805293  
2963208564143 -0.125932 -0.108638 9.805240  
2963228370051 -0.124809 -0.107414 9.805267  
2963248175960 -0.123724 -0.106231 9.805294  
2963268012385 -0.126178 -0.108208 9.805241  
2963287818294 -0.124474 -0.106588 9.805281  
2963307624202 -0.122600 -0.104786 9.805325  
2963327460628 -0.124540 -0.106965 9.805276  
2963347266536 -0.122267 -0.105153 9.805324  
2963367072444 -0.122693 -0.105460 9.805315  
2963386908870 -0.124466 -0.107218 9.805274  
