# Created at Tue Jun 01 16:12:37 GMT+02:00 2021 in Burnaby Canada 
2959462775569 -0.122669 -0.098636 9.805387 
2959482611995 -0.122290 -0.098848 9.805388 
2959502417903 -0.122390 -0.098898 9.805388 
2959522223811 -0.122499 -0.098868 9.805387 
2959542060237 -0.122754 -0.098759 9.805385 
2959561866145 -0.122442 -0.098814 9.805388 
2959581702571 -0.122252 -0.099874 9.805380 
2959601508479 -0.121361 -0.103160 9.805357 
2959621314387 -0.120901 -0.103546 9.805358 
2959641150813 -0.121203 -0.103921 9.805351 
2959660956721 -0.121726 -0.103971 9.805343 
2959680793147 -0.122392 -0.104556 9.805329 
2959700629573 -0.122401 -0.105653 9.805317 
2959720435481 -0.122570 -0.106474 9.805306 
2959740241389 -0.122675 -0.105741 9.805313 
2959760077815 -0.122686 -0.107409 9.805295 
2959779883723 -0.123554 -0.106585 9.805292 
2959799689631 -0.123527 -0.106769 9.805291 
2959819526057 -0.123909 -0.106955 9.805285 
2959839331965 -0.123888 -0.107053 9.805283 
2959859168391 -0.123533 -0.107064 9.805288 
2959878974299 -0.123515 -0.107319 9.805285 
2959898780208 -0.123660 -0.107808 9.805278 
2959918616633 -0.123711 -0.107872 9.805276 
2959938422542 -0.123681 -0.108170 9.805274 
2959958258967 -0.123886 -0.108394 9.805269 
2959978095393 -0.124401 -0.108130 9.805264 
2959997901301 -0.124674 -0.108269 9.805260 
2960017707210 -0.124926 -0.108483 9.805255 
2960037543635 -0.125484 -0.108534 9.805247 
2960057349544 -0.125635 -0.108416 9.805245 
2960077155452 -0.125623 -0.108692 9.805243 
2960096991878 -0.125452 -0.108880 9.805243 
2960116797786 -0.125517 -0.108993 9.805242 
2960136634212 -0.125671 -0.109102 9.805238 
2960156440120 -0.125736 -0.109125 9.805237 
2960176246028 -0.125728 -0.109150 9.805236 
2960196082454 -0.125555 -0.108949 9.805242 
2960215888362 -0.125466 -0.108515 9.805247 
2960235724788 -0.125460 -0.108322 9.805249 
2960255561213 -0.125454 -0.107976 9.805253 
2960275367122 -0.125596 -0.107959 9.805251 
2960295173030 -0.125982 -0.107942 9.805247 
2960315009456 -0.125797 -0.108317 9.805245 
2960334815364 -0.125699 -0.108209 9.805247 
2960354621272 -0.125371 -0.108182 9.805252 
2960374457698 -0.125360 -0.108072 9.805253 
2960394263606 -0.125431 -0.108440 9.805248 
2960414069514 -0.125661 -0.108405 9.805246 
2960433905940 -0.125803 -0.108531 9.805242 
2960453711848 -0.125778 -0.108184 9.805247 
2960473517756 -0.125753 -0.107848 9.805251 
2960493354182 -0.125974 -0.107994 9.805246 
2960513160090 -0.125702 -0.107647 9.805254 
2960532996516 -0.124162 -0.106600 9.805285 
2960552832942 -0.124984 -0.107645 9.805264 
2960572638850 -0.126583 -0.109865 9.805218 
2960592475276 -0.125105 -0.108907 9.805247 
2960612281184 -0.123587 -0.107098 9.805286 
2960632087092 -0.125066 -0.108775 9.805249 
2960651923518 -0.125480 -0.109927 9.805232 
2960671729426 -0.123187 -0.107544 9.805286 
2960691565852 -0.122930 -0.107057 9.805294 
2960711371760 -0.125238 -0.108996 9.805244 
2960731177669 -0.124600 -0.108306 9.805260 
2960751014094 -0.122543 -0.106121 9.805310 
2960770820003 -0.124447 -0.107353 9.805273 
2960790625911 -0.125513 -0.108397 9.805247 
2960810462337 -0.123505 -0.106444 9.805294 
2960830298762 -0.123190 -0.106567 9.805298 
2960850104671 -0.123930 -0.108449 9.805267 
2960869941096 -0.122068 -0.106581 9.805311 
2960889747004 -0.121830 -0.106278 9.805318 
2960909552913 -0.123873 -0.108474 9.805268 
2960929389338 -0.122871 -0.107323 9.805293 
2960949195247 -0.121264 -0.106201 9.805326 
2960969001155 -0.123622 -0.108474 9.805271 
2960988837581 -0.123361 -0.108046 9.805279 
2961008643489 -0.121276 -0.106421 9.805323 
2961028479915 -0.123165 -0.108601 9.805275 
2961048285823 -0.123078 -0.108406 9.805279 
2961068091731 -0.120835 -0.106532 9.805326 
2961087928157 -0.122811 -0.108393 9.805282 
2961107764583 -0.123219 -0.109090 9.805269 
2961127570491 -0.121048 -0.106804 9.805322 
2961147406917 -0.122623 -0.108102 9.805287 
2961167212825 -0.123676 -0.109045 9.805264 
2961187018733 -0.121187 -0.106515 9.805323 
2961206855159 -0.122835 -0.107973 9.805286 
2961226661067 -0.123882 -0.108842 9.805264 
2961246466975 -0.121849 -0.106559 9.805313 
2961266303401 -0.123236 -0.107704 9.805285 
2961286109309 -0.124119 -0.109131 9.805258 
2961305945735 -0.121769 -0.106453 9.805316 
2961325751643 -0.123006 -0.107360 9.805291 
2961345557551 -0.123955 -0.108007 9.805272 
2961365393977 -0.121371 -0.105912 9.805327 
2961385230403 -0.123319 -0.107087 9.805290 
2961405036311 -0.124187 -0.108302 9.805265 
2961424872737 -0.121997 -0.106342 9.805315 
2961444678645 -0.123134 -0.107813 9.805285 
2961464484553 -0.124236 -0.109006 9.805258 
2961484320979 -0.121959 -0.107027 9.805307 
2961504126887 -0.123658 -0.108625 9.805268 
2961523932796 -0.124116 -0.109389 9.805255 
2961543769221 -0.121913 -0.106926 9.805309 
2961563575129 -0.123934 -0.108377 9.805268 
2961583411555 -0.124384 -0.109144 9.805254 
2961603217463 -0.122177 -0.107090 9.805305 
2961623023372 -0.123946 -0.108935 9.805262 
2961642859797 -0.124620 -0.109449 9.805247 
2961662665706 -0.122407 -0.107151 9.805301 
2961682502131 -0.124026 -0.108915 9.805261 
2961702338557 -0.124237 -0.108876 9.805259 
2961722144465 -0.122128 -0.106358 9.805313 
2961741950374 -0.124063 -0.108312 9.805267 
2961761786799 -0.123880 -0.107827 9.805274 
2961781592708 -0.121771 -0.106059 9.805320 
2961801398616 -0.123881 -0.107634 9.805277 
2961821235042 -0.124249 -0.107481 9.805275 
2961841040950 -0.122218 -0.105718 9.805319 
2961860877376 -0.124700 -0.107933 9.805263 
2961880683284 -0.123936 -0.107523 9.805277 
2961900489192 -0.121916 -0.105999 9.805319 
2961920325618 -0.124110 -0.108281 9.805266 
2961940131526 -0.123357 -0.107860 9.805281 
2961959967952 -0.121671 -0.106010 9.805323 
2961979804378 -0.123793 -0.108211 9.805272 
2961999610286 -0.122741 -0.107633 9.805291 
2962019416194 -0.121156 -0.106262 9.805326 
2962039252620 -0.123446 -0.108693 9.805271 
2962059058528 -0.122701 -0.107862 9.805290 
2962078864436 -0.121421 -0.106558 9.805319 
2962098700862 -0.123783 -0.108902 9.805264 
2962118506770 -0.123107 -0.108303 9.805280 
2962138343196 -0.122052 -0.106757 9.805309 
2962158149104 -0.124144 -0.108693 9.805263 
2962177955012 -0.123317 -0.108415 9.805276 
2962197791438 -0.121383 -0.106466 9.805321 
2962217597346 -0.123658 -0.108799 9.805267 
2962237403254 -0.123538 -0.108371 9.805273 
2962257239680 -0.121671 -0.106356 9.805319 
2962277076106 -0.123933 -0.108303 9.805269 
2962296882014 -0.123272 -0.107804 9.805283 
2962316718440 -0.121348 -0.106187 9.805325 
2962336524348 -0.123146 -0.108456 9.805277 
2962356330256 -0.122664 -0.108269 9.805285 
2962376166682 -0.121312 -0.106167 9.805326 
2962395972590 -0.123525 -0.108044 9.805277 
2962415778499 -0.122722 -0.107943 9.805288 
2962435614924 -0.120423 -0.106173 9.805335 
2962455420833 -0.122656 -0.108129 9.805287 
2962475257258 -0.122591 -0.107636 9.805293 
2962495063167 -0.120925 -0.105570 9.805337 
2962514869075 -0.123226 -0.107635 9.805285 
2962534705501 -0.122976 -0.106922 9.805297 
2962554541926 -0.121545 -0.105105 9.805334 
2962574347835 -0.123826 -0.106948 9.805285 
2962594184260 -0.123326 -0.106023 9.805302 
2962613990169 -0.122117 -0.104327 9.805335 
2962633796077 -0.123997 -0.106289 9.805290 
2962653632503 -0.122542 -0.105616 9.805316 
2962673438411 -0.121124 -0.104796 9.805343 
2962693244319 -0.123191 -0.107212 9.805290 
2962713080745 -0.121290 -0.105413 9.805334 
2962732886653 -0.120169 -0.104219 9.805360 
2962752692561 -0.121956 -0.106180 9.805317 
2962772528987 -0.120171 -0.104709 9.805354 
2962792334895 -0.119785 -0.104238 9.805365 
2962812171321 -0.121585 -0.106272 9.805320 
2962832007747 -0.119805 -0.104244 9.805365 
2962851813655 -0.120227 -0.104114 9.805360 
2962871650081 -0.122165 -0.105848 9.805318 
2962891455989 -0.120113 -0.103516 9.805368 
2962911261897 -0.120766 -0.104210 9.805352 
2962931098323 -0.122289 -0.105849 9.805317 
2962950904231 -0.120007 -0.104058 9.805364 
2962970710139 -0.121370 -0.104817 9.805339 
2962990546565 -0.122462 -0.105321 9.805320 
2963010352473 -0.120496 -0.103164 9.805367 
2963030158381 -0.121952 -0.104207 9.805338 
2963049994807 -0.123359 -0.105442 9.805306 
2963069800715 -0.121113 -0.103358 9.805358 
2963089606624 -0.122701 -0.105018 9.805321 
2963109443049 -0.122880 -0.105270 9.805316 
2963129279475 -0.120891 -0.103514 9.805359 
2963149085383 -0.122889 -0.105660 9.805311 
2963168921809 -0.125050 -0.107961 9.805258 
2963188727717 -0.123632 -0.106503 9.805293 
2963208564143 -0.125932 -0.108638 9.805240 
2963228370051 -0.124809 -0.107414 9.805267 
2963248175960 -0.123724 -0.106231 9.805294 
2963268012385 -0.126178 -0.108208 9.805241 
2963287818294 -0.124474 -0.106588 9.805281 
2963307624202 -0.122600 -0.104786 9.805325 
2963327460628 -0.124540 -0.106965 9.805276 
2963347266536 -0.122267 -0.105153 9.805324 
2963367072444 -0.122693 -0.105460 9.805315 
2963386908870 -0.124466 -0.107218 9.805274 
2963406745296 -0.122585 -0.104920 9.805323 
2963426551204 -0.122998 -0.104849 9.805318 
2963446387629 -0.123397 -0.104780 9.805314 
2963466193538 -0.121392 -0.102723 9.805360 
2963486029963 -0.119453 -0.101195 9.805400 
2963505835872 -0.121498 -0.103099 9.805355 
2963525641780 -0.119248 -0.101569 9.805399 
2963545478206 -0.119930 -0.101929 9.805387 
2963565284114 -0.121483 -0.103327 9.805353 
2963585090022 -0.119460 -0.101237 9.805400 
2963604926448 -0.121249 -0.101931 9.805370 
2963624732356 -0.122359 -0.103163 9.805344 
2963644568782 -0.120470 -0.100916 9.805391 
2963664374690 -0.121914 -0.102099 9.805361 
2963684211116 -0.122698 -0.103337 9.805338 
2963704047542 -0.120558 -0.101168 9.805387 
2963723853450 -0.122003 -0.102107 9.805360 
2963743659358 -0.122929 -0.103106 9.805338 
2963763495784 -0.120860 -0.100869 9.805387 
2963783301692 -0.122376 -0.102303 9.805353 
2963803107600 -0.123055 -0.102895 9.805338 
2963822944026 -0.121380 -0.100580 9.805383 
2963842749934 -0.123198 -0.102351 9.805342 
2963862555842 -0.122576 -0.102690 9.805346 
2963882392268 -0.120850 -0.100855 9.805387 
2963902198176 -0.123011 -0.102867 9.805339 
2963922034602 -0.121988 -0.101692 9.805365 
2963941840510 -0.121052 -0.100604 9.805387 
2963961676936 -0.123445 -0.103004 9.805332 
2963981513362 -0.121930 -0.101733 9.805365 
2964001319270 -0.121316 -0.100571 9.805384 
2964021125178 -0.123542 -0.102978 9.805331 
2964040961604 -0.122425 -0.102422 9.805351 
2964060767512 -0.121169 -0.101072 9.805381 
2964080573421 -0.123316 -0.103299 9.805331 
2964100409846 -0.122288 -0.102654 9.805350 
2964120215754 -0.120880 -0.101537 9.805380 
2964140021663 -0.123599 -0.103907 9.805320 
2964159858088 -0.122388 -0.102991 9.805345 
2964179663997 -0.121930 -0.102425 9.805357 
2964199500422 -0.124294 -0.104623 9.805305 
2964219306331 -0.122899 -0.102816 9.805342 
2964239112239 -0.122755 -0.103216 9.805338 
2964258948665 -0.124449 -0.105205 9.805295 
2964278785090 -0.122488 -0.102978 9.805345 
2964298590999 -0.123134 -0.103689 9.805328 
2964318427424 -0.124497 -0.105513 9.805292 
2964338233333 -0.122137 -0.103666 9.805342 
2964358039241 -0.124002 -0.105637 9.805297 
2964377875667 -0.124217 -0.106115 9.805289 
2964397681575 -0.122106 -0.104091 9.805338 
2964417487483 -0.120294 -0.101911 9.805383 
2964437323909 -0.118966 -0.101629 9.805402 
2964457129817 -0.117981 -0.100795 9.805422 
2964476966243 -0.120940 -0.103189 9.805362 
2964496772151 -0.119656 -0.101429 9.805396 
2964516578059 -0.119528 -0.101155 9.805399 
2964536414485 -0.121257 -0.103385 9.805356 
2964556250911 -0.119240 -0.101450 9.805400 
2964576056819 -0.120401 -0.102776 9.805372 
2964595893245 -0.121938 -0.103997 9.805341 
2964615699153 -0.119660 -0.101809 9.805392 
2964635505061 -0.121147 -0.103612 9.805353 
2964655341487 -0.121382 -0.103835 9.805348 
2964675147395 -0.120082 -0.101826 9.805387 
2964694953303 -0.122428 -0.104277 9.805332 
2964714789729 -0.120875 -0.103600 9.805358 
2964734595637 -0.119838 -0.102381 9.805384 
2964754432063 -0.121648 -0.104892 9.805334 
2964774237971 -0.120352 -0.103499 9.805365 
2964794043879 -0.119484 -0.102463 9.805387 
2964813880305 -0.122088 -0.104811 9.805330 
2964833716731 -0.120860 -0.103247 9.805362 
2964853522639 -0.119749 -0.102676 9.805382 
2964873359065 -0.121871 -0.105182 9.805328 
2964893164973 -0.119848 -0.103051 9.805376 
2964912970881 -0.120277 -0.103457 9.805367 
2964932807307 -0.122229 -0.105060 9.805325 
2964952613215 -0.120271 -0.102605 9.805376 
2964972419124 -0.121573 -0.103833 9.805347 
2964992255549 -0.122361 -0.104706 9.805328 
2965012061458 -0.120088 -0.102103 9.805383 
2965031897883 -0.122271 -0.104529 9.805330 
2965051703792 -0.121997 -0.104416 9.805336 
2965071509700 -0.120681 -0.102623 9.805371 
2965091346126 -0.122774 -0.105052 9.805319 
2965111182551 -0.121438 -0.103637 9.805350 
2965130988460 -0.120708 -0.103214 9.805364 
2965150824885 -0.123039 -0.104984 9.805316 
2965170630794 -0.120663 -0.103003 9.805367 
2965190436702 -0.121066 -0.103554 9.805357 
2965210273128 -0.123146 -0.105388 9.805310 
2965230079036 -0.120839 -0.103395 9.805361 
2965249884944 -0.120836 -0.103869 9.805355 
2965269721370 -0.122919 -0.105542 9.805311 
2965289527278 -0.120865 -0.103157 9.805364 
2965309363704 -0.121270 -0.103714 9.805351 
2965329169612 -0.122784 -0.105304 9.805316 
2965348975520 -0.120799 -0.102998 9.805365 
2965368781428 -0.122159 -0.104276 9.805335 
2965388617854 -0.122917 -0.105283 9.805314 
2965408454280 -0.121086 -0.103222 9.805359 
2965428290706 -0.123150 -0.105304 9.805311 
2965448096614 -0.122671 -0.105402 9.805316 
2965467902522 -0.122439 -0.105175 9.805322 
2965487738948 -0.122613 -0.104670 9.805326 
2965507544856 -0.123196 -0.103841 9.805327 
2965527350764 -0.123042 -0.102738 9.805340 
2965547187190 -0.122763 -0.100238 9.805369 
2965566993098 -0.122946 -0.099261 9.805377 
2965586829524 -0.123056 -0.099253 9.805375 
2965606635432 -0.123459 -0.099072 9.805372 
2965626441340 -0.123381 -0.098897 9.805375 
2965646277766 -0.123152 -0.098645 9.805381 
2965666083674 -0.123391 -0.098483 9.805379 
2965685920100 -0.123555 -0.098567 9.805376 
2965705756526 -0.123954 -0.098570 9.805371 
2965725562434 -0.124325 -0.097564 9.805377 
2965745368342 -0.124689 -0.096899 9.805379 
2965765204768 -0.124414 -0.097034 9.805381 
2965785010676 -0.124317 -0.097071 9.805382 
2965804816585 -0.124380 -0.097412 9.805378 
2965824653010 -0.124270 -0.097923 9.805373 
2965844458919 -0.123938 -0.097789 9.805379 
2965864295344 -0.124164 -0.097737 9.805376 
2965884101253 -0.124623 -0.097687 9.805371 
2965903907161 -0.124906 -0.097319 9.805371 
2965923743587 -0.124633 -0.097285 9.805375 
2965943549495 -0.124678 -0.097412 9.805373 
2965963385921 -0.124640 -0.097453 9.805373 
2965983222346 -0.124522 -0.097564 9.805374 
2966003028254 -0.124409 -0.097672 9.805374 
2966022834163 -0.124532 -0.097626 9.805373 
2966042670588 -0.124662 -0.097422 9.805374 
2966062476497 -0.124706 -0.097304 9.805374 
2966082282405 -0.124361 -0.097352 9.805378 
2966102118831 -0.124266 -0.097232 9.805381 
2966121924739 -0.124484 -0.097040 9.805380 
2966141761165 -0.124617 -0.097173 9.805376 
2966161567073 -0.124517 -0.097061 9.805380 
2966181372981 -0.124646 -0.097187 9.805376 
2966201209407 -0.124607 -0.097235 9.805376 
2966221015315 -0.124653 -0.097359 9.805375 
2966240821223 -0.124700 -0.097325 9.805375 
