# Created at Tue Jun 01 16:12:37 GMT+02:00 2021 in Burnaby Canada 
2959448249202 0.000000 0.000000 0.000000 
2959468116145 0.000000 0.000000 0.000000 
2959487983088 0.000000 0.000000 0.000000 
2959507880549 0.000000 0.000000 0.000000 
2959527747493 0.000000 0.000000 0.000000 
2959547614436 0.000000 0.000000 0.000000 
2959567481379 0.000000 0.000000 0.000000 
2959587348323 0.000000 0.000000 0.000000 
2959607245784 0.000000 0.000000 0.000000 
2959627112727 0.000000 0.000000 0.000000 
2959646979671 0.000000 0.000000 0.000000 
2959666877131 0.000000 0.000000 0.000000 
2959686744075 0.000000 0.000000 0.000000 
2959706611018 0.000000 0.000000 0.000000 
2959726477962 0.000000 0.000000 0.000000 
2959746375422 0.000000 0.000000 0.000000 
2959766242366 0.000000 0.000000 0.000000 
2959786109309 0.000000 0.000000 0.000000 
2959805976253 0.000000 0.000000 0.000000 
2959825843196 0.000000 0.000000 0.000000 
2959845710139 0.000000 0.000000 0.000000 
2959865577083 0.000000 0.000000 0.000000 
2959885474544 0.000000 0.000000 0.000000 
2959905341487 0.000000 0.000000 0.000000 
2959925208430 0.000000 0.000000 0.000000 
2959945075374 0.000000 0.000000 0.000000 
2959964972835 0.000000 0.000000 0.000000 
2959984839778 0.000000 0.000000 0.000000 
2960004706721 0.000000 0.000000 0.000000 
2960024604182 0.000000 0.000000 0.000000 
2960044471126 0.000000 0.000000 0.000000 
2960064338069 0.000000 0.000000 0.000000 
2960084205012 0.000000 0.000000 0.000000 
2960104071956 0.000000 0.000000 0.000000 
2960123938899 0.000000 0.000000 0.000000 
2960143805842 0.000000 0.000000 0.000000 
2960163703303 0.000000 0.000000 0.000000 
2960183570247 0.000000 0.000000 0.000000 
2960203437190 0.000000 0.000000 0.000000 
2960223304133 0.000000 0.000000 0.000000 
2960243201594 0.000000 0.000000 0.000000 
2960263099055 0.000000 0.000000 0.000000 
2960282965999 0.000000 0.000000 0.000000 
2960302832942 0.000000 0.000000 0.000000 
2960322699885 0.000000 0.000000 0.000000 
2960342566829 0.000000 0.000000 0.000000 
2960362433772 0.000000 0.000000 0.000000 
2960382300715 0.000000 0.000000 0.000000 
2960402198176 0.000000 0.000000 0.000000 
2960422065120 0.000000 0.000000 0.000000 
2960441932063 0.000000 0.000000 0.000000 
2960461799006 0.000000 0.000000 0.000000 
2960481665950 0.000000 0.000000 0.000000 
2960501563411 0.000000 0.000000 0.000000 
2960521460872 0.000000 0.000000 0.000000 
2960541327815 0.000000 0.000000 0.000000 
2960561194758 0.000000 0.000000 0.000000 
2960581061702 0.000000 0.000000 0.000000 
2960600928645 0.000000 0.000000 0.000000 
2960620795588 0.000000 0.000000 0.000000 
2960640693049 0.000000 0.000000 0.000000 
2960660559993 0.000000 0.000000 0.000000 
2960680426936 0.000000 0.000000 0.000000 
2960700293879 0.000000 0.000000 0.000000 
2960720160823 0.000000 0.000000 0.000000 
2960740027766 0.000000 0.000000 0.000000 
2960759925227 0.000000 0.000000 0.000000 
2960779792171 0.000000 0.000000 0.000000 
2960799659114 0.000000 0.000000 0.000000 
2960819556575 0.000000 0.000000 0.000000 
2960839423518 0.000000 0.000000 0.000000 
2960859290462 0.000000 0.000000 0.000000 
2960879187922 0.000000 0.000000 0.000000 
2960899054866 0.000000 0.000000 0.000000 
2960918921809 0.000000 0.000000 0.000000 
2960938788753 0.000000 0.000000 0.000000 
2960958655696 0.000000 0.000000 0.000000 
2960978522639 0.000000 0.000000 0.000000 
2960998420100 0.000000 0.000000 0.000000 
2961018287044 0.000000 0.000000 0.000000 
2961038153987 0.000000 0.000000 0.000000 
2961058020930 0.000000 0.000000 0.000000 
2961077887874 0.000000 0.000000 0.000000 
2961097815852 0.000000 0.000000 0.000000 
2961117682796 0.000000 0.000000 0.000000 
2961137549739 0.000000 0.000000 0.000000 
2961157416682 0.000000 0.000000 0.000000 
2961177283626 0.000000 0.000000 0.000000 
2961197150569 0.000000 0.000000 0.000000 
2961217017512 0.000000 0.000000 0.000000 
2961236914973 0.000000 0.000000 0.000000 
2961256781917 0.000000 0.000000 0.000000 
2961276648860 0.000000 0.000000 0.000000 
2961296515803 0.000000 0.000000 0.000000 
2961316382747 0.000000 0.000000 0.000000 
2961336280208 0.000000 0.000000 0.000000 
2961356147151 0.000000 0.000000 0.000000 
2961376044612 0.000000 0.000000 0.000000 
2961395911555 0.000000 0.000000 0.000000 
2961415778499 0.000000 0.000000 0.000000 
2961435645442 0.000000 0.000000 0.000000 
2961455542903 0.000000 0.000000 0.000000 
2961475409846 0.000000 0.000000 0.000000 
2961495276790 0.000000 0.000000 0.000000 
2961515143733 0.000000 0.000000 0.000000 
2961535010676 0.000000 0.000000 0.000000 
2961554877620 0.000000 0.000000 0.000000 
2961574775081 0.000000 0.000000 0.000000 
2961594642024 0.000000 0.000000 0.000000 
2961614508967 0.000000 0.000000 0.000000 
2961634375911 0.000000 0.000000 0.000000 
2961654242854 0.000000 0.000000 0.000000 
2961674140315 0.000000 0.000000 0.000000 
2961694007258 0.000000 0.000000 0.000000 
2961713904719 0.000000 0.000000 0.000000 
2961733771663 0.000000 0.000000 0.000000 
2961753638606 0.000000 0.000000 0.000000 
2961773505549 0.000000 0.000000 0.000000 
2961793372493 0.000000 0.000000 0.000000 
2961813239436 0.000000 0.000000 0.000000 
2961833136897 0.000000 0.000000 0.000000 
2961853003840 0.000000 0.000000 0.000000 
2961872870784 0.000000 0.000000 0.000000 
2961892737727 0.000000 0.000000 0.000000 
2961912604671 0.000000 0.000000 0.000000 
2961932471614 0.000000 0.000000 0.000000 
2961952399592 0.000000 0.000000 0.000000 
2961972266536 0.000000 0.000000 0.000000 
2961992133479 0.000000 0.000000 0.000000 
2962012000422 0.000000 0.000000 0.000000 
2962031867366 0.000000 0.000000 0.000000 
2962051734309 0.000000 0.000000 0.000000 
2962071601253 0.000000 0.000000 0.000000 
2962091468196 0.000000 0.000000 0.000000 
2962111365657 0.000000 0.000000 0.000000 
2962131232600 0.000000 0.000000 0.000000 
2962151099544 0.000000 0.000000 0.000000 
2962170966487 0.000000 0.000000 0.000000 
2962190833430 0.000000 0.000000 0.000000 
2962210700374 0.000000 0.000000 0.000000 
2962230597835 0.000000 0.000000 0.000000 
2962250495296 0.000000 0.000000 0.000000 
2962270362239 0.000000 0.000000 0.000000 
2962290229182 0.000000 0.000000 0.000000 
2962310096126 0.000000 0.000000 0.000000 
2962329963069 0.000000 0.000000 0.000000 
2962349860530 0.000000 0.000000 0.000000 
2962369727473 0.000000 0.000000 0.000000 
2962389594417 0.000000 0.000000 0.000000 
2962409461360 0.000000 0.000000 0.000000 
2962429328303 0.000000 0.000000 0.000000 
2962449195247 0.000000 0.000000 0.000000 
2962469062190 0.000000 0.000000 0.000000 
2962488959651 0.000000 0.000000 0.000000 
2962508826594 0.000000 0.000000 0.000000 
2962528724055 0.000000 0.000000 0.000000 
2962548590999 0.000000 0.000000 0.000000 
2962568457942 0.000000 0.000000 0.000000 
2962588324885 0.000000 0.000000 0.000000 
2962608191829 0.000000 0.000000 0.000000 
2962628089290 0.000000 0.000000 0.000000 
2962647956233 0.000000 0.000000 0.000000 
2962667823176 0.000000 0.000000 0.000000 
2962687690120 0.000000 0.000000 0.000000 
2962707557063 0.000000 0.000000 0.000000 
2962727424006 0.000000 0.000000 0.000000 
2962747321467 0.000000 0.000000 0.000000 
2962767188411 0.000000 0.000000 0.000000 
2962787055354 0.000000 0.000000 0.000000 
2962806952815 0.000000 0.000000 0.000000 
2962826819758 0.000000 0.000000 0.000000 
2962846686702 0.000000 0.000000 0.000000 
2962866553645 0.000000 0.000000 0.000000 
2962886451106 0.000000 0.000000 0.000000 
2962906318049 0.000000 0.000000 0.000000 
2962926184993 0.000000 0.000000 0.000000 
2962946051936 0.000000 0.000000 0.000000 
2962965918879 0.000000 0.000000 0.000000 
2962985785823 0.000000 0.000000 0.000000 
2963005683284 0.000000 0.000000 0.000000 
2963025550227 0.000000 0.000000 0.000000 
2963045417171 0.000000 0.000000 0.000000 
2963065284114 0.000000 0.000000 0.000000 
2963085151057 0.000000 0.000000 0.000000 
2963105048518 0.000000 0.000000 0.000000 
2963124945979 0.000000 0.000000 0.000000 
2963144812922 0.000000 0.000000 0.000000 
2963164679866 0.000000 0.000000 0.000000 
2963184546809 0.000000 0.000000 0.000000 
2963204413753 0.000000 0.000000 0.000000 
2963224280696 0.000000 0.000000 0.000000 
2963244147639 0.000000 0.000000 0.000000 
2963264045100 0.000000 0.000000 0.000000 
2963283912044 0.000000 0.000000 0.000000 
2963303778987 0.000000 0.000000 0.000000 
2963323645930 0.000000 0.000000 0.000000 
2963343512874 0.000000 0.000000 0.000000 
2963363379817 0.000000 0.000000 0.000000 
2963383277278 0.000000 0.000000 0.000000 
2963403174739 0.000000 0.000000 0.000000 
2963423041682 0.000000 0.000000 0.000000 
2963442908626 0.000000 0.000000 0.000000 
2963462775569 0.000000 0.000000 0.000000 
2963482642512 0.000000 0.000000 0.000000 
2963502509456 0.000000 0.000000 0.000000 
2963522406917 0.000000 0.000000 0.000000 
2963542273860 0.000000 0.000000 0.000000 
2963562140803 0.000000 0.000000 0.000000 
2963582007747 0.000000 0.000000 0.000000 
2963601874690 0.000000 0.000000 0.000000 
2963621741633 0.000000 0.000000 0.000000 
2963641608577 0.000000 0.000000 0.000000 
2963661506038 0.000000 0.000000 0.000000 
2963681403499 0.000000 0.000000 0.000000 
2963701270442 0.000000 0.000000 0.000000 
2963721137385 0.000000 0.000000 0.000000 
2963741004329 0.000000 0.000000 0.000000 
2963760871272 0.000000 0.000000 0.000000 
2963780738215 0.000000 0.000000 0.000000 
2963800635676 0.000000 0.000000 0.000000 
2963820502620 0.000000 0.000000 0.000000 
2963840369563 0.000000 0.000000 0.000000 
2963860236506 0.000000 0.000000 0.000000 
2963880103450 0.000000 0.000000 0.000000 
2963899970393 0.000000 0.000000 0.000000 
2963919867854 0.000000 0.000000 0.000000 
2963939734797 0.000000 0.000000 0.000000 
2963959632258 0.000000 0.000000 0.000000 
2963979499202 0.000000 0.000000 0.000000 
2963999366145 0.000000 0.000000 0.000000 
2964019233088 0.000000 0.000000 0.000000 
2964039100032 0.000000 0.000000 0.000000 
2964058997493 0.000000 0.000000 0.000000 
2964078864436 0.000000 0.000000 0.000000 
2964098731379 0.000000 0.000000 0.000000 
2964118598323 0.000000 0.000000 0.000000 
2964138465266 0.000000 0.000000 0.000000 
2964158362727 0.000000 0.000000 0.000000 
2964178199153 0.000000 0.000000 0.000000 
2964198066096 0.000000 0.000000 0.000000 
2964217933040 0.000000 0.000000 0.000000 
2964237830501 0.000000 0.000000 0.000000 
2964257727962 0.000000 0.000000 0.000000 
2964277594905 0.000000 0.000000 0.000000 
2964297461848 0.000000 0.000000 0.000000 
2964317328792 0.000000 0.000000 0.000000 
2964337226253 0.000000 0.000000 0.000000 
2964357093196 0.000000 0.000000 0.000000 
2964376990657 0.000000 0.000000 0.000000 
2964396857600 0.000000 0.000000 0.000000 
2964416724544 0.000000 0.000000 0.000000 
2964436591487 0.000000 0.000000 0.000000 
2964456458430 0.000000 0.000000 0.000000 
2964476325374 0.000000 0.000000 0.000000 
2964496222835 0.000000 0.000000 0.000000 
2964516089778 0.000000 0.000000 0.000000 
2964535987239 0.000000 0.000000 0.000000 
2964555854182 0.000000 0.000000 0.000000 
2964575721126 0.000000 0.000000 0.000000 
2964595588069 0.000000 0.000000 0.000000 
2964615455012 0.000000 0.000000 0.000000 
2964635321956 0.000000 0.000000 0.000000 
2964655219417 0.000000 0.000000 0.000000 
2964675086360 0.000000 0.000000 0.000000 
2964694953303 0.000000 0.000000 0.000000 
2964714820247 0.000000 0.000000 0.000000 
2964734687190 0.000000 0.000000 0.000000 
2964754554133 0.000000 0.000000 0.000000 
2964774421077 0.000000 0.000000 0.000000 
2964794318538 0.000000 0.000000 0.000000 
2964814215999 0.000000 0.000000 0.000000 
2964834082942 0.000000 0.000000 0.000000 
2964853949885 0.000000 0.000000 0.000000 
2964873816829 0.000000 0.000000 0.000000 
2964893714290 0.000000 0.000000 0.000000 
2964913581233 0.000000 0.000000 0.000000 
2964933448176 0.000000 0.000000 0.000000 
2964953315120 0.000000 0.000000 0.000000 
2964973182063 0.000000 0.000000 0.000000 
2964993049006 0.000000 0.000000 0.000000 
2965012946467 0.000000 0.000000 0.000000 
2965032813411 0.000000 0.000000 0.000000 
2965052680354 0.000000 0.000000 0.000000 
2965072547297 0.000000 0.000000 0.000000 
2965092414241 0.000000 0.000000 0.000000 
2965112342219 0.000000 0.000000 0.000000 
2965132209163 0.000000 0.000000 0.000000 
2965152076106 0.000000 0.000000 0.000000 
2965171943049 0.000000 0.000000 0.000000 
2965191809993 0.000000 0.000000 0.000000 
2965211676936 0.000000 0.000000 0.000000 
2965231543879 0.000000 0.000000 0.000000 
2965251410823 0.000000 0.000000 0.000000 
2965271308284 0.000000 0.000000 0.000000 
2965291175227 0.000000 0.000000 0.000000 
2965311042171 0.000000 0.000000 0.000000 
2965330909114 0.000000 0.000000 0.000000 
2965350776057 0.000000 0.000000 0.000000 
2965370643001 0.000000 0.000000 0.000000 
2965390570979 0.000000 0.000000 0.000000 
2965410437922 0.000000 0.000000 0.000000 
2965430304866 0.000000 0.000000 0.000000 
2965450171809 0.000000 0.000000 0.000000 
2965470038753 0.000000 0.000000 0.000000 
2965489905696 0.000000 0.000000 0.000000 
2965509803157 0.000000 0.000000 0.000000 
2965529670100 0.000000 0.000000 0.000000 
2965549537044 0.000000 0.000000 0.000000 
2965569403987 0.000000 0.000000 0.000000 
2965589270930 0.000000 0.000000 0.000000 
2965609137874 0.000000 0.000000 0.000000 
2965629004817 0.000000 0.000000 0.000000 
2965648871760 0.000000 0.000000 0.000000 
2965668799739 0.000000 0.000000 0.000000 
2965688666682 0.000000 0.000000 0.000000 
2965708533626 0.000000 0.000000 0.000000 
2965728400569 0.000000 0.000000 0.000000 
2965748267512 0.000000 0.000000 0.000000 
2965768164973 0.000000 0.000000 0.000000 
2965788031917 0.000000 0.000000 0.000000 
2965807898860 0.000000 0.000000 0.000000 
2965827765803 0.000000 0.000000 0.000000 
2965847632747 0.000000 0.000000 0.000000 
2965867499690 0.000000 0.000000 0.000000 
2965887366633 0.000000 0.000000 0.000000 
2965907264094 0.000000 0.000000 0.000000 
2965927131038 0.000000 0.000000 0.000000 
2965946997981 0.000000 0.000000 0.000000 
2965966895442 0.000000 0.000000 0.000000 
2965986762385 0.000000 0.000000 0.000000 
2966006659846 0.000000 0.000000 0.000000 
2966026526790 0.000000 0.000000 0.000000 
2966046393733 0.000000 0.000000 0.000000 
2966066260676 0.000000 0.000000 0.000000 
2966086127620 0.000000 0.000000 0.000000 
2966105994563 0.000000 0.000000 0.000000 
2966125861506 0.000000 0.000000 0.000000 
2966145758967 0.000000 0.000000 0.000000 
2966165625911 0.000000 0.000000 0.000000 
2966185492854 0.000000 0.000000 0.000000 
2966205359797 0.000000 0.000000 0.000000 
2966225226741 0.000000 0.000000 0.000000 
2966245154719 0.000000 0.000000 0.000000 
