# Created at Tue Jun 08 20:54:45 GMT+02:00 2021 in Copenhagen 
18841968899542, -0.001190, 0.000702, 0.000931 
18841988705450, 0.000046, -0.000519, 0.000931 
18842008541875, 0.000046, 0.000702, -0.000290 
18842028347784, 0.001251, 0.000702, -0.000290 
18842048184209, 0.000046, 0.000702, -0.000290 
18842068020635, 0.000046, -0.000519, 0.000931 
18842087826543, 0.000046, 0.000702, -0.000290 
18842107662969, 0.000046, -0.000519, -0.000290 
18842127468877, 0.000046, -0.000519, -0.000290 
18842147305303, 0.000046, -0.000519, 0.000931 
18842167111211, 0.000046, 0.000702, -0.000290 
18842186917120, -0.014633, 0.000702, 0.000931 
18842206753545, 0.006134, 0.008026, 0.003372 
18842226559454, -0.001190, -0.001740, 0.000931 
18842246395879, 0.001251, 0.001938, -0.001511 
18842266201788, -0.001190, 0.000702, -0.001511 
18842286007696, -0.001190, 0.000702, -0.001511 
18842305844122, -0.002411, 0.000702, -0.001511 
18842325680547, 0.003693, 0.004379, -0.001511 
18842345486456, -0.015839, 0.003143, -0.001511 
18842365322881, 0.001251, -0.000519, -0.001511 
18842385128790, -0.006073, 0.001938, -0.001511 
18842404965215, -0.008514, 0.000702, -0.001511 
18842424771124, -0.008514, -0.001740, -0.000290 
18842444577032, 0.002487, -0.000519, -0.001511 
18842464413458, -0.001190, -0.000519, -0.000290 
18842484219366, 0.000046, -0.000519, -0.000290 
18842504055792, 0.000046, -0.000519, 0.000931 
18842523861700, 0.001251, 0.000702, -0.000290 
18842543667608, 0.000046, -0.000519, -0.000290 
18842563504034, 0.000046, 0.000702, -0.000290 
18842583309942, 0.000046, 0.000702, -0.000290 
18842603146368, 0.000046, -0.000519, 0.000931 
18842622982793, 0.000046, -0.001740, 0.000931 
18842642788702, 0.000046, -0.000519, -0.000290 
18842662625127, 0.000046, 0.000702, -0.000290 
18842682431036, 0.000046, -0.000519, -0.000290 
18842702267461, 0.000046, 0.000702, 0.000931 
18842722073370, 0.000046, 0.000702, -0.000290 
18842741879278, 0.000046, -0.000519, 0.000931 
18842761715704, -0.001190, -0.000519, -0.000290 
18842781521612, -0.001190, 0.000702, -0.000290 
18842801327520, 0.000046, 0.000702, -0.000290 
18842821163946, 0.000046, -0.000519, -0.000290 
18842840969854, 0.000046, -0.000519, -0.000290 
18842860806280, 0.000046, 0.000702, -0.000290 
18842880612188, 0.000046, 0.000702, 0.000931 
18842900448614, 0.000046, 0.000702, -0.000290 
18842920285040, 0.000046, 0.000702, 0.000931 
18842940090948, 0.000046, -0.000519, -0.000290 
18842959927374, 0.000046, -0.000519, -0.000290 
18842979733282, 0.000046, 0.000702, -0.000290 
18842999539190, 0.000046, -0.000519, -0.000290 
18843019375616, 0.000046, -0.000519, 0.000931 
18843039181524, 0.001251, -0.000519, 0.000931 
18843058987432, 0.000046, 0.000702, 0.000931 
18843078823858, 0.000046, 0.000702, -0.000290 
18843098629766, 0.000046, -0.000519, -0.001511 
18843118466192, 0.001251, 0.000702, -0.000290 
18843138272100, 0.000046, 0.000702, -0.000290 
18843158078008, -0.001190, 0.000702, -0.000290 
18843177914434, 0.001251, -0.001740, -0.000290 
18843197750860, 0.000046, -0.000519, -0.002731 
18843217587286, 0.000046, -0.001740, 0.000931 
18843237393194, 0.000046, 0.000702, -0.000290 
18843257199102, -0.001190, -0.000519, -0.000290 
18843277035528, -0.001190, 0.000702, -0.000290 
18843296841436, 0.000046, 0.000702, -0.000290 
18843316677862, 0.000046, -0.000519, 0.000931 
18843336483770, 0.000046, 0.000702, 0.000931 
18843356289678, 0.001251, -0.000519, 0.000931 
18843376126104, 0.000046, -0.000519, -0.001511 
18843395932012, 0.000046, -0.000519, -0.000290 
18843415768438, 0.000046, -0.000519, -0.001511 
18843435574346, 0.000046, -0.000519, 0.000931 
18843455380254, 0.000046, -0.000519, 0.002151 
18843475216680, 0.000046, -0.001740, -0.000290 
18843495053106, 0.000046, -0.000519, -0.000290 
18843514889532, 0.000046, -0.000519, 0.000931 
18843534695440, -0.001190, 0.000702, 0.000931 
18843554501348, 0.000046, 0.000702, -0.000290 
18843574337774, 0.000046, -0.000519, 0.000931 
18843594143682, 0.000046, -0.000519, 0.000931 
18843613980108, 0.000046, 0.000702, -0.000290 
18843633786016, -0.001190, 0.000702, -0.000290 
18843653591924, 0.000046, 0.000702, -0.000290 
18843673428350, 0.001251, -0.000519, -0.000290 
18843693234258, 0.000046, -0.000519, -0.000290 
18843713040167, 0.000046, 0.000702, -0.000290 
18843732876592, 0.000046, 0.000702, 0.000931 
18843752682500, 0.000046, 0.000702, 0.000931 
18843772518926, 0.001251, 0.000702, -0.000290 
18843792355352, 0.000046, -0.000519, -0.000290 
18843812161260, 0.000046, -0.000519, -0.000290 
18843831997686, 0.000046, 0.000702, 0.000931 
18843851803594, 0.000046, 0.001938, -0.000290 
18843871640020, 0.000046, 0.000702, -0.000290 
18843891445928, 0.000046, -0.000519, 0.000931 
18843911251836, 0.000046, -0.000519, -0.000290 
18843931088262, 0.000046, 0.000702, -0.000290 
18843950894170, 0.000046, -0.000519, -0.000290 
18843970730596, 0.001251, 0.000702, -0.000290 
18843990536504, 0.000046, -0.000519, -0.000290 
18844010342413, 0.000046, -0.000519, 0.000931 
18844030178838, 0.001251, 0.000702, 0.000931 
18844050015264, -0.001190, -0.000519, -0.000290 
18844069821172, -0.001190, 0.001938, -0.001511 
18844089657598, -0.001190, 0.000702, -0.000290 
18844109463506, 0.000046, 0.000702, -0.001511 
18844129299932, 0.000046, -0.000519, -0.001511 
18844149105840, 0.000046, -0.000519, -0.000290 
18844168911749, 0.000046, -0.000519, -0.000290 
18844188748174, 0.000046, 0.000702, 0.000931 
18844208554083, 0.000046, -0.000519, 0.000931 
18844228390508, 0.000046, -0.000519, 0.002151 
18844248196417, -0.001190, -0.000519, 0.000931 
18844268002325, 0.000046, 0.000702, -0.000290 
18844287838750, 0.000046, -0.001740, 0.002151 
18844307644659, 0.000046, 0.000702, -0.000290 
18844327481084, 0.000046, -0.000519, 0.000931 
18844347317510, 0.000046, 0.000702, -0.000290 
18844367123418, 0.001251, -0.001740, 0.002151 
18844386959844, -0.001190, 0.000702, -0.001511 
18844406765752, 0.000046, 0.001938, -0.000290 
18844426602178, 0.001251, -0.001740, 0.002151 
18844446408086, 0.000046, -0.000519, 0.000931 
18844466213995, 0.000046, 0.003143, -0.000290 
18844486050420, -0.001190, 0.001938, -0.000290 
18844505856329, 0.000046, 0.001938, -0.000290 
18844525662237, -0.001190, 0.001938, -0.001511 
18844545498663, -0.001190, 0.003143, -0.001511 
18844565304571, 0.000046, 0.000702, -0.000290 
18844585140997, 0.000046, -0.001740, 0.000931 
18844604946905, 0.001251, -0.001740, 0.000931 
18844624783331, 0.000046, 0.000702, -0.000290 
18844644619756, -0.001190, 0.001938, -0.001511 
18844664425665, -0.001190, 0.000702, -0.001511 
18844684262090, -0.001190, -0.000519, -0.000290 
18844704067999, 0.000046, -0.000519, -0.000290 
18844723873907, 0.000046, -0.001740, 0.000931 
18844743710333, 0.001251, -0.001740, 0.002151 
18844763516241, 0.001251, -0.002975, 0.002151 
18844783352667, 0.001251, -0.002975, 0.000931 
18844803158575, 0.000046, -0.000519, 0.000931 
18844822964483, 0.000046, 0.000702, 0.000931 
18844842800909, 0.000046, 0.003143, -0.000290 
18844862606817, 0.000046, -0.001740, 0.000931 
18844882443243, 0.000046, -0.000519, 0.000931 
18844902279668, 0.000046, 0.003143, -0.002731 
18844922085577, 0.000046, 0.000702, -0.001511 
18844941922002, 0.001251, -0.001740, 0.000931 
18844961727911, 0.000046, 0.000702, -0.000290 
18844981533819, 0.000046, 0.000702, 0.000931 
18845001370245, 0.000046, 0.000702, -0.000290 
18845021176153, 0.000046, -0.002975, -0.000290 
18845040982061, 0.000046, 0.000702, -0.000290 
18845060818487, 0.000046, 0.000702, -0.000290 
18845080624395, 0.001251, 0.000702, 0.000931 
18845100460821, 0.000046, -0.000519, 0.000931 
18845120266729, 0.000046, 0.000702, 0.000931 
18845140103155, 0.000046, -0.000519, 0.000931 
18845159909063, -0.001190, 0.000702, -0.000290 
18845179714971, 0.000046, 0.001938, -0.001511 
18845199551397, -0.001190, -0.000519, 0.000931 
18845219387823, 0.001251, 0.001938, -0.000290 
18845239224249, 0.001251, -0.000519, 0.000931 
18845259030157, 0.000046, -0.000519, 0.000931 
18845278836065, 0.001251, 0.000702, -0.000290 
18845298672491, -0.001190, 0.000702, -0.001511 
18845318478399, 0.000046, 0.000702, -0.001511 
18845338284307, 0.000046, -0.000519, -0.000290 
18845358120733, 0.000046, 0.000702, 0.000931 
18845377926641, 0.001251, -0.000519, 0.000931 
18845397763067, 0.000046, 0.000702, 0.000931 
18845417568975, 0.000046, 0.000702, -0.000290 
18845437374883, -0.001190, 0.000702, -0.000290 
18845457211309, 0.000046, 0.000702, -0.001511 
18845477047735, 0.000046, 0.000702, -0.000290 
18845496884161, 0.000046, 0.000702, 0.000931 
18845516690069, 0.001251, 0.000702, 0.000931 
18845536495977, 0.000046, -0.000519, 0.002151 
18845556332403, 0.000046, 0.000702, -0.000290 
18845576138311, 0.000046, -0.000519, -0.000290 
18845595974737, 0.000046, -0.000519, -0.000290 
18845615780645, 0.000046, -0.000519, -0.000290 
18845635586553, 0.000046, 0.000702, 0.000931 
18845655422979, 0.001251, 0.000702, 0.000931 
18845675228887, 0.001251, -0.001740, 0.000931 
18845695034795, 0.001251, -0.001740, 0.000931 
18845714871221, -0.001190, 0.000702, -0.000290 
18845734677129, 0.000046, -0.001740, -0.000290 
18845754513555, 0.000046, -0.000519, -0.000290 
18845774349981, 0.000046, -0.000519, 0.000931 
18845794155889, 0.002487, -0.000519, 0.000931 
18845813992315, 0.001251, -0.000519, -0.000290 
18845833798223, 0.001251, -0.001740, -0.000290 
18845853634649, 0.001251, -0.001740, 0.000931 
18845873440557, 0.001251, -0.000519, -0.000290 
18845893246465, 0.001251, -0.000519, -0.000290 
18845913082891, 0.000046, -0.000519, 0.000931 
18845932888799, 0.001251, -0.000519, 0.000931 
18845952694708, 0.000046, 0.000702, -0.000290 
18845972531133, 0.000046, -0.000519, 0.000931 
18845992337042, 0.000046, 0.000702, -0.000290 
18846012173467, 0.000046, -0.002975, 0.000931 
18846031979375, 0.000046, -0.000519, -0.000290 
18846051815801, 0.001251, -0.000519, 0.000931 
18846071652227, 0.001251, -0.001740, 0.000931 
18846091458135, 0.000046, 0.001938, -0.000290 
18846111294561, 0.000046, -0.000519, 0.000931 
18846131100469, 0.001251, 0.001938, -0.000290 
18846150906377, 0.000046, -0.000519, -0.000290 
18846170742803, 0.000046, 0.000702, -0.001511 
18846190548711, 0.001251, 0.000702, -0.000290 
18846210385137, 0.000046, 0.000702, -0.000290 
18846230191045, 0.001251, 0.000702, -0.000290 
18846249996954, 0.000046, 0.000702, 0.000931 
18846269833379, 0.000046, -0.000519, 0.000931 
18846289639288, 0.000046, -0.001740, 0.002151 
18846309475713, 0.000046, -0.002975, 0.000931 
18846329312139, 0.001251, -0.000519, -0.000290 
18846349118047, 0.000046, -0.000519, -0.000290 
18846368954473, 0.000046, 0.000702, 0.000931 
18846388760381, 0.000046, 0.000702, -0.000290 
18846408566290, 0.000046, -0.000519, 0.000931 
18846428402715, 0.000046, -0.000519, 0.000931 
18846448208624, -0.001190, 0.000702, -0.000290 
18846468045049, 0.000046, 0.001938, -0.001511 
18846487850958, 0.000046, -0.000519, 0.000931 
18846507656866, 0.001251, 0.000702, 0.000931 
18846527493292, 0.000046, 0.000702, 0.000931 
18846547299200, 0.000046, -0.000519, -0.000290 
18846567105108, 0.000046, -0.000519, -0.000290 
18846586941534, -0.001190, -0.000519, -0.000290 
18846606747442, 0.000046, -0.000519, -0.000290 
18846626583868, 0.000046, -0.000519, -0.000290 
18846646420293, 0.001251, 0.000702, 0.000931 
18846666226202, 0.000046, 0.000702, 0.000931 
18846686062627, 0.000046, 0.000702, 0.000931 
18846705868536, 0.000046, 0.000702, -0.000290 
18846725704961, -0.001190, 0.001938, -0.001511 
18846745510870, 0.000046, 0.001938, -0.001511 
18846765316778, 0.000046, 0.000702, 0.000931 
18846785153204, 0.001251, -0.000519, 0.000931 
18846804959112, 0.001251, 0.000702, 0.000931 
18846824765020, -0.001190, -0.000519, -0.000290 
18846844601446, 0.000046, 0.000702, -0.000290 
18846864407354, -0.001190, -0.000519, -0.000290 
18846884243780, 0.000046, 0.000702, -0.000290 
18846904080206, 0.000046, -0.000519, 0.000931 
18846923886114, 0.000046, -0.000519, 0.000931 
18846943722540, 0.001251, 0.000702, 0.000931 
18846963528448, 0.000046, -0.000519, -0.000290 
18846983364874, 0.000046, -0.000519, -0.000290 
18847003170782, -0.001190, -0.000519, -0.000290 
18847022976690, 0.000046, -0.000519, 0.000931 
18847042813116, 0.000046, -0.000519, 0.002151 
18847062619024, 0.001251, 0.000702, 0.000931 
18847082455450, 0.001251, -0.000519, -0.000290 
18847102261358, 0.000046, -0.000519, -0.000290 
18847122067266, 0.000046, 0.000702, -0.001511 
18847141903692, -0.001190, 0.001938, -0.000290 
18847161709600, 0.000046, 0.000702, -0.000290 
18847181546026, 0.000046, 0.001938, 0.000931 
18847201382452, 0.000046, 0.000702, 0.000931 
18847221188360, 0.000046, -0.000519, -0.000290 
18847241024786, 0.000046, -0.000519, -0.000290 
18847260830694, 0.000046, -0.000519, -0.000290 
18847280667120, 0.000046, -0.000519, -0.000290 
18847300473028, 0.000046, -0.000519, 0.000931 
18847320278936, 0.000046, -0.000519, 0.000931 
18847340115362, 0.000046, -0.000519, 0.000931 
18847359921270, 0.000046, -0.000519, -0.000290 
18847379757696, 0.000046, 0.000702, -0.000290 
18847399563604, 0.000046, 0.000702, -0.000290 
18847419369512, 0.000046, -0.001740, -0.000290 
18847439205938, 0.000046, 0.000702, 0.000931 
18847459011846, 0.003693, 0.003143, -0.000290 
18847478848272, 0.011032, 0.003143, -0.001511 
18847498684698, 0.011032, -0.001740, 0.000931 
18847518490606, -0.036606, -0.007858, 0.004593 
18847538327032, 0.000046, -0.000519, -0.001511 
18847558132940, 0.023254, 0.003143, -0.001511 
18847577938848, 0.017136, 0.005585, -0.001511 
18847597775274, 0.003693, -0.000519, 0.000931 
18847617581182, 0.002487, -0.000519, 0.000931 
18847637417608, 0.001251, -0.000519, -0.000290 
18847657223516, 0.001251, -0.000519, -0.000290 
18847677029424, 0.001251, -0.000519, -0.000290 
18847696865850, 0.007370, 0.001938, -0.006409 
18847716671758, 0.000046, 0.000702, 0.000931 
18847736508184, -0.002411, 0.000702, 0.004593 
18847756314092, -0.002411, -0.000519, 0.002151 
18847776150518, -0.001190, 0.000702, -0.002731 
