# Created at Tue Jun 08 20:54:45 GMT+02:00 2021 in Copenhagen 
18841972103887, -28.164673, -49.194336, -98.065186 
18841991970831, -28.614807, -49.192810, -97.767639 
18842011837774, -28.765869, -49.191284, -98.066711 
18842031704717, -28.614807, -49.340820, -98.066711 
18842051602178, -28.616333, -49.191284, -98.066711 
18842071469122, -28.463745, -49.192810, -98.065186 
18842091336065, -28.462219, -49.342346, -98.065186 
18842111203008, -28.459167, -50.093079, -98.062134 
18842131069952, -28.457642, -50.543213, -98.059082 
18842150936895, -28.457642, -50.244141, -98.060608 
18842170803838, -28.459167, -50.093079, -98.062134 
18842190701299, -28.459167, -50.093079, -98.062134 
18842210568243, -28.459167, -50.093079, -98.062134 
18842230435186, -28.613281, -49.792480, -98.063660 
18842250302129, -28.613281, -49.790955, -98.362732 
18842270169073, -28.613281, -49.641418, -98.512268 
18842290036016, -28.611755, -50.090027, -98.510742 
18842309902959, -28.611755, -50.090027, -98.510742 
18842329800420, -28.611755, -50.090027, -98.510742 
18842349667364, -28.611755, -50.090027, -98.510742 
18842369534307, -28.611755, -50.090027, -98.510742 
18842389401250, -28.611755, -50.090027, -98.510742 
18842409268194, -28.761292, -50.090027, -98.510742 
18842429135137, -28.762817, -50.088501, -98.809814 
18842449002081, -28.764343, -49.789429, -98.809814 
18842468869024, -28.762817, -49.790955, -98.510742 
18842488735967, -28.762817, -49.641418, -98.364258 
18842508602911, -28.462219, -49.340820, -98.364258 
18842528500372, -28.465271, -48.741150, -98.365784 
18842548367315, -28.463745, -49.040222, -98.364258 
18842568234258, -28.463745, -49.192810, -98.065186 
18842588101202, -28.164673, -49.194336, -98.065186 
18842607998663, -28.164673, -49.194336, -98.065186 
18842627865606, -28.164673, -49.194336, -98.065186 
18842647732549, -28.164673, -49.194336, -98.065186 
18842667599493, -28.164673, -49.194336, -98.065186 
18842687466436, -28.164673, -49.194336, -98.065186 
18842707333379, -28.163147, -49.195862, -97.766113 
18842727200323, -28.163147, -49.195862, -97.766113 
18842747067266, -28.163147, -49.044800, -97.616577 
18842766934209, -28.164673, -48.745728, -97.767639 
18842786801153, -28.163147, -49.044800, -97.766113 
18842806698614, -28.163147, -49.044800, -97.766113 
18842826565557, -28.163147, -49.044800, -97.766113 
18842846432500, -28.163147, -49.195862, -97.766113 
18842866299444, -28.164673, -49.192810, -98.364258 
18842886166387, -28.164673, -49.192810, -98.364258 
18842906063848, -28.164673, -49.192810, -98.364258 
18842925930792, -28.161621, -49.644470, -98.362732 
18842945797735, -28.157043, -50.695801, -98.358154 
18842965664678, -28.161621, -49.644470, -98.362732 
18842985501104, -27.107239, -49.798584, -98.358154 
18843005368047, -27.558899, -49.645996, -98.361206 
18843025234991, -27.709961, -49.647522, -98.210144 
18843045101934, -28.160095, -50.093079, -98.509216 
18843064968877, -28.158569, -50.244141, -98.359680 
18843084835821, -28.158569, -50.245667, -98.060608 
18843104702764, -28.158569, -50.245667, -98.060608 
18843124600225, -28.158569, -50.245667, -98.060608 
18843144467168, -28.158569, -50.245667, -98.208618 
18843164364629, -28.457642, -50.244141, -98.208618 
18843184262090, -28.457642, -50.244141, -98.208618 
18843204129034, -28.460693, -49.794006, -98.210144 
18843223995977, -28.463745, -49.192810, -98.213196 
18843243862920, -28.462219, -49.491882, -98.211670 
18843263729864, -28.462219, -49.491882, -98.211670 
18843283596807, -28.462219, -49.491882, -98.211670 
18843303463750, -28.462219, -49.491882, -98.211670 
18843323330694, -28.462219, -49.491882, -98.063660 
18843343197637, -28.462219, -49.491882, -98.063660 
18843363064581, -28.462219, -49.342346, -98.065186 
18843382931524, -28.462219, -49.491882, -98.063660 
18843402798467, -28.462219, -49.491882, -98.063660 
18843422695928, -28.161621, -49.494934, -97.764587 
18843442562872, -28.161621, -49.494934, -97.764587 
18843462429815, -28.161621, -49.345398, -97.766113 
18843482327276, -28.012085, -49.195862, -97.766113 
18843502194219, -28.012085, -49.044800, -97.766113 
18843522061163, -28.012085, -49.044800, -97.766113 
18843541928106, -28.012085, -49.195862, -97.766113 
18843561795049, -28.012085, -49.195862, -97.766113 
18843581661993, -28.163147, -49.195862, -97.766113 
18843601528936, -28.462219, -49.194336, -97.766113 
18843621395879, -28.462219, -49.194336, -97.766113 
18843641262823, -28.462219, -49.194336, -97.766113 
18843661129766, -28.462219, -49.043274, -97.766113 
18843680996709, -28.462219, -49.043274, -97.766113 
18843700863653, -28.462219, -49.043274, -97.766113 
18843720761114, -28.462219, -49.043274, -97.766113 
18843740628057, -28.462219, -49.043274, -97.766113 
18843760525518, -28.462219, -49.194336, -97.766113 
18843780392461, -28.161621, -49.345398, -97.766113 
18843800259405, -28.163147, -49.343872, -98.065186 
18843820126348, -28.012085, -49.343872, -98.065186 
18843839993292, -28.010559, -49.345398, -97.766113 
18843859860235, -28.010559, -49.345398, -97.766113 
18843879727178, -28.161621, -49.345398, -97.766113 
18843899594122, -28.161621, -49.345398, -97.766113 
18843919461065, -28.161621, -49.345398, -97.766113 
18843939328008, -28.161621, -49.345398, -97.766113 
18843959194952, -28.161621, -49.345398, -97.766113 
18843979061895, -28.163147, -49.343872, -98.065186 
18843998928838, -28.163147, -49.343872, -98.213196 
18844018795782, -28.163147, -49.343872, -98.213196 
18844038723760, -28.163147, -49.343872, -98.213196 
18844058590704, -28.163147, -49.343872, -98.213196 
18844078457647, -28.163147, -49.343872, -98.213196 
18844098324590, -28.163147, -49.343872, -98.213196 
18844118191534, -28.163147, -49.343872, -98.065186 
18844138058477, -28.163147, -49.343872, -98.065186 
18844157925420, -28.163147, -49.343872, -98.065186 
18844177792364, -28.163147, -49.343872, -98.065186 
18844197659307, -28.462219, -49.342346, -98.213196 
18844217526250, -28.614807, -49.340820, -98.214722 
18844237393194, -28.614807, -49.340820, -98.214722 
18844257260137, -28.614807, -49.340820, -98.214722 
18844277127081, -28.614807, -49.340820, -98.214722 
18844296994024, -28.614807, -49.340820, -98.214722 
18844316860967, -28.614807, -49.340820, -98.214722 
18844336758428, -28.614807, -49.340820, -98.214722 
18844356625372, -28.614807, -49.340820, -98.214722 
18844376492315, -28.614807, -49.340820, -98.066711 
18844396359258, -28.614807, -49.340820, -98.214722 
18844416226202, -28.614807, -49.340820, -98.214722 
18844436093145, -28.614807, -49.339294, -98.365784 
18844455960088, -28.614807, -49.339294, -98.365784 
18844475827032, -28.462219, -49.340820, -98.364258 
18844495724493, -28.462219, -49.340820, -98.364258 
18844515591436, -28.462219, -49.340820, -98.364258 
18844535458379, -28.462219, -49.340820, -98.364258 
18844555325323, -28.462219, -49.340820, -98.364258 
18844575192266, -28.462219, -49.340820, -98.364258 
18844595059209, -28.462219, -49.340820, -98.364258 
18844614956670, -28.163147, -49.342346, -98.364258 
18844634823614, -28.012085, -49.342346, -98.364258 
18844654690557, -28.012085, -49.491882, -98.362732 
18844674557500, -28.010559, -49.794006, -98.361206 
18844694424444, -28.007507, -50.244141, -98.359680 
18844714291387, -28.010559, -49.644470, -98.362732 
18844734188848, -28.010559, -49.644470, -98.362732 
18844754055792, -28.010559, -49.644470, -98.362732 
18844773953252, -28.010559, -49.645996, -98.063660 
18844793820196, -28.460693, -49.644470, -98.063660 
18844813687139, -28.460693, -49.644470, -98.063660 
18844833554083, -28.460693, -49.644470, -98.063660 
18844853421026, -28.460693, -49.644470, -98.063660 
18844873287969, -28.462219, -49.491882, -98.063660 
18844893093877, -28.462219, -49.491882, -98.063660 
18844912991338, -28.462219, -49.491882, -98.063660 
18844932858282, -28.462219, -49.491882, -98.063660 
18844952725225, -28.462219, -49.491882, -98.063660 
18844972622686, -28.462219, -49.491882, -98.063660 
18844992489629, -28.462219, -49.491882, -98.063660 
18845012356573, -28.462219, -49.491882, -98.063660 
18845032223516, -28.463745, -49.192810, -98.065186 
18845052120977, -28.463745, -49.041748, -98.065186 
18845071987920, -28.465271, -48.591614, -98.216248 
18845091854864, -28.465271, -48.591614, -98.216248 
18845111721807, -28.465271, -48.591614, -98.216248 
18845131588750, -28.465271, -48.591614, -98.216248 
18845151455694, -28.465271, -48.590088, -98.367310 
18845171322637, -28.465271, -48.590088, -98.367310 
18845191220098, -28.617859, -48.588562, -98.368835 
18845211087042, -28.616333, -49.189758, -98.365784 
18845230953985, -28.614807, -49.339294, -98.365784 
18845250820928, -28.614807, -49.339294, -98.365784 
18845270687872, -28.614807, -49.339294, -98.365784 
18845290585333, -28.614807, -49.339294, -98.365784 
18845310452276, -28.614807, -49.339294, -98.365784 
18845330319219, -28.614807, -49.339294, -98.365784 
18845350186163, -28.614807, -49.339294, -98.365784 
18845370022588, -28.614807, -49.339294, -98.365784 
18845389889532, -28.614807, -49.339294, -98.365784 
18845409756475, -28.614807, -49.340820, -98.214722 
18845429623418, -28.614807, -49.340820, -98.214722 
18845449490362, -28.614807, -49.340820, -98.214722 
18845469387823, -28.614807, -49.339294, -98.365784 
18845489254766, -28.462219, -49.340820, -98.364258 
18845509121709, -28.462219, -49.340820, -98.364258 
18845529019170, -28.462219, -49.340820, -98.364258 
18845548886114, -28.462219, -49.340820, -98.364258 
18845568753057, -28.462219, -49.340820, -98.364258 
18845588620000, -28.462219, -49.340820, -98.364258 
18845608486944, -28.462219, -49.340820, -98.364258 
18845628353887, -28.462219, -49.340820, -98.364258 
18845648220831, -28.462219, -49.342346, -98.213196 
18845668087774, -28.463745, -49.191284, -98.364258 
18845687954717, -28.463745, -49.191284, -98.364258 
18845707821661, -28.463745, -49.191284, -98.364258 
18845727688604, -28.463745, -49.191284, -98.364258 
18845747555547, -28.463745, -49.191284, -98.364258 
18845767453008, -28.463745, -49.191284, -98.364258 
18845787350469, -28.463745, -49.191284, -98.364258 
18845807217413, -28.463745, -49.191284, -98.364258 
18845827084356, -28.463745, -49.191284, -98.364258 
18845846951299, -28.463745, -49.191284, -98.364258 
18845866818243, -28.463745, -49.191284, -98.364258 
18845886685186, -28.463745, -49.191284, -98.364258 
18845906552129, -28.463745, -49.191284, -98.364258 
18845926419073, -28.463745, -49.191284, -98.364258 
18845946286016, -28.463745, -49.191284, -98.364258 
18845966152959, -28.463745, -49.191284, -98.364258 
18845986019903, -28.463745, -49.191284, -98.364258 
18846005856329, -28.463745, -49.191284, -98.364258 
18846025723272, -28.463745, -49.191284, -98.364258 
18846045620733, -28.463745, -49.192810, -98.213196 
18846065487676, -28.463745, -49.192810, -98.213196 
18846085354620, -28.463745, -49.192810, -98.213196 
18846105221563, -28.463745, -49.192810, -98.213196 
18846125088506, -28.462219, -49.342346, -98.213196 
18846144955450, -28.462219, -49.342346, -98.213196 
18846164852911, -28.460693, -49.792480, -98.361206 
18846184719854, -28.460693, -49.792480, -98.361206 
18846204586797, -28.460693, -49.792480, -98.509216 
18846224484258, -28.460693, -49.642944, -98.510742 
18846244351202, -28.462219, -49.490356, -98.510742 
18846264218145, -28.462219, -49.490356, -98.510742 
18846284085088, -28.462219, -49.490356, -98.510742 
18846303952032, -28.614807, -49.488831, -98.512268 
18846323818975, -28.614807, -49.339294, -98.513794 
18846343716436, -28.614807, -49.339294, -98.513794 
18846363583379, -28.616333, -49.038696, -98.513794 
18846383450323, -28.616333, -49.038696, -98.513794 
18846403317266, -28.463745, -49.040222, -98.512268 
18846423184209, -28.463745, -49.040222, -98.512268 
18846443051153, -28.463745, -49.040222, -98.512268 
18846462918096, -28.463745, -49.040222, -98.512268 
18846482785040, -28.463745, -49.191284, -98.512268 
18846502651983, -28.617859, -48.739624, -98.515320 
18846522518926, -28.614807, -49.488831, -98.512268 
18846542385870, -28.614807, -49.340820, -98.066711 
18846562252813, -29.518127, -49.337769, -98.068237 
18846582119756, -29.516602, -49.339294, -97.769165 
18846601986700, -29.516602, -49.339294, -97.769165 
18846621884161, -29.212952, -49.342346, -97.320557 
18846641751104, -29.212952, -49.342346, -97.320557 
18846661618047, -29.212952, -49.342346, -97.320557 
18846681484991, -29.212952, -49.342346, -97.320557 
18846701351934, -29.214478, -49.342346, -97.470093 
18846721218877, -29.214478, -49.342346, -97.470093 
18846741085821, -29.064941, -49.342346, -97.470093 
18846760983282, -29.064941, -49.342346, -97.470093 
18846780850225, -29.066467, -49.488831, -98.213196 
18846800717168, -29.066467, -49.485779, -98.661804 
18846820584112, -29.064941, -49.490356, -97.766113 
18846840451055, -29.066467, -49.487305, -98.512268 
18846860317999, -29.066467, -49.487305, -98.364258 
18846880184942, -29.066467, -49.487305, -98.364258 
18846900082403, -29.066467, -49.487305, -98.364258 
18846919949346, -28.764343, -49.488831, -98.364258 
18846939816290, -28.764343, -49.488831, -98.364258 
18846959683233, -28.764343, -49.488831, -98.364258 
18846979550176, -29.066467, -49.487305, -98.364258 
18846999417120, -29.066467, -49.337769, -98.365784 
18847019284063, -29.069519, -48.738098, -98.367310 
18847039151006, -28.765869, -49.038696, -98.365784 
18847059017950, -28.765869, -49.038696, -98.365784 
18847078884893, -28.765869, -49.038696, -98.365784 
18847098751836, -28.765869, -49.038696, -98.365784 
18847118618780, -28.765869, -49.038696, -98.365784 
18847138485723, -28.765869, -49.038696, -98.365784 
18847158352667, -28.765869, -49.189758, -98.365784 
18847178219610, -28.762817, -49.641418, -98.364258 
18847198117071, -28.762817, -49.790955, -98.362732 
18847217984014, -28.762817, -49.792480, -98.211670 
18847237850958, -28.762817, -49.792480, -98.211670 
18847257717901, -28.762817, -49.792480, -98.211670 
18847277584844, -28.762817, -49.792480, -98.211670 
18847297451788, -28.762817, -49.792480, -98.211670 
18847317318731, -28.764343, -49.490356, -98.213196 
18847337216192, -28.616333, -49.040222, -98.214722 
18847357083135, -29.067993, -49.189758, -98.214722 
18847376950079, -27.713013, -49.195862, -98.211670 
18847396817022, -28.164673, -49.194336, -98.213196 
18847416683965, -28.164673, -49.194336, -98.213196 
18847436550909, -28.164673, -49.194336, -98.213196 
18847456417852, -28.164673, -49.194336, -98.213196 
18847476315313, -28.164673, -49.194336, -98.213196 
18847496182256, -28.164673, -49.194336, -98.213196 
18847516049200, -28.163147, -49.342346, -98.364258 
18847535916143, -28.163147, -49.342346, -98.364258 
18847555783086, -28.163147, -49.491882, -98.362732 
18847575650030, -28.161621, -49.794006, -98.509216 
18847595516973, -28.161621, -49.794006, -98.509216 
18847615383917, -28.161621, -49.792480, -98.658752 
18847635250860, -28.161621, -49.792480, -98.658752 
18847655117803, -28.161621, -49.794006, -98.509216 
18847674984747, -28.161621, -49.794006, -98.509216 
18847694882208, -28.161621, -49.794006, -98.509216 
18847714749151, -28.161621, -49.794006, -98.509216 
18847734616094, -28.460693, -49.642944, -98.510742 
18847754483038, -28.462219, -49.490356, -98.510742 
18847774380499, -28.462219, -49.490356, -98.510742 
