# Created at Tue Jun 08 20:51:16 GMT+02:00 2021 in Copenhagen 
18632474244610, -29.212952, -50.086975, -98.660278 
18632494111553, -29.212952, -50.086975, -98.660278 
18632514009014, -29.515076, -50.085449, -98.661804 
18632533875958, -29.212952, -50.086975, -98.660278 
18632553773419, -29.063416, -50.086975, -98.660278 
18632573640362, -29.063416, -50.086975, -98.660278 
18632593537823, -29.063416, -50.086975, -98.660278 
18632613404766, -29.063416, -50.086975, -98.660278 
18632633271710, -29.064941, -50.086975, -98.809814 
18632653138653, -29.064941, -50.085449, -99.107361 
18632672975079, -29.066467, -50.082397, -100.003052 
18632692842022, -29.066467, -50.082397, -100.003052 
18632712708966, -29.066467, -50.083923, -99.555969 
18632732575909, -29.066467, -50.083923, -99.555969 
18632752442852, -29.066467, -50.083923, -99.703979 
18632772309796, -29.067993, -50.079346, -100.599670 
18632792176739, -28.167725, -49.484253, -100.302124 
18632812043682, -27.565002, -49.336243, -100.302124 
18632831910626, -28.167725, -49.334717, -100.303650 
18632851777569, -28.167725, -49.334717, -100.303650 
18632871675030, -28.167725, -49.334717, -100.154114 
18632891572491, -28.166199, -49.336243, -100.004578 
18632911439434, -28.166199, -49.189758, -99.258423 
18632931306378, -28.164673, -49.192810, -98.364258 
18632951173321, -28.614807, -49.192810, -97.767639 
18632971040264, -30.271912, -49.183655, -98.516846 
18632990937725, -29.820251, -49.185181, -98.515320 
18633010804669, -29.519653, -49.186707, -98.515320 
18633030671612, -29.519653, -49.186707, -98.515320 
18633050538555, -29.518127, -49.336243, -98.515320 
18633070405499, -29.518127, -49.336243, -98.515320 
18633090272442, -29.214478, -49.639893, -98.512268 
18633110139385, -28.613281, -49.790955, -98.510742 
18633130006329, -29.518127, -49.485779, -98.513794 
18633149842755, -28.462219, -49.490356, -98.510742 
18633169740216, -28.012085, -49.491882, -98.510742 
18633189607159, -28.462219, -49.490356, -98.510742 
18633209474102, -28.462219, -49.490356, -98.362732 
18633229341046, -28.462219, -49.490356, -98.362732 
18633249207989, -28.614807, -49.488831, -98.364258 
18633269074932, -28.614807, -49.488831, -98.364258 
18633288941876, -28.764343, -49.488831, -98.364258 
18633308839337, -28.764343, -49.490356, -98.213196 
18633328706280, -29.066467, -49.488831, -98.213196 
18633348573223, -29.667664, -49.485779, -98.214722 
18633368440167, -29.667664, -49.485779, -98.214722 
18633388337628, -29.667664, -49.484253, -98.365784 
18633408204571, -29.667664, -49.484253, -98.365784 
18633428071514, -29.667664, -49.484253, -98.365784 
18633447968975, -29.667664, -49.484253, -98.365784 
18633467835919, -29.667664, -49.484253, -98.365784 
18633487702862, -29.518127, -49.485779, -98.365784 
18633507569805, -29.667664, -49.484253, -98.365784 
18633527436749, -29.216003, -49.487305, -98.364258 
18633547303692, -29.216003, -49.487305, -98.364258 
18633567170635, -29.066467, -49.487305, -98.364258 
18633587037579, -28.764343, -49.488831, -98.364258 
18633606904522, -28.614807, -49.488831, -98.512268 
18633626771466, -28.462219, -49.490356, -98.510742 
18633646638409, -28.614807, -49.488831, -98.512268 
18633666505352, -28.614807, -49.488831, -98.512268 
18633686372296, -28.764343, -49.488831, -98.512268 
18633706239239, -28.764343, -49.488831, -98.512268 
18633726106182, -28.764343, -49.488831, -98.512268 
18633746003643, -28.764343, -49.339294, -98.513794 
18633765870587, -28.764343, -49.339294, -98.513794 
18633785737530, -28.764343, -49.488831, -98.512268 
18633805604473, -28.764343, -49.488831, -98.512268 
18633825471417, -28.764343, -49.488831, -98.512268 
18633845338360, -28.764343, -49.488831, -98.512268 
18633865205303, -28.762817, -49.641418, -98.364258 
18633885072247, -28.762817, -49.642944, -98.213196 
18633904939190, -28.762817, -49.642944, -98.213196 
18633924806134, -29.064941, -49.641418, -98.213196 
18633944673077, -29.064941, -49.641418, -98.213196 
18633964540020, -29.064941, -49.641418, -98.213196 
18633984437481, -29.214478, -49.641418, -98.213196 
18634004304425, -29.214478, -49.641418, -98.213196 
18634024201885, -29.064941, -49.641418, -98.213196 
18634044068829, -29.064941, -49.639893, -98.364258 
18634063935772, -29.064941, -49.639893, -98.364258 
18634083802716, -29.064941, -49.639893, -98.364258 
18634103669659, -29.064941, -49.641418, -98.213196 
18634123536602, -29.064941, -49.641418, -98.213196 
18634143403546, -29.064941, -49.641418, -98.213196 
18634163270489, -29.064941, -49.790955, -98.211670 
18634183137432, -29.064941, -49.790955, -98.211670 
18634203004376, -29.064941, -49.790955, -98.211670 
18634222871319, -29.064941, -49.641418, -98.213196 
18634242738262, -29.064941, -49.641418, -98.213196 
18634262605206, -29.064941, -49.641418, -98.213196 
18634282472149, -29.064941, -49.641418, -98.213196 
18634302369610, -29.064941, -49.641418, -98.213196 
18634322236553, -29.066467, -49.487305, -98.364258 
18634342103497, -29.066467, -49.487305, -98.512268 
18634361970440, -29.066467, -49.485779, -98.661804 
18634381837384, -29.066467, -49.487305, -98.512268 
18634401734844, -29.067993, -49.336243, -98.812866 
18634421601788, -29.067993, -49.336243, -98.812866 
18634441468731, -29.067993, -49.336243, -98.812866 
18634461335675, -29.067993, -49.336243, -98.812866 
18634481202618, -29.067993, -49.336243, -98.812866 
18634501069561, -29.066467, -49.487305, -98.512268 
18634520936505, -29.066467, -49.487305, -98.512268 
18634540803448, -29.066467, -49.337769, -98.513794 
18634560670391, -29.066467, -49.337769, -98.513794 
18634580537335, -29.066467, -49.488831, -98.065186 
18634600434796, -29.064941, -49.641418, -98.213196 
18634620301739, -29.064941, -49.641418, -98.213196 
18634640168682, -29.064941, -49.790955, -98.211670 
18634660035626, -29.064941, -49.790955, -98.211670 
18634679902569, -29.064941, -49.790955, -98.211670 
18634699769512, -29.064941, -49.790955, -98.211670 
18634719636456, -28.762817, -49.642944, -98.213196 
18634739503399, -29.064941, -49.641418, -98.213196 
18634759370343, -29.063416, -49.642944, -97.766113 
18634779237286, -29.066467, -49.339294, -98.066711 
18634799104229, -29.066467, -49.339294, -98.066711 
18634818971173, -29.066467, -49.488831, -98.065186 
18634838838116, -29.066467, -49.339294, -98.066711 
18634858705059, -29.069519, -48.739624, -98.068237 
18634878602520, -29.067993, -49.189758, -98.066711 
18634898499981, -29.067993, -49.037170, -98.365784 
18634918366925, -29.067993, -49.037170, -98.365784 
18634938233868, -29.067993, -49.035645, -98.663330 
18634958100811, -29.069519, -49.035645, -98.812866 
18634977967755, -29.069519, -49.034119, -99.110413 
18634997834698, -28.767395, -49.035645, -99.110413 
18635017701641, -28.765869, -49.037170, -98.663330 
18635037568585, -28.765869, -49.037170, -98.663330 
18635057435528, -28.765869, -49.037170, -98.663330 
18635077302471, -28.765869, -49.037170, -98.663330 
18635097169415, -28.765869, -49.037170, -98.663330 
18635117036358, -28.765869, -49.037170, -98.663330 
18635136903302, -28.765869, -49.038696, -98.513794 
18635156770245, -28.764343, -49.339294, -98.365784 
18635176667706, -28.765869, -49.191284, -98.214722 
18635196534649, -28.762817, -49.342346, -97.767639 
18635216401593, -28.762817, -49.342346, -97.767639 
18635236299053, -28.762817, -49.342346, -97.767639 
18635256165997, -28.764343, -49.340820, -98.066711 
18635276032940, -28.764343, -49.340820, -98.066711 
18635295899884, -28.764343, -49.340820, -98.066711 
18635315766827, -28.765869, -49.191284, -98.214722 
18635335633770, -28.765869, -49.191284, -98.214722 
18635355500714, -28.765869, -49.040222, -98.066711 
18635375367657, -28.767395, -48.741150, -98.068237 
18635395234600, -28.767395, -48.741150, -98.068237 
18635415101544, -28.767395, -48.741150, -98.216248 
18635434968487, -28.767395, -48.741150, -98.216248 
18635454865948, -28.767395, -48.741150, -98.216248 
18635474732891, -28.767395, -48.741150, -98.216248 
18635494599835, -28.767395, -48.741150, -98.068237 
18635514466778, -28.767395, -48.741150, -98.068237 
18635534333721, -28.765869, -49.191284, -98.066711 
18635554200665, -28.614807, -49.192810, -97.767639 
18635574067608, -28.614807, -49.192810, -97.767639 
18635593934552, -28.764343, -49.192810, -97.767639 
18635613832012, -29.214478, -49.340820, -97.618103 
18635633698956, -28.762817, -49.491882, -97.616577 
18635653535382, -28.762817, -49.491882, -97.616577 
18635673432843, -29.214478, -49.340820, -97.618103 
18635693299786, -29.214478, -49.340820, -97.618103 
18635713166729, -29.214478, -49.340820, -97.618103 
18635733064190, -29.214478, -49.340820, -97.618103 
18635752931134, -29.214478, -49.340820, -97.767639 
18635772798077, -29.216003, -49.337769, -98.365784 
18635792665020, -29.216003, -49.337769, -98.365784 
18635812531964, -29.216003, -49.337769, -98.365784 
18635832398907, -29.216003, -49.337769, -98.365784 
18635852265850, -29.216003, -49.337769, -98.365784 
18635872132794, -29.216003, -49.337769, -98.365784 
18635892030255, -29.216003, -49.337769, -98.365784 
18635911897198, -28.764343, -49.339294, -98.365784 
18635931764141, -28.764343, -49.339294, -98.365784 
18635951631085, -28.764343, -49.488831, -98.364258 
18635971498028, -28.764343, -49.339294, -98.365784 
18635991364971, -28.764343, -49.339294, -98.365784 
18636011231915, -28.764343, -49.488831, -98.364258 
18636031129376, -28.764343, -49.488831, -98.364258 
18636050996319, -28.764343, -49.488831, -98.364258 
18636070863262, -28.614807, -49.488831, -98.364258 
18636090730206, -28.614807, -49.488831, -98.364258 
18636110597149, -28.764343, -49.488831, -98.364258 
18636130464093, -28.764343, -49.488831, -98.364258 
18636150331036, -28.764343, -49.488831, -98.364258 
18636170228497, -28.764343, -49.488831, -98.364258 
18636190095440, -28.764343, -49.488831, -98.364258 
18636209962384, -28.764343, -49.488831, -98.364258 
18636229829327, -28.764343, -49.488831, -98.364258 
18636249696270, -28.764343, -49.488831, -98.364258 
18636269563214, -28.764343, -49.488831, -98.364258 
18636289430157, -28.764343, -49.488831, -98.364258 
18636309327618, -28.765869, -49.038696, -98.365784 
18636329194561, -28.765869, -49.038696, -98.365784 
18636349061505, -28.765869, -49.038696, -98.365784 
18636368928448, -29.067993, -49.188232, -98.365784 
18636388795391, -29.067993, -49.037170, -98.365784 
18636408662335, -29.067993, -49.037170, -98.365784 
18636428559796, -29.067993, -49.037170, -98.365784 
18636448426739, -29.067993, -49.037170, -98.365784 
18636468293682, -29.067993, -49.037170, -98.365784 
18636488130108, -28.765869, -49.189758, -98.365784 
18636507997052, -28.765869, -49.189758, -98.365784 
18636527863995, -28.764343, -49.339294, -98.365784 
18636547730938, -28.764343, -49.488831, -98.512268 
18636567597882, -28.764343, -49.339294, -98.513794 
18636587464825, -28.764343, -49.339294, -98.513794 
18636607362286, -28.764343, -49.339294, -98.513794 
18636627259747, -28.764343, -49.339294, -98.513794 
18636647157208, -28.765869, -49.189758, -98.513794 
18636667024151, -28.765869, -49.189758, -98.513794 
18636686891094, -28.765869, -49.189758, -98.513794 
18636706758038, -29.519653, -49.186707, -98.515320 
18636726624981, -29.217529, -49.188232, -98.513794 
18636746491925, -29.217529, -49.188232, -98.513794 
18636766358868, -29.519653, -49.186707, -98.515320 
18636786225811, -29.519653, -49.185181, -98.664856 
18636806092755, -29.519653, -49.185181, -98.664856 
18636825959698, -29.519653, -49.185181, -98.664856 
18636845826641, -29.519653, -49.185181, -98.664856 
18636865724102, -29.519653, -49.185181, -98.664856 
18636885621563, -29.519653, -49.185181, -98.664856 
18636905488507, -29.519653, -49.185181, -98.664856 
18636925355450, -29.519653, -49.186707, -98.515320 
18636945222393, -29.519653, -49.186707, -98.515320 
18636965089337, -29.217529, -49.188232, -98.513794 
18636984956280, -29.217529, -49.188232, -98.513794 
18637004823223, -29.217529, -49.188232, -98.513794 
18637024690167, -29.217529, -49.188232, -98.513794 
18637044557110, -29.217529, -49.188232, -98.365784 
18637064424053, -29.217529, -49.188232, -98.365784 
18637084321514, -29.217529, -49.188232, -98.365784 
18637104188458, -29.217529, -49.188232, -98.365784 
18637124055401, -29.217529, -49.188232, -98.365784 
18637143922344, -29.217529, -49.188232, -98.365784 
18637163819805, -29.217529, -49.189758, -98.214722 
18637183686749, -29.217529, -49.038696, -98.214722 
18637203553692, -29.216003, -49.337769, -98.365784 
18637223420635, -29.216003, -49.337769, -98.365784 
18637243287579, -29.216003, -49.337769, -98.365784 
18637263185040, -29.216003, -49.337769, -98.365784 
18637283051983, -29.216003, -49.337769, -98.365784 
18637302918927, -29.216003, -49.337769, -98.365784 
18637322785870, -29.216003, -49.337769, -98.365784 
18637342652813, -29.216003, -49.337769, -98.513794 
18637362519757, -29.216003, -49.337769, -98.513794 
18637382386700, -29.216003, -49.337769, -98.513794 
18637402253643, -29.216003, -49.337769, -98.513794 
18637422151104, -29.067993, -49.188232, -98.513794 
18637441987530, -29.067993, -49.188232, -98.513794 
18637461884991, -29.067993, -49.188232, -98.513794 
18637481751934, -29.067993, -49.188232, -98.513794 
18637501618878, -29.067993, -49.188232, -98.513794 
18637521485821, -29.066467, -49.336243, -98.663330 
18637541352764, -29.066467, -49.487305, -98.364258 
18637561219708, -29.066467, -49.487305, -98.364258 
18637581086651, -29.067993, -49.188232, -98.365784 
18637600984112, -29.064941, -49.639893, -98.364258 
18637620851055, -29.066467, -49.337769, -98.365784 
18637640748516, -29.066467, -49.487305, -98.364258 
18637660615460, -29.066467, -49.487305, -98.364258 
18637680482403, -28.764343, -49.488831, -98.364258 
18637700349346, -28.764343, -49.488831, -98.364258 
18637720216290, -28.764343, -49.488831, -98.512268 
18637740113751, -28.764343, -49.487305, -98.661804 
18637759980694, -28.764343, -49.487305, -98.661804 
18637779847637, -28.764343, -49.488831, -98.512268 
18637799714581, -28.764343, -49.339294, -98.513794 
18637819581524, -28.762817, -49.790955, -98.510742 
18637839478985, -28.762817, -49.790955, -98.510742 
18637859345928, -28.762817, -49.790955, -98.510742 
18637879212872, -28.762817, -49.790955, -98.510742 
18637899079815, -28.762817, -49.790955, -98.510742 
18637918946759, -28.761292, -50.090027, -98.510742 
18637938813702, -28.761292, -50.090027, -98.510742 
18637958680645, -28.762817, -49.790955, -98.510742 
18637978547589, -29.064941, -49.639893, -98.512268 
18637998414532, -29.214478, -49.639893, -98.512268 
18638018281475, -29.214478, -49.639893, -98.512268 
18638038178936, -29.516602, -49.638367, -98.513794 
18638058076397, -29.516602, -49.638367, -98.513794 
18638077943341, -29.516602, -49.638367, -98.513794 
18638097810284, -29.516602, -49.787903, -98.512268 
18638117677227, -29.516602, -49.787903, -98.512268 
18638137544171, -29.516602, -49.638367, -98.513794 
18638157411114, -29.516602, -49.638367, -98.513794 
18638177278057, -29.518127, -49.336243, -98.367310 
18638197145001, -29.519653, -49.186707, -98.367310 
18638217011944, -29.519653, -49.186707, -98.367310 
18638236909405, -29.519653, -49.186707, -98.367310 
18638256776348, -29.518127, -49.189758, -97.769165 
18638276643292, -29.066467, -49.191284, -97.767639 
18638296510235, -29.667664, -49.188232, -97.769165 
18638316438214, -29.216003, -49.191284, -97.767639 
18638336305157, -28.764343, -49.192810, -97.767639 
18638356172100, -28.462219, -49.194336, -97.766113 
18638376039044, -28.764343, -49.192810, -97.767639 
18638395844952, -28.764343, -49.192810, -97.767639 
18638415711895, -28.764343, -49.192810, -97.767639 
18638435578839, -28.764343, -49.192810, -97.767639 
18638455445782, -28.764343, -49.192810, -97.767639 
18638475312725, -28.764343, -49.192810, -97.767639 
18638495210186, -28.762817, -49.342346, -97.767639 
18638515077130, -28.762817, -49.342346, -97.767639 
18638534944073, -29.064941, -49.340820, -97.767639 
18638554841534, -28.764343, -49.340820, -98.066711 
18638574708477, -28.764343, -49.340820, -98.066711 
18638594605938, -28.764343, -49.340820, -98.066711 
18638614472882, -28.764343, -49.340820, -98.066711 
18638634339825, -28.765869, -49.191284, -98.214722 
18638654206768, -28.765869, -49.191284, -98.214722 
18638674073712, -28.765869, -49.189758, -98.365784 
18638693940655, -28.765869, -49.189758, -98.365784 
18638713807598, -28.765869, -49.189758, -98.365784 
18638733705059, -28.765869, -49.189758, -98.365784 
18638753572003, -28.764343, -49.339294, -98.365784 
18638773438946, -28.764343, -49.340820, -98.214722 
18638793305889, -28.764343, -49.340820, -98.214722 
18638813172833, -29.066467, -49.339294, -98.214722 
18638833039776, -29.216003, -49.488831, -98.065186 
18638852906719, -29.214478, -49.641418, -98.065186 
18638872773663, -29.214478, -49.641418, -98.065186 
18638892671124, -29.214478, -49.641418, -98.065186 
18638912538067, -29.214478, -49.641418, -98.065186 
18638932405010, -29.214478, -49.641418, -98.065186 
18638952302471, -29.064941, -49.641418, -98.065186 
18638972169415, -29.063416, -49.642944, -97.766113 
18638992036358, -29.063416, -49.642944, -97.766113 
18639011903302, -29.063416, -49.642944, -97.766113 
18639031770245, -29.063416, -49.642944, -97.766113 
18639051637188, -29.063416, -49.792480, -97.764587 
18639071504132, -29.063416, -49.792480, -97.764587 
18639091371075, -28.611755, -49.794006, -97.764587 
18639111238018, -28.611755, -49.794006, -97.764587 
18639131104962, -28.611755, -49.794006, -97.764587 
18639150971905, -28.611755, -49.644470, -97.766113 
18639170899884, -28.459167, -49.645996, -97.764587 
18639190766827, -28.460693, -49.493408, -97.764587 
18639210633770, -28.460693, -49.493408, -97.764587 
18639230500714, -28.459167, -49.645996, -97.764587 
18639250367657, -28.462219, -49.194336, -97.766113 
18639270234600, -28.462219, -49.194336, -97.766113 
18639290101544, -28.463745, -49.192810, -98.065186 
18639309968487, -28.463745, -49.192810, -98.065186 
18639329835430, -28.463745, -49.192810, -98.065186 
18639349702374, -28.463745, -49.192810, -98.213196 
18639369569317, -28.463745, -49.192810, -98.213196 
18639389436260, -28.463745, -49.192810, -98.213196 
18639409333721, -28.463745, -49.192810, -98.213196 
18639429200665, -28.463745, -49.192810, -98.213196 
18639449067608, -28.463745, -49.192810, -98.213196 
18639468965069, -28.463745, -49.192810, -98.213196 
18639488832012, -28.463745, -49.192810, -98.213196 
