# Created at Tue Jun 01 16:06:29 GMT+02:00 2021 in Burnaby Canada 
2591649907387 -0.007237 -0.000162 0.707039 0.707137 
2591669713295 -0.007244 -0.000185 0.707039 0.707137 
2591689549721 -0.007258 -0.000178 0.707039 0.707137 
2591709386147 -0.007264 -0.000195 0.707039 0.707137 
2591729192055 -0.007274 -0.000190 0.707039 0.707137 
2591749028481 -0.007274 -0.000174 0.707039 0.707137 
2591768834389 -0.007275 -0.000167 0.707039 0.707137 
2591788670815 -0.007289 -0.000171 0.707039 0.707137 
2591808476723 -0.007276 -0.000183 0.707039 0.707137 
2591828282631 -0.007303 -0.000184 0.707039 0.707137 
2591848119057 -0.007305 -0.000221 0.707039 0.707137 
2591867924965 -0.007298 -0.000238 0.707039 0.707137 
2591887730873 -0.007290 -0.000259 0.707039 0.707137 
2591907567299 -0.007318 -0.000280 0.707038 0.707137 
2591927373207 -0.007335 -0.000302 0.707038 0.707137 
2591947209633 -0.007360 -0.000299 0.707038 0.707137 
2591967015541 -0.007365 -0.000288 0.707038 0.707137 
2591986851967 -0.007380 -0.000288 0.707038 0.707137 
2592006688393 -0.007393 -0.000336 0.707038 0.707137 
2592026494301 -0.007400 -0.000327 0.707038 0.707137 
2592046300209 -0.007409 -0.000326 0.707038 0.707137 
2592066136635 -0.007430 -0.000302 0.707038 0.707137 
2592085942543 -0.007441 -0.000321 0.707038 0.707137 
2592105778969 -0.007457 -0.000318 0.707037 0.707137 
2592125584877 -0.007462 -0.000303 0.707038 0.707137 
2592145390785 -0.007475 -0.000303 0.707037 0.707137 
2592165227211 -0.007476 -0.000308 0.707037 0.707137 
2592185033119 -0.007483 -0.000303 0.707037 0.707137 
2592204839028 -0.007481 -0.000294 0.707038 0.707136 
2592224675453 -0.007471 -0.000288 0.707038 0.707137 
2592244481362 -0.007473 -0.000305 0.707038 0.707137 
2592264287270 -0.007474 -0.000305 0.707038 0.707137 
2592284123696 -0.007484 -0.000296 0.707037 0.707136 
2592303960121 -0.007482 -0.000305 0.707037 0.707137 
2592323796547 -0.007463 -0.000307 0.707038 0.707137 
2592343602455 -0.007471 -0.000290 0.707038 0.707137 
2592363408364 -0.007453 -0.000276 0.707038 0.707137 
2592383244789 -0.007462 -0.000259 0.707038 0.707136 
2592403050698 -0.007455 -0.000263 0.707038 0.707136 
2592422887123 -0.007443 -0.000267 0.707038 0.707137 
2592442693032 -0.007429 -0.000256 0.707038 0.707137 
2592462498940 -0.007407 -0.000266 0.707038 0.707137 
2592482335366 -0.007397 -0.000264 0.707038 0.707137 
2592502141274 -0.007396 -0.000259 0.707038 0.707137 
2592521947182 -0.007393 -0.000257 0.707038 0.707137 
2592541783608 -0.007403 -0.000241 0.707038 0.707137 
2592561620033 -0.007376 -0.000212 0.707038 0.707137 
2592581456459 -0.007358 -0.000210 0.707039 0.707137 
2592601262367 -0.007342 -0.000213 0.707039 0.707137 
2592621068276 -0.007329 -0.000207 0.707039 0.707137 
2592640904701 -0.007324 -0.000204 0.707039 0.707137 
2592660710610 -0.007311 -0.000193 0.707039 0.707137 
2592680516518 -0.007340 -0.000199 0.707039 0.707137 
2592700352944 -0.007403 -0.000243 0.707038 0.707137 
2592720158852 -0.007196 -0.000295 0.707039 0.707138 
2592739995278 -0.007420 -0.000247 0.707038 0.707137 
2592759801186 -0.007361 -0.000257 0.707038 0.707137 
2592779607094 -0.007131 -0.000294 0.707039 0.707138 
2592799443520 -0.007208 -0.000277 0.707039 0.707138 
2592819249428 -0.007405 -0.000263 0.707038 0.707137 
2592839055336 -0.007231 -0.000281 0.707039 0.707138 
2592858891762 -0.007116 -0.000298 0.707039 0.707138 
2592878728188 -0.007352 -0.000258 0.707038 0.707137 
2592898564614 -0.007317 -0.000294 0.707038 0.707137 
2592918370522 -0.007090 -0.000293 0.707039 0.707139 
2592938176430 -0.007270 -0.000251 0.707039 0.707137 
2592958012856 -0.007359 -0.000275 0.707038 0.707137 
2592977818764 -0.007121 -0.000295 0.707039 0.707138 
2592997624672 -0.007262 -0.000255 0.707039 0.707137 
2593017461098 -0.007365 -0.000259 0.707038 0.707137 
2593037267006 -0.007128 -0.000280 0.707039 0.707138 
2593057103432 -0.007265 -0.000260 0.707039 0.707138 
2593076909340 -0.007374 -0.000248 0.707038 0.707137 
2593096715248 -0.007336 -0.000252 0.707038 0.707137 
2593116551674 -0.007498 -0.000225 0.707038 0.707136 
2593136388100 -0.007499 -0.000221 0.707038 0.707136 
2593156194008 -0.007451 -0.000232 0.707038 0.707136 
2593176030434 -0.007488 -0.000232 0.707038 0.707136 
2593195836342 -0.007498 -0.000225 0.707038 0.707136 
2593215672768 -0.007437 -0.000237 0.707038 0.707136 
2593235478676 -0.007470 -0.000227 0.707038 0.707136 
2593255284584 -0.007453 -0.000223 0.707038 0.707136 
2593275121010 -0.007422 -0.000226 0.707038 0.707136 
2593294926918 -0.007453 -0.000224 0.707038 0.707136 
2593314732826 -0.007435 -0.000226 0.707038 0.707136 
2593334569252 -0.007415 -0.000229 0.707038 0.707137 
2593354375160 -0.007394 -0.000215 0.707038 0.707137 
2593374181069 -0.007418 -0.000205 0.707038 0.707136 
2593394017494 -0.007397 -0.000217 0.707038 0.707137 
2593413853920 -0.007424 -0.000220 0.707038 0.707136 
2593433690346 -0.007387 -0.000222 0.707038 0.707137 
2593453496254 -0.007351 -0.000224 0.707038 0.707137 
2593473302162 -0.007373 -0.000210 0.707038 0.707137 
2593493138588 -0.007332 -0.000198 0.707039 0.707137 
2593512944496 -0.007355 -0.000189 0.707039 0.707137 
2593532780922 -0.007361 -0.000174 0.707039 0.707137 
2593552586830 -0.007306 -0.000179 0.707039 0.707137 
2593572392739 -0.007341 -0.000186 0.707039 0.707137 
2593592229164 -0.007334 -0.000189 0.707039 0.707137 
2593612035073 -0.007305 -0.000192 0.707039 0.707137 
2593631871498 -0.007335 -0.000191 0.707039 0.707137 
2593651677407 -0.007316 -0.000194 0.707039 0.707137 
2593671483315 -0.007256 -0.000203 0.707039 0.707137 
2593691319741 -0.007285 -0.000185 0.707039 0.707137 
2593711156166 -0.007241 -0.000181 0.707039 0.707137 
2593730962075 -0.007257 -0.000164 0.707039 0.707137 
2593750798500 -0.007422 -0.000152 0.707039 0.707136 
2593770604408 -0.007372 -0.000166 0.707039 0.707136 
2593790440834 -0.007389 -0.000165 0.707039 0.707136 
2593810246742 -0.007442 -0.000172 0.707038 0.707136 
2593830052651 -0.007414 -0.000185 0.707038 0.707136 
2593849889076 -0.007460 -0.000164 0.707038 0.707136 
2593869694985 -0.007365 -0.000166 0.707039 0.707137 
2593889500893 -0.007230 -0.000167 0.707039 0.707137 
2593909337319 -0.007252 -0.000159 0.707039 0.707137 
2593929143227 -0.007223 -0.000161 0.707039 0.707137 
2593948979653 -0.007213 -0.000160 0.707039 0.707137 
2593968785561 -0.007247 -0.000153 0.707039 0.707137 
2593988621987 -0.007210 -0.000156 0.707040 0.707137 
2594008458412 -0.007278 -0.000160 0.707039 0.707137 
2594028264321 -0.007281 -0.000154 0.707039 0.707137 
2594048070229 -0.007225 -0.000157 0.707039 0.707137 
2594067906655 -0.007245 -0.000142 0.707039 0.707137 
2594087712563 -0.007259 -0.000137 0.707039 0.707137 
2594107548989 -0.007226 -0.000139 0.707039 0.707137 
2594127354897 -0.007267 -0.000113 0.707039 0.707137 
2594147160805 -0.007245 -0.000100 0.707040 0.707137 
2594166997231 -0.007161 -0.000092 0.707040 0.707137 
2594186803139 -0.007182 -0.000068 0.707040 0.707137 
2594206609047 -0.007148 -0.000056 0.707040 0.707137 
2594226445473 -0.007190 -0.000038 0.707040 0.707137 
2594246251381 -0.007212 -0.000039 0.707040 0.707137 
2594266087807 -0.007173 -0.000043 0.707040 0.707137 
2594285924233 -0.007184 -0.000034 0.707040 0.707137 
2594305730141 -0.007246 -0.000043 0.707040 0.707137 
2594325566567 -0.007212 -0.000047 0.707040 0.707137 
2594345372475 -0.007248 -0.000039 0.707040 0.707136 
2594365178383 -0.007168 -0.000053 0.707040 0.707137 
2594385014809 -0.007061 -0.000079 0.707041 0.707138 
2594404820717 -0.007111 -0.000062 0.707041 0.707137 
2594424657143 -0.007082 -0.000047 0.707041 0.707137 
2594444463051 -0.007080 -0.000063 0.707041 0.707137 
2594464268959 -0.007117 -0.000059 0.707040 0.707137 
2594484105385 -0.007089 -0.000055 0.707041 0.707137 
2594503911293 -0.007181 -0.000049 0.707040 0.707137 
2594523717201 -0.007299 -0.000026 0.707040 0.707136 
2594543553627 -0.007269 -0.000022 0.707040 0.707136 
2594563390053 -0.007290 -0.000023 0.707040 0.707136 
2594583226479 -0.007297 -0.000021 0.707040 0.707136 
2594603032387 -0.007274 -0.000033 0.707040 0.707136 
2594622838295 -0.007313 -0.000025 0.707040 0.707136 
2594642674721 -0.007286 -0.000036 0.707040 0.707136 
2594662480629 -0.007258 -0.000066 0.707040 0.707137 
2594682286537 -0.007288 -0.000050 0.707040 0.707136 
2594702122963 -0.007249 -0.000045 0.707040 0.707137 
2594721928871 -0.007247 -0.000055 0.707040 0.707137 
2594741765297 -0.007269 -0.000059 0.707040 0.707136 
2594761571205 -0.007237 -0.000055 0.707040 0.707137 
2594781377114 -0.007266 -0.000071 0.707040 0.707137 
2594801213539 -0.007369 -0.000099 0.707039 0.707136 
2594821019448 -0.007338 -0.000125 0.707039 0.707136 
2594840855873 -0.007373 -0.000133 0.707039 0.707136 
2594860692299 -0.007341 -0.000134 0.707039 0.707136 
2594880498207 -0.007322 -0.000147 0.707039 0.707137 
2594900334633 -0.007353 -0.000147 0.707039 0.707136 
2594920140541 -0.007334 -0.000159 0.707039 0.707137 
2594939946450 -0.007299 -0.000149 0.707039 0.707137 
2594959782875 -0.007328 -0.000135 0.707039 0.707137 
2594979588783 -0.007299 -0.000130 0.707039 0.707137 
2594999425209 -0.007321 -0.000129 0.707039 0.707137 
2595019231117 -0.007346 -0.000123 0.707039 0.707136 
2595039037026 -0.007314 -0.000135 0.707039 0.707137 
2595058873451 -0.007342 -0.000108 0.707039 0.707136 
2595078679360 -0.007356 -0.000112 0.707039 0.707136 
2595098485268 -0.007323 -0.000114 0.707039 0.707136 
2595118321694 -0.007352 -0.000098 0.707039 0.707136 
2595138158119 -0.007325 -0.000093 0.707039 0.707136 
2595157964028 -0.007298 -0.000103 0.707039 0.707137 
2595177800453 -0.007339 -0.000096 0.707039 0.707136 
2595197606362 -0.007308 -0.000098 0.707039 0.707136 
2595217442787 -0.007295 -0.000110 0.707039 0.707137 
2595237248696 -0.007304 -0.000094 0.707039 0.707136 
2595257054604 -0.007266 -0.000096 0.707040 0.707137 
2595276891030 -0.007278 -0.000112 0.707039 0.707137 
2595296696938 -0.007277 -0.000105 0.707039 0.707137 
2595316533364 -0.007241 -0.000123 0.707040 0.707137 
2595336339272 -0.007278 -0.000114 0.707039 0.707137 
2595356145180 -0.007211 -0.000140 0.707040 0.707137 
2595375981606 -0.007190 -0.000159 0.707040 0.707137 
2595395787514 -0.007223 -0.000159 0.707039 0.707137 
2595415623940 -0.007200 -0.000172 0.707039 0.707137 
2595435460366 -0.007211 -0.000196 0.707039 0.707137 
2595455266274 -0.007235 -0.000180 0.707039 0.707137 
2595475102700 -0.007205 -0.000173 0.707039 0.707137 
2595494908608 -0.007227 -0.000164 0.707039 0.707137 
2595514714516 -0.007234 -0.000169 0.707039 0.707137 
2595534550942 -0.007191 -0.000177 0.707040 0.707137 
2595554356850 -0.007221 -0.000177 0.707039 0.707137 
2595574193276 -0.007213 -0.000173 0.707039 0.707137 
2595593999184 -0.007194 -0.000175 0.707040 0.707137 
2595613805092 -0.007226 -0.000174 0.707039 0.707137 
2595633641518 -0.007191 -0.000178 0.707040 0.707137 
2595653447426 -0.007232 -0.000156 0.707039 0.707137 
2595673253334 -0.007260 -0.000150 0.707039 0.707137 
2595693089760 -0.007219 -0.000152 0.707039 0.707137 
2595712926186 -0.007243 -0.000142 0.707039 0.707137 
2595732762612 -0.007256 -0.000137 0.707039 0.707137 
2595752568520 -0.007229 -0.000148 0.707039 0.707137 
2595772374428 -0.007255 -0.000147 0.707039 0.707137 
2595792210854 -0.007192 -0.000158 0.707040 0.707137 
2595812016762 -0.007177 -0.000151 0.707040 0.707137 
2595831822670 -0.007209 -0.000137 0.707040 0.707137 
2595851659096 -0.007177 -0.000123 0.707040 0.707137 
2595871465004 -0.007151 -0.000118 0.707040 0.707137 
2595891301430 -0.007188 -0.000112 0.707040 0.707137 
2595911107338 -0.007159 -0.000116 0.707040 0.707137 
2595930913246 -0.007110 -0.000127 0.707040 0.707138 
2595950749672 -0.007140 -0.000128 0.707040 0.707138 
2595970555580 -0.007108 -0.000133 0.707040 0.707138 
2595990392006 -0.007105 -0.000137 0.707040 0.707138 
2596010228432 -0.007278 -0.000133 0.707039 0.707137 
2596030034340 -0.007240 -0.000136 0.707039 0.707137 
2596049870766 -0.007254 -0.000136 0.707039 0.707137 
2596069676674 -0.007342 -0.000142 0.707039 0.707137 
2596089482582 -0.007307 -0.000144 0.707039 0.707137 
2596109319008 -0.007342 -0.000136 0.707039 0.707136 
2596129124916 -0.007339 -0.000133 0.707039 0.707136 
2596148930825 -0.007213 -0.000127 0.707040 0.707137 
2596168767250 -0.007246 -0.000110 0.707040 0.707137 
2596188573158 -0.007209 -0.000123 0.707040 0.707137 
2596208379067 -0.007168 -0.000148 0.707040 0.707137 
2596228215492 -0.007188 -0.000141 0.707040 0.707137 
2596248021401 -0.007151 -0.000144 0.707040 0.707138 
2596267857826 -0.007230 -0.000138 0.707040 0.707137 
2596287694252 -0.007372 -0.000138 0.707039 0.707136 
2596307530678 -0.007334 -0.000141 0.707039 0.707137 
2596327336586 -0.007365 -0.000133 0.707039 0.707136 
2596347142494 -0.007368 -0.000144 0.707039 0.707136 
2596366978920 -0.007342 -0.000163 0.707039 0.707137 
2596386784828 -0.007374 -0.000146 0.707039 0.707136 
2596406590737 -0.007338 -0.000142 0.707039 0.707137 
2596426427162 -0.007320 -0.000156 0.707039 0.707137 
2596446233071 -0.007346 -0.000140 0.707039 0.707136 
2596466069496 -0.007300 -0.000152 0.707039 0.707137 
2596485875405 -0.007422 -0.000162 0.707038 0.707136 
2596505681313 -0.007476 -0.000190 0.707038 0.707136 
2596525517739 -0.007455 -0.000176 0.707038 0.707136 
2596545323647 -0.007491 -0.000153 0.707038 0.707136 
2596565160073 -0.007421 -0.000172 0.707038 0.707136 
2596584996498 -0.007401 -0.000175 0.707038 0.707136 
2596604802407 -0.007441 -0.000168 0.707038 0.707136 
2596624638832 -0.007289 -0.000198 0.707039 0.707137 
2596644444741 -0.007295 -0.000197 0.707039 0.707137 
2596664250649 -0.007328 -0.000192 0.707039 0.707137 
2596684087075 -0.007299 -0.000204 0.707039 0.707137 
2596703892983 -0.007428 -0.000181 0.707038 0.707136 
2596723698891 -0.007502 -0.000204 0.707038 0.707136 
2596743535317 -0.007483 -0.000188 0.707038 0.707136 
2596763341225 -0.007502 -0.000181 0.707038 0.707136 
2596783177651 -0.007392 -0.000183 0.707038 0.707136 
2596802983559 -0.007293 -0.000203 0.707039 0.707137 
2596822789467 -0.007334 -0.000197 0.707039 0.707137 
2596842625893 -0.007304 -0.000199 0.707039 0.707137 
2596862462319 -0.007293 -0.000217 0.707039 0.707137 
2596882268227 -0.007322 -0.000203 0.707039 0.707137 
2596902104653 -0.007293 -0.000200 0.707039 0.707137 
2596921910561 -0.007400 -0.000211 0.707038 0.707137 
2596941746987 -0.007411 -0.000197 0.707038 0.707136 
2596961552895 -0.007366 -0.000207 0.707039 0.707137 
2596981358803 -0.007406 -0.000200 0.707038 0.707136 
2597001195229 -0.007340 -0.000212 0.707039 0.707137 
2597021001137 -0.007320 -0.000216 0.707039 0.707137 
2597040837563 -0.007354 -0.000218 0.707038 0.707137 
2597060643471 -0.007363 -0.000213 0.707039 0.707137 
2597080449379 -0.007352 -0.000213 0.707038 0.707137 
2597100285805 -0.007375 -0.000208 0.707038 0.707137 
2597120091713 -0.007372 -0.000193 0.707039 0.707137 
2597139928139 -0.007425 -0.000169 0.707038 0.707136 
2597159764565 -0.007388 -0.000181 0.707039 0.707136 
2597179570473 -0.007392 -0.000193 0.707038 0.707136 
2597199376381 -0.007464 -0.000166 0.707038 0.707136 
2597219212807 -0.007470 -0.000162 0.707038 0.707136 
2597239018715 -0.007528 -0.000147 0.707038 0.707135 
2597258855141 -0.007595 -0.000119 0.707038 0.707135 
2597278661049 -0.007608 -0.000104 0.707038 0.707135 
2597298466957 -0.007695 -0.000079 0.707038 0.707134 
2597318303383 -0.007705 -0.000075 0.707038 0.707134 
2597338109291 -0.007692 -0.000087 0.707037 0.707134 
2597357945717 -0.007723 -0.000073 0.707037 0.707134 
2597377751625 -0.007682 -0.000085 0.707038 0.707134 
2597397557533 -0.007685 -0.000081 0.707038 0.707134 
2597417393959 -0.007719 -0.000059 0.707037 0.707134 
2597437230385 -0.007667 -0.000070 0.707038 0.707134 
2597457036293 -0.007727 -0.000065 0.707037 0.707134 
2597476872719 -0.007719 -0.000065 0.707037 0.707134 
2597496678627 -0.007686 -0.000059 0.707038 0.707134 
2597516515053 -0.007713 -0.000046 0.707038 0.707134 
2597536320961 -0.007664 -0.000026 0.707038 0.707134 
2597556126869 -0.007661 -0.000025 0.707038 0.707134 
2597575963295 -0.007716 0.000007 0.707038 0.707134 
2597595769203 -0.007631 -0.000008 0.707038 0.707134 
2597615575112 -0.007668 -0.000021 0.707038 0.707134 
2597635411537 -0.007665 -0.000013 0.707038 0.707134 
2597655217446 -0.007643 -0.000029 0.707038 0.707134 
2597675053871 -0.007668 -0.000001 0.707038 0.707134 
2597694859780 -0.007677 -0.000003 0.707038 0.707134 
2597714696205 -0.007679 -0.000013 0.707038 0.707134 
2597734532631 -0.007682 -0.000023 0.707038 0.707134 
2597754338539 -0.007604 0.000021 0.707038 0.707134 
2597774144448 -0.007561 0.000140 0.707000 0.707173 
2597793980873 -0.007514 0.000169 0.707001 0.707173 
2597813786782 -0.007522 0.000151 0.707001 0.707173 
2597833623207 -0.007529 0.000107 0.707000 0.707173 
2597853429116 -0.007569 0.000019 0.707000 0.707173 
2597873235024 -0.007591 -0.000049 0.706999 0.707174 
2597893071450 -0.007585 -0.000077 0.706999 0.707174 
2597912877358 -0.007576 -0.000084 0.706999 0.707174 
2597932713783 -0.007556 -0.000080 0.706999 0.707174 
2597952519692 -0.007551 -0.000084 0.706999 0.707174 
2597972325600 -0.007555 -0.000079 0.706999 0.707174 
2597992162026 -0.007558 -0.000098 0.706999 0.707174 
2598011998451 -0.007551 -0.000110 0.706999 0.707174 
2598031804360 -0.007541 -0.000119 0.706999 0.707174 
2598051640785 -0.007529 -0.000130 0.706999 0.707174 
2598071446694 -0.007519 -0.000138 0.706999 0.707174 
2598091283119 -0.007519 -0.000154 0.706999 0.707174 
2598111089028 -0.007515 -0.000151 0.706999 0.707174 
