# Created at Tue Jun 01 16:06:29 GMT+02:00 2021 in Burnaby Canada 
2591649907387 -0.003113 0.004211 0.011902 
2591669713295 -0.001892 0.004211 0.013123 
2591689549721 -0.000656 0.006653 0.011902 
2591709386147 -0.001892 0.005432 0.013123 
2591729192055 -0.000656 0.006653 0.013123 
2591749028481 0.000549 0.006653 0.011902 
2591768834389 -0.000656 0.007889 0.011902 
2591788670815 -0.000656 0.005432 0.013123 
2591808476723 -0.000656 0.005432 0.011902 
2591828282631 -0.001892 0.007889 0.011902 
2591848119057 -0.003113 0.004211 0.011902 
2591867924965 -0.000656 0.004211 0.010681 
2591887730873 -0.001892 0.004211 0.010681 
2591907567299 -0.003113 0.005432 0.011902 
2591927373207 -0.004333 0.005432 0.010681 
2591947209633 -0.001892 0.007889 0.011902 
2591967015541 -0.000656 0.007889 0.010681 
2591986851967 -0.003113 0.006653 0.010681 
2592006688393 -0.004333 0.005432 0.010681 
2592026494301 -0.000656 0.006653 0.010681 
2592046300209 -0.000656 0.006653 0.010681 
2592066136635 -0.001892 0.007889 0.010681 
2592085942543 -0.003113 0.005432 0.011902 
2592105778969 -0.001892 0.006653 0.011902 
2592125584877 -0.000656 0.007889 0.010681 
2592145390785 -0.001892 0.006653 0.010681 
2592165227211 -0.001892 0.006653 0.010681 
2592185033119 -0.000656 0.006653 0.010681 
2592204839028 -0.000656 0.006653 0.010681 
2592224675453 -0.000656 0.005432 0.010681 
2592244481362 -0.001892 0.005432 0.010681 
2592264287270 -0.000656 0.006653 0.011902 
2592284123696 -0.001892 0.006653 0.011902 
2592303960121 -0.001892 0.006653 0.011902 
2592323796547 -0.000656 0.005432 0.011902 
2592343602455 -0.000656 0.006653 0.011902 
2592363408364 0.000549 0.006653 0.013123 
2592383244789 -0.000656 0.005432 0.013123 
2592403050698 -0.000656 0.005432 0.013123 
2592422887123 -0.000656 0.006653 0.013123 
2592442693032 0.000549 0.005432 0.011902 
2592462498940 -0.000656 0.005432 0.011902 
2592482335366 -0.000656 0.005432 0.011902 
2592502141274 -0.000656 0.005432 0.013123 
2592521947182 0.000549 0.005432 0.013123 
2592541783608 -0.000656 0.006653 0.013123 
2592561620033 0.001785 0.006653 0.011902 
2592581456459 0.000549 0.006653 0.011902 
2592601262367 0.000549 0.005432 0.011902 
2592621068276 0.000549 0.005432 0.011902 
2592640904701 -0.000656 0.005432 0.011902 
2592660710610 -0.000656 0.005432 0.011902 
2592680516518 -0.001892 0.005432 0.013123 
2592700352944 -0.001892 0.001770 0.015564 
2592720158852 -0.001892 0.004211 0.014343 
2592739995278 -0.000656 0.006653 0.011902 
2592759801186 0.000549 0.004211 0.011902 
2592779607094 0.000549 0.001770 0.013123 
2592799443520 -0.000656 0.005432 0.013123 
2592819249428 -0.000656 0.005432 0.011902 
2592839055336 0.000549 0.004211 0.011902 
2592858891762 -0.000656 0.005432 0.013123 
2592878728188 -0.000656 0.007889 0.013123 
2592898564614 0.000549 0.001770 0.010681 
2592918370522 0.000549 0.002975 0.010681 
2592938176430 0.000549 0.007889 0.013123 
2592958012856 -0.000656 0.005432 0.013123 
2592977818764 -0.000656 0.004211 0.011902 
2592997624672 -0.000656 0.006653 0.013123 
2593017461098 -0.000656 0.005432 0.011902 
2593037267006 -0.000656 0.004211 0.013123 
2593057103432 -0.000656 0.006653 0.011902 
2593076909340 0.000549 0.006653 0.011902 
2593096715248 -0.000656 0.005432 0.013123 
2593116551674 -0.001892 0.007889 0.010681 
2593136388100 0.000549 0.005432 0.013123 
2593156194008 -0.000656 0.004211 0.014343 
2593176030434 -0.001892 0.006653 0.011902 
2593195836342 -0.000656 0.006653 0.011902 
2593215672768 0.000549 0.002975 0.013123 
2593235478676 -0.000656 0.006653 0.011902 
2593255284584 0.000549 0.005432 0.011902 
2593275121010 -0.000656 0.005432 0.011902 
2593294926918 -0.000656 0.005432 0.011902 
2593314732826 -0.000656 0.005432 0.013123 
2593334569252 -0.000656 0.005432 0.013123 
2593354375160 0.000549 0.006653 0.011902 
2593374181069 0.000549 0.005432 0.013123 
2593394017494 -0.001892 0.005432 0.013123 
2593413853920 -0.000656 0.005432 0.013123 
2593433690346 -0.000656 0.005432 0.013123 
2593453496254 -0.000656 0.005432 0.013123 
2593473302162 0.000549 0.006653 0.013123 
2593493138588 0.000549 0.006653 0.013123 
2593512944496 -0.000656 0.006653 0.011902 
2593532780922 0.000549 0.006653 0.011902 
2593552586830 0.000549 0.004211 0.011902 
2593572392739 -0.001892 0.005432 0.013123 
2593592229164 -0.000656 0.005432 0.013123 
2593612035073 -0.000656 0.005432 0.011902 
2593631871498 -0.000656 0.005432 0.011902 
2593651677407 -0.000656 0.005432 0.013123 
2593671483315 -0.000656 0.006653 0.011902 
2593691319741 0.000549 0.006653 0.011902 
2593711156166 0.000549 0.005432 0.011902 
2593730962075 -0.000656 0.005432 0.011902 
2593750798500 0.000549 0.006653 0.011902 
2593770604408 -0.000656 0.004211 0.011902 
2593790440834 -0.000656 0.005432 0.011902 
2593810246742 0.000549 0.005432 0.011902 
2593830052651 -0.001892 0.005432 0.011902 
2593849889076 -0.000656 0.007889 0.011902 
2593869694985 0.000549 0.005432 0.011902 
2593889500893 -0.000656 0.005432 0.011902 
2593909337319 0.000549 0.005432 0.013123 
2593929143227 -0.000656 0.005432 0.011902 
2593948979653 -0.000656 0.006653 0.011902 
2593968785561 -0.000656 0.006653 0.011902 
2593988621987 -0.000656 0.005432 0.013123 
2594008458412 -0.000656 0.004211 0.013123 
2594028264321 0.000549 0.005432 0.013123 
2594048070229 0.000549 0.004211 0.011902 
2594067906655 0.000549 0.006653 0.011902 
2594087712563 0.000549 0.006653 0.013123 
2594107548989 -0.000656 0.005432 0.013123 
2594127354897 0.000549 0.007889 0.011902 
2594147160805 0.000549 0.006653 0.011902 
2594166997231 -0.000656 0.006653 0.011902 
2594186803139 0.001785 0.006653 0.011902 
2594206609047 0.000549 0.006653 0.013123 
2594226445473 -0.000656 0.006653 0.011902 
2594246251381 -0.000656 0.005432 0.011902 
2594266087807 -0.000656 0.005432 0.011902 
2594285924233 0.000549 0.005432 0.011902 
2594305730141 0.000549 0.006653 0.011902 
2594325566567 -0.000656 0.005432 0.013123 
2594345372475 -0.000656 0.006653 0.013123 
2594365178383 0.000549 0.005432 0.011902 
2594385014809 -0.000656 0.006653 0.011902 
2594404820717 -0.000656 0.007889 0.011902 
2594424657143 0.000549 0.006653 0.011902 
2594444463051 -0.001892 0.005432 0.011902 
2594464268959 -0.000656 0.006653 0.011902 
2594484105385 -0.000656 0.006653 0.011902 
2594503911293 -0.000656 0.005432 0.013123 
2594523717201 0.001785 0.007889 0.011902 
2594543553627 -0.000656 0.006653 0.011902 
2594563390053 -0.000656 0.005432 0.011902 
2594583226479 0.000549 0.006653 0.011902 
2594603032387 -0.001892 0.005432 0.013123 
2594622838295 -0.000656 0.006653 0.011902 
2594642674721 -0.000656 0.004211 0.013123 
2594662480629 -0.001892 0.002975 0.013123 
2594682286537 0.000549 0.006653 0.011902 
2594702122963 0.000549 0.005432 0.011902 
2594721928871 -0.001892 0.005432 0.011902 
2594741765297 -0.000656 0.005432 0.011902 
2594761571205 -0.000656 0.006653 0.011902 
2594781377114 -0.003113 0.005432 0.011902 
2594801213539 -0.000656 0.006653 0.011902 
2594821019448 -0.003113 0.004211 0.013123 
2594840855873 -0.001892 0.005432 0.011902 
2594860692299 0.000549 0.006653 0.011902 
2594880498207 -0.001892 0.005432 0.013123 
2594900334633 -0.000656 0.005432 0.011902 
2594920140541 -0.001892 0.005432 0.013123 
2594939946450 -0.000656 0.006653 0.011902 
2594959782875 0.000549 0.006653 0.011902 
2594979588783 -0.000656 0.006653 0.011902 
2594999425209 -0.001892 0.006653 0.011902 
2595019231117 -0.000656 0.006653 0.011902 
2595039037026 -0.001892 0.005432 0.011902 
2595058873451 0.000549 0.007889 0.011902 
2595078679360 0.000549 0.006653 0.011902 
2595098485268 -0.000656 0.005432 0.013123 
2595118321694 0.000549 0.006653 0.013123 
2595138158119 0.000549 0.005432 0.011902 
2595157964028 -0.000656 0.004211 0.011902 
2595177800453 -0.000656 0.006653 0.011902 
2595197606362 -0.000656 0.005432 0.013123 
2595217442787 -0.001892 0.005432 0.011902 
2595237248696 0.001785 0.005432 0.011902 
2595257054604 -0.000656 0.005432 0.011902 
2595276891030 -0.001892 0.004211 0.011902 
2595296696938 0.000549 0.005432 0.013123 
2595316533364 -0.001892 0.004211 0.013123 
2595336339272 -0.000656 0.006653 0.011902 
2595356145180 -0.000656 0.005432 0.013123 
2595375981606 -0.001892 0.004211 0.013123 
2595395787514 -0.000656 0.005432 0.011902 
2595415623940 -0.001892 0.005432 0.011902 
2595435460366 -0.003113 0.005432 0.011902 
2595455266274 0.000549 0.006653 0.013123 
2595475102700 -0.000656 0.006653 0.013123 
2595494908608 -0.000656 0.006653 0.011902 
2595514714516 -0.000656 0.005432 0.011902 
2595534550942 -0.000656 0.004211 0.013123 
2595554356850 -0.000656 0.005432 0.011902 
2595574193276 -0.000656 0.006653 0.013123 
2595593999184 -0.000656 0.005432 0.011902 
2595613805092 -0.000656 0.005432 0.013123 
2595633641518 -0.000656 0.005432 0.011902 
2595653447426 -0.000656 0.006653 0.010681 
2595673253334 -0.000656 0.006653 0.011902 
2595693089760 -0.000656 0.005432 0.013123 
2595712926186 -0.000656 0.006653 0.011902 
2595732762612 -0.000656 0.006653 0.011902 
2595752568520 -0.001892 0.005432 0.011902 
2595772374428 -0.000656 0.005432 0.011902 
2595792210854 0.000549 0.005432 0.013123 
2595812016762 -0.000656 0.006653 0.013123 
2595831822670 0.000549 0.006653 0.013123 
2595851659096 0.000549 0.006653 0.013123 
2595871465004 -0.000656 0.006653 0.011902 
2595891301430 -0.000656 0.006653 0.011902 
2595911107338 -0.000656 0.005432 0.013123 
2595930913246 -0.001892 0.004211 0.013123 
2595950749672 -0.000656 0.005432 0.013123 
2595970555580 -0.000656 0.005432 0.011902 
2595990392006 -0.000656 0.005432 0.013123 
2596010228432 0.000549 0.005432 0.013123 
2596030034340 -0.000656 0.005432 0.011902 
2596049870766 -0.000656 0.005432 0.013123 
2596069676674 -0.000656 0.006653 0.011902 
2596089482582 -0.000656 0.005432 0.011902 
2596109319008 -0.000656 0.006653 0.011902 
2596129124916 -0.000656 0.006653 0.013123 
2596148930825 -0.000656 0.006653 0.011902 
2596168767250 0.000549 0.006653 0.013123 
2596188573158 -0.000656 0.004211 0.013123 
2596208379067 -0.000656 0.004211 0.013123 
2596228215492 0.000549 0.005432 0.013123 
2596248021401 -0.000656 0.005432 0.013123 
2596267857826 -0.000656 0.006653 0.011902 
2596287694252 0.000549 0.006653 0.013123 
2596307530678 -0.000656 0.005432 0.013123 
2596327336586 -0.000656 0.006653 0.011902 
2596347142494 -0.000656 0.005432 0.013123 
2596366978920 -0.001892 0.004211 0.013123 
2596386784828 0.000549 0.006653 0.011902 
2596406590737 0.000549 0.005432 0.013123 
2596426427162 -0.000656 0.005432 0.013123 
2596446233071 0.000549 0.006653 0.013123 
2596466069496 -0.000656 0.004211 0.013123 
2596485875405 -0.000656 0.005432 0.013123 
2596505681313 0.000549 0.005432 0.011902 
2596525517739 -0.000656 0.007889 0.011902 
2596545323647 0.000549 0.007889 0.011902 
2596565160073 -0.000656 0.006653 0.011902 
2596584996498 -0.000656 0.005432 0.013123 
2596604802407 -0.000656 0.006653 0.011902 
2596624638832 -0.001892 0.006653 0.013123 
2596644444741 -0.001892 0.005432 0.013123 
2596664250649 -0.000656 0.006653 0.013123 
2596684087075 -0.001892 0.005432 0.013123 
2596703892983 -0.001892 0.006653 0.013123 
2596723698891 -0.000656 0.005432 0.013123 
2596743535317 -0.000656 0.007889 0.013123 
2596763341225 0.000549 0.005432 0.010681 
2596783177651 0.000549 0.006653 0.014343 
2596802983559 -0.000656 0.004211 0.013123 
2596822789467 -0.000656 0.006653 0.011902 
2596842625893 -0.000656 0.005432 0.013123 
2596862462319 -0.000656 0.005432 0.011902 
2596882268227 0.000549 0.006653 0.013123 
2596902104653 -0.000656 0.006653 0.013123 
2596921910561 -0.001892 0.005432 0.013123 
2596941746987 0.000549 0.006653 0.013123 
2596961552895 -0.000656 0.004211 0.013123 
2596981358803 -0.000656 0.006653 0.011902 
2597001195229 0.000549 0.005432 0.011902 
2597021001137 -0.000656 0.005432 0.014343 
2597040837563 -0.000656 0.005432 0.010681 
2597060643471 -0.003113 0.009094 0.013123 
2597080449379 0.000549 0.004211 0.014343 
2597100285805 -0.000656 0.006653 0.010681 
2597120091713 -0.001892 0.009094 0.011902 
2597139928139 -0.000656 0.009094 0.014343 
2597159764565 0.000549 0.002975 0.013123 
2597179570473 -0.003113 0.006653 0.011902 
2597199376381 -0.001892 0.010330 0.013123 
2597219212807 -0.003113 0.009094 0.011902 
2597239018715 -0.003113 0.010330 0.010681 
2597258855141 -0.001892 0.011536 0.011902 
2597278661049 -0.003113 0.010330 0.013123 
2597298466957 -0.003113 0.011536 0.011902 
2597318303383 -0.001892 0.007889 0.013123 
2597338109291 -0.001892 0.005432 0.013123 
2597357945717 0.000549 0.006653 0.011902 
2597377751625 -0.000656 0.004211 0.011902 
2597397557533 -0.000656 0.006653 0.010681 
2597417393959 0.000549 0.007889 0.010681 
2597437230385 -0.000656 0.004211 0.010681 
2597457036293 -0.003113 0.007889 0.015564 
2597476872719 0.000549 0.005432 0.018021 
2597496678627 -0.000656 0.005432 0.018021 
2597516515053 0.001785 0.006653 0.015564 
2597536320961 0.001785 0.006653 0.014343 
2597556126869 -0.000656 0.005432 0.010681 
2597575963295 0.000549 0.010330 0.014343 
2597595769203 0.000549 0.001770 0.013123 
2597615575112 -0.001892 0.005432 0.009460 
2597635411537 0.000549 0.006653 0.011902 
2597655217446 -0.001892 0.004211 0.010681 
2597675053871 0.000549 0.009094 0.010681 
2597694859780 -0.001892 0.006653 0.011902 
2597714696205 -0.001892 0.005432 0.013123 
2597734532631 -0.001892 0.005432 0.013123 
2597754338539 0.002991 0.006653 0.013123 
2597774144448 0.015213 0.009094 0.007019 
2597793980873 0.005432 0.007889 0.011902 
2597813786782 -0.000656 0.005432 0.013123 
2597833623207 -0.004333 0.004211 0.015564 
2597853429116 -0.009216 0.004211 0.014343 
2597873235024 -0.006775 0.004211 0.013123 
2597893071450 -0.001892 0.005432 0.013123 
2597912877358 -0.000656 0.005432 0.013123 
2597932713783 0.000549 0.006653 0.011902 
2597952519692 -0.000656 0.005432 0.013123 
2597972325600 -0.000656 0.006653 0.011902 
2597992162026 -0.000656 0.006653 0.011902 
2598011998451 -0.000656 0.005432 0.013123 
2598031804360 -0.000656 0.005432 0.013123 
2598051640785 -0.000656 0.004211 0.013123 
2598071446694 -0.000656 0.005432 0.011902 
2598091283119 -0.000656 0.005432 0.011902 
2598111089028 -0.000656 0.006653 0.011902 
