3070480859044 -1.062012 -23.503113 17.855835  
3070500725988 -1.214600 -23.503113 17.854309  
3070520592931 -1.214600 -23.503113 17.854309  
3070540490392 -1.214600 -23.503113 17.854309  
3070560357335 -1.214600 -23.503113 17.854309  
3070580224279 -1.214600 -23.501587 17.704773  
3070600091222 -1.214600 -23.501587 17.704773  
3070619958165 -1.063538 -23.498535 16.960144  
3070639825109 -1.063538 -23.498535 16.960144  
3070659692052 -1.062012 -23.651123 17.260742  
3070679620031 -1.062012 -23.651123 17.260742  
3070699486974 -1.062012 -23.651123 17.260742  
3070719353917 -0.761414 -23.802185 17.260742  
3070739220861 -0.759888 -24.104309 17.262268  
3070759087804 -0.759888 -24.104309 17.262268  
3070778954747 -0.762939 -23.652649 17.260742  
3070798821691 -0.761414 -23.951721 17.262268  
3070818688634 -0.761414 -23.951721 17.262268  
3070838555577 -0.762939 -23.951721 17.112732  
3070858453038 -0.762939 -23.951721 17.112732  
3070878319982 -0.762939 -23.951721 17.112732  
3070898186925 -0.761414 -23.951721 17.262268  
3070918053868 -0.761414 -23.951721 17.262268  
3070937920812 -1.060486 -23.800659 17.260742  
3070957787755 -1.062012 -23.500061 17.259216  
3070977685216 -1.063538 -23.051453 17.257690  
3070997582677 -1.063538 -23.200989 17.259216  
3071017449620 -1.063538 -23.202515 17.706299  
3071037316564 -1.062012 -23.652649 17.559814  
3071057183507 -1.062012 -23.652649 17.559814  
3071077050450 -1.062012 -23.652649 17.559814  
3071096917394 -0.160217 -23.657227 17.561340  
3071116784337 -0.460815 -23.655701 17.561340  
3071136651281 -0.462341 -23.652649 16.963196  
3071156518224 -0.463867 -23.649597 16.069031  
3071176385167 -0.463867 -23.649597 16.217041  
3071196252111 -0.463867 -23.651123 16.514587  
3071216119054 -0.463867 -23.651123 16.514587  
3071235985997 -0.462341 -23.651123 16.665649  
3071255883458 -0.462341 -23.500061 16.664124  
3071275750402 -0.462341 -23.651123 16.665649  
3071295617345 -0.462341 -23.651123 16.665649  
3071315514806 -0.613403 -23.501587 17.109680  
3071335412267 -0.611877 -23.503113 17.558289  
3071355279210 -0.611877 -23.503113 17.558289  
3071375146154 -0.611877 -23.503113 17.558289  
3071395013097 -0.611877 -23.503113 17.558289  
3071414880040 -0.611877 -23.503113 17.558289  
3071434746984 -0.611877 -23.503113 17.558289  
3071454613927 -0.460815 -23.504639 17.559814  
3071474480870 -0.460815 -23.504639 17.559814  
3071494347814 -0.611877 -23.503113 17.558289  
3071514245275 -0.611877 -23.503113 17.558289  
3071534112218 -0.611877 -23.503113 17.558289  
3071554009679 -0.613403 -23.204041 17.706299  
3071573876622 -0.764465 -23.205566 17.855835  
3071593743566 -0.764465 -23.205566 17.855835  
3071613610509 -0.764465 -23.205566 17.855835  
3071633477452 -0.764465 -23.205566 17.855835  
3071653344396 -0.764465 -23.205566 17.855835  
3071673211339 -0.764465 -23.205566 17.855835  
3071693078282 -0.761414 -23.803711 17.707825  
3071712975743 -0.761414 -23.803711 17.707825  
3071732842687 -0.761414 -23.953247 17.561340  
3071752709630 -0.761414 -23.953247 17.561340  
3071772576573 -0.762939 -23.950195 16.963196  
3071792443517 -0.610352 -23.951721 17.262268  
3071812310460 -0.610352 -23.951721 17.262268  
3071832207921 -0.610352 -23.951721 17.262268  
3071852074865 -0.610352 -23.951721 17.262268  
3071871941808 -0.610352 -23.951721 17.262268  
3071891839269 0.292969 -23.956299 17.265320  
3071911706212 -0.158691 -23.805237 17.262268  
3071931573156 -0.610352 -23.803711 17.559814  
3071951440099 -0.610352 -23.805237 17.857361  
3071971307042 -0.610352 -23.805237 17.857361  
3071991173986 -0.610352 -23.805237 17.857361  
3072011040929 -0.610352 -23.805237 17.857361  
3072030907872 -0.610352 -23.805237 17.857361  
3072050774816 -0.610352 -23.805237 17.857361  
3072070641759 -0.610352 -23.805237 17.857361  
3072090539220 -0.158691 -23.808289 17.858887  
3072110436681 0.744629 -23.809814 17.562866  
3072130303624 -0.009155 -23.658752 17.858887  
3072150170568 -0.009155 -23.658752 17.858887  
3072170037511 -0.158691 -23.808289 17.858887  
3072189904454 -0.160217 -23.658752 17.858887  
3072209771398 -0.160217 -23.507690 17.857361  
3072229638341 -0.460815 -23.506165 17.857361  
3072249505284 -0.460815 -23.506165 17.857361  
3072269402745 -0.459290 -23.506165 18.005371  
3072289269689 -0.158691 -23.507690 18.005371  
3072309136632 -0.158691 -23.507690 18.005371  
3072329003575 -0.158691 -23.507690 18.005371  
3072348870519 -0.459290 -23.506165 18.005371  
3072368737462 -0.610352 -23.504639 18.003845  
3072388634923 -0.610352 -23.504639 18.003845  
3072408532384 -0.610352 -23.504639 18.003845  
3072428399327 -0.611877 -23.504639 17.855835  
3072448266271 -0.611877 -23.503113 17.558289  
3072468133214 -0.613403 -23.501587 17.109680  
