3070482598546 0.000031 0.000015 -0.000061  
3070502404454 -0.001205 0.000015 -0.000061  
3070522210363 0.000031 0.000015 -0.000061  
3070542046788 0.000031 0.000015 -0.000061  
3070561852697 -0.001205 0.000015 -0.000061  
3070581658605 0.000031 0.001236 -0.000061  
3070601495031 0.001236 0.000015 -0.000061  
3070621300939 0.001236 0.000015 -0.000061  
3070641137365 0.001236 0.001236 -0.000061  
3070660943273 0.001236 -0.001205 0.001160  
3070680749181 0.001236 0.000015 -0.000061  
3070700585607 0.000031 0.001236 -0.000061  
3070720422032 0.000031 0.000015 -0.000061  
3070740258458 0.000031 -0.001205 -0.000061  
3070760064366 0.002472 0.000015 -0.000061  
3070779870275 0.001236 0.000015 -0.000061  
3070799706700 0.000031 0.000015 -0.000061  
3070819512609 0.000031 0.000015 -0.000061  
3070839318517 0.000031 0.000015 -0.000061  
3070859154943 -0.001205 0.000015 0.001160  
3070878960851 0.000031 0.000015 -0.000061  
3070898766759 0.000031 0.000015 -0.000061  
3070918603185 0.000031 0.001236 -0.000061  
3070938409093 0.000031 0.000015 -0.000061  
3070958245519 -0.001205 0.000015 -0.000061  
3070978081945 0.000031 0.000015 -0.000061  
3070997887853 0.000031 0.000015 -0.000061  
3071017724279 0.000031 0.000015 -0.001282  
3071037530187 0.000031 0.000015 -0.001282  
3071057336095 0.000031 0.001236 -0.000061  
3071077172521 0.000031 0.000015 -0.000061  
3071096978429 0.000031 0.000015 -0.000061  
3071116814855 -0.001205 0.001236 -0.000061  
3071136620763 -0.001205 0.001236 -0.000061  
3071156426671 -0.001205 0.000015 -0.000061  
3071176263097 0.000031 0.000015 -0.000061  
3071196069005 0.000031 0.000015 -0.000061  
3071215874913 0.001236 0.000015 -0.000061  
3071235711339 0.001236 0.001236 0.001160  
3071255547765 -0.001205 0.000015 -0.000061  
3071275384191 0.000031 -0.001205 -0.000061  
3071295190099 0.000031 0.001236 -0.000061  
3071314996007 -0.001205 -0.001205 0.001160  
3071334832433 0.000031 0.000015 -0.000061  
3071354638341 0.000031 0.001236 -0.000061  
3071374444249 0.000031 0.001236 -0.000061  
3071394280675 -0.001205 -0.001205 0.001160  
3071414086583 -0.001205 0.000015 -0.000061  
3071433923009 0.000031 0.000015 -0.000061  
3071453728917 -0.001205 -0.001205 0.001160  
3071473534825 0.001236 0.000015 -0.000061  
3071493371251 0.000031 0.000015 0.001160  
3071513177159 0.000031 0.000015 -0.000061  
3071532983068 -0.001205 0.002472 -0.001282  
3071552819493 0.000031 0.000015 -0.000061  
3071572655919 -0.001205 0.000015 -0.000061  
3071592461827 0.001236 0.000015 -0.000061  
3071612298253 -0.001205 0.001236 -0.001282  
3071632104161 0.000031 0.001236 -0.001282  
3071651910070 0.000031 0.001236 -0.000061  
3071671746495 -0.001205 0.001236 -0.000061  
3071691552404 -0.001205 0.002472 -0.000061  
3071711388829 -0.001205 0.002472 -0.001282  
3071731194738 -0.001205 0.002472 -0.001282  
3071751000646 -0.001205 0.002472 -0.001282  
3071770837072 0.000031 -0.001205 -0.000061  
3071790642980 0.000031 0.000015 -0.000061  
3071810479406 0.000031 0.001236 -0.001282  
3071830315831 0.000031 0.000015 -0.000061  
3071850121740 -0.001205 0.000015 -0.000061  
3071869958165 0.000031 -0.001205 0.001160  
3071889764073 0.000031 0.001236 -0.001282  
3071909569982 -0.001205 0.001236 -0.001282  
3071929406407 0.001236 0.002472 -0.001282  
3071949212316 0.001236 0.001236 -0.000061  
3071969048741 0.001236 -0.001205 0.001160  
3071988854650 0.001236 0.000015 0.001160  
3072008660558 0.000031 0.000015 -0.000061  
3072028496984 -0.001205 0.004913 0.002380  
3072048302892 -0.001205 0.003677 0.001160  
3072068108800 0.002472 0.001236 -0.000061  
3072087945226 0.001236 0.001236 -0.001282  
3072107751134 0.002472 0.001236 -0.000061  
3072127587560 -0.001205 0.000015 -0.000061  
3072147423986 0.000031 0.001236 -0.000061  
3072167229894 0.001236 0.001236 -0.000061  
3072187066320 0.000031 0.001236 -0.000061  
3072206872228 -0.001205 0.001236 -0.001282  
3072226678136 0.000031 0.000015 0.001160  
3072246514562 0.001236 0.001236 -0.000061  
3072266320470 -0.001205 0.000015 -0.001282  
3072286126378 0.000031 0.001236 -0.000061  
3072305962804 0.001236 -0.001205 -0.000061  
3072325768712 0.000031 0.000015 -0.000061  
3072345605138 0.000031 0.000015 -0.000061  
3072365411046 0.001297 0.000916 -0.000183  
3072385216954 0.000092 -0.001526 -0.000183  
3072405053380 -0.001144 -0.001526 -0.000183  
3072424889806 0.000092 -0.001526 -0.000183  
3072444695714 0.001297 -0.002762 0.001038  
3072464532140 0.001297 -0.001526 0.001038  
