2338820037390 -0.104782 -0.131104 9.812851  
2338839873816 -0.119141 -0.090424 9.769791  
2338859679724 -0.131104 -0.111969 9.836792  
2338879485633 -0.092819 -0.128708 9.779358  
2338899322058 -0.138275 -0.100006 9.803284  
2338919127967 -0.121521 -0.119141 9.848755  
2338938964392 -0.107178 -0.100006 9.805679  
2338958770301 -0.126312 -0.100006 9.851135  
2338978576209 -0.107178 -0.133499 9.781754  
2338998412635 -0.121521 -0.109573 9.803284  
2339018218543 -0.123917 -0.119141 9.860718  
2339038024451 -0.097595 -0.104782 9.779358  
2339057860877 -0.135880 -0.092819 9.817642  
2339077697303 -0.111954 -0.138290 9.834396  
2339097503211 -0.111954 -0.109573 9.772186  
2339117339637 -0.145462 -0.100006 9.846359  
2339137145545 -0.099991 -0.131104 9.817642  
2339156951453 -0.123917 -0.092819 9.824814  
2339176787879 -0.119141 -0.114365 9.820038  
2339196593787 -0.111954 -0.119141 9.764999  
2339216430213 -0.135880 -0.095215 9.846359  
2339236236121 -0.097595 -0.119141 9.786530  
2339256042029 -0.123917 -0.095215 9.774567  
2339275878455 -0.133499 -0.126328 9.834396  
2339295684363 -0.097595 -0.116745 9.772186  
2339315490271 -0.140671 -0.090424 9.798492  
2339335326697 -0.107178 -0.126328 9.815247  
2339355163123 -0.114349 -0.097610 9.774567  
2339374969031 -0.138275 -0.102402 9.832001  
2339394805457 -0.104782 -0.126328 9.791321  
2339414611365 -0.128708 -0.090424 9.796112  
2339434417273 -0.121521 -0.119141 9.834396  
2339454253699 -0.099991 -0.114365 9.767395  
2339474059607 -0.140671 -0.083252 9.812851  
2339493865515 -0.102386 -0.128708 9.812851  
2339513701941 -0.114349 -0.104782 9.757828  
2339533507849 -0.133499 -0.107178 9.829605  
2339553344275 -0.099991 -0.123932 9.784149  
2339573150183 -0.133499 -0.088043 9.791321  
2339592956092 -0.114349 -0.123932 9.834396  
2339612792517 -0.104782 -0.109573 9.750641  
2339632628943 -0.140671 -0.097610 9.812851  
2339652434851 -0.102386 -0.133499 9.796112  
2339672271277 -0.128708 -0.104782 9.769791  
2339692077185 -0.133499 -0.109573 9.832001  
2339711883094 -0.104782 -0.119141 9.762604  
2339731719519 -0.135880 -0.095215 9.803284  
2339751525428 -0.116745 -0.123932 9.812851  
2339771331336 -0.107178 -0.104782 9.760208  
2339791167762 -0.138275 -0.095215 9.822433  
2339810973670 -0.107178 -0.123932 9.796112  
2339830779578 -0.121521 -0.104782 9.786530  
2339850616004 -0.126312 -0.114365 9.824814  
2339870421912 -0.102386 -0.114365 9.772186  
2339890258338 -0.140671 -0.092819 9.798492  
2339910094764 -0.107178 -0.133499 9.810471  
2339929900672 -0.114349 -0.102402 9.762604  
2339949737098 -0.143066 -0.100006 9.810471  
2339969543006 -0.107178 -0.119141 9.798492  
2339989348914 -0.121521 -0.090424 9.786530  
2340009185340 -0.126312 -0.121536 9.834396  
2340028991248 -0.107178 -0.119141 9.769791  
2340048797156 -0.145462 -0.097610 9.812851  
2340068633582 -0.104782 -0.128708 9.824814  
2340088439490 -0.114349 -0.100006 9.779358  
2340108245398 -0.126312 -0.109573 9.843964  
2340128081824 -0.092819 -0.123932 9.793716  
2340147887732 -0.135880 -0.097610 9.805679  
2340167724158 -0.116745 -0.121536 9.846359  
2340187560584 -0.111954 -0.107178 9.774567  
2340207366492 -0.140671 -0.095215 9.839172  
2340227202918 -0.099991 -0.131104 9.803284  
2340247008826 -0.128708 -0.109573 9.798492  
2340266814734 -0.131104 -0.116745 9.846359  
2340286651160 -0.102386 -0.123932 9.786530  
2340306457068 -0.133499 -0.092819 9.820038  
2340326262976 -0.104782 -0.121536 9.829605  
2340346099402 -0.116745 -0.104782 9.781754  
2340365905310 -0.133499 -0.104782 9.836792  
2340385711219 -0.099991 -0.123932 9.791321  
2340405547644 -0.135880 -0.090424 9.810471  
2340425353553 -0.109558 -0.121536 9.832001  
2340445159461 -0.102386 -0.107178 9.757828  
2340464995887 -0.138275 -0.092819 9.829605  
2340484832312 -0.097595 -0.133499 9.791321  
2340504668738 -0.128708 -0.097610 9.793716  
2340524474646 -0.126312 -0.114365 9.829605  
2340544280555 -0.107178 -0.119141 9.764999  
2340564116980 -0.143066 -0.085648 9.800888  
2340583922889 -0.102386 -0.131104 9.803284  
2340603728797 -0.109558 -0.107178 9.762604  
2340623565223 -0.126312 -0.100006 9.829605  
2340643371131 -0.099991 -0.126328 9.762604  
2340663177039 -0.138275 -0.092819 9.803284  
2340683013465 -0.104782 -0.121536 9.798492  
2340702819373 -0.114349 -0.114365 9.757828  
2340722625281 -0.140671 -0.097610 9.817642  
2340742461707 -0.095215 -0.133499 9.779358  
2340762298133 -0.133499 -0.090424 9.774567  
2340782104041 -0.119141 -0.114365 9.820038  
2340801940467 -0.116745 -0.116745 9.748245  
