1858025725396 -0.456238 -23.960876 19.055176  
1858045592339 -0.456238 -23.960876 19.055176  
1858065520318 -0.456238 -23.960876 19.055176  
1858085387261 -0.456238 -23.959351 18.905640  
1858105254205 -0.456238 -23.959351 18.905640  
1858125121148 -0.456238 -23.959351 18.905640  
1858144988091 -0.456238 -23.959351 18.905640  
1858164855035 -0.004578 -23.960876 18.905640  
1858184752496 -0.004578 -23.960876 18.905640  
1858204619439 -0.004578 -23.811340 18.904114  
1858224486382 -0.004578 -23.811340 18.904114  
1858244353326 -0.004578 -23.811340 18.904114  
1858264250787 -0.004578 -23.811340 18.904114  
1858284117730 -0.004578 -23.811340 18.904114  
1858303984673 -0.004578 -23.811340 18.904114  
1858323851617 -0.004578 -23.811340 18.904114  
1858343749078 -0.004578 -23.811340 18.904114  
1858363616021 -0.004578 -23.811340 18.904114  
1858383513482 -0.004578 -23.811340 18.904114  
1858403380425 -0.003052 -24.412537 18.907166  
1858423247369 -0.003052 -24.412537 18.907166  
1858443114312 -0.003052 -24.412537 18.907166  
1858462981255 -0.453186 -24.562073 18.907166  
1858482878716 -0.453186 -24.562073 18.907166  
1858502745660 -0.154114 -24.412537 18.907166  
1858522629317 -0.154114 -24.412537 18.907166  
1858542496260 -0.154114 -24.412537 18.907166  
1858562363204 -0.154114 -24.113464 18.905640  
1858582260665 -0.157166 -23.957825 18.159485  
1858602127608 -0.158691 -23.660278 18.455505  
1858622025069 -0.158691 -23.660278 18.455505  
1858641892012 -0.158691 -23.660278 18.455505  
1858661758956 -0.158691 -23.660278 18.455505  
1858681656417 -0.158691 -23.660278 18.455505  
1858701523360 -0.157166 -23.809814 18.455505  
1858721390303 -0.157166 -23.809814 18.455505  
1858741257247 -0.157166 -23.809814 18.455505  
1858761124190 -0.157166 -23.661804 18.605042  
1858780991133 -0.157166 -23.663330 19.053650  
1858800888594 -0.155640 -23.960876 18.905640  
1858820755538 -0.155640 -23.960876 18.905640  
1858840622481 -0.155640 -23.960876 18.905640  
1858860489424 -0.155640 -23.960876 18.905640  
1858880356368 -0.155640 -23.960876 18.905640  
1858900253829 -0.155640 -23.960876 18.756104  
1858920151290 -0.004578 -23.960876 18.756104  
1858940018233 -0.004578 -23.960876 18.756104  
1858959885176 -0.004578 -23.960876 18.756104  
1858979752120 -0.006104 -23.957825 18.159485  
1858999619063 -0.009155 -23.657227 17.709351  
1859019516524 -0.009155 -23.657227 17.709351  
1859039383467 -0.006104 -23.957825 18.159485  
1859059250411 -0.006104 -23.959351 18.457031  
1859079117354 -0.006104 -23.959351 18.457031  
1859098984298 -0.006104 -23.959351 18.457031  
1859118881758 -0.006104 -23.959351 18.457031  
1859138748702 -0.004578 -23.960876 18.606567  
1859158615645 -0.004578 -23.960876 18.606567  
1859178482589 -0.004578 -23.960876 18.905640  
1859198380049 -0.003052 -23.963928 19.352722  
1859218277510 -0.003052 -23.963928 19.352722  
1859238144454 -0.004578 -23.960876 18.905640  
1859258011397 -0.456238 -23.959351 18.756104  
1859277878341 -0.155640 -23.960876 18.756104  
1859297745284 -0.155640 -23.960876 18.905640  
1859317642745 -0.607300 -23.957825 18.904114  
1859337509688 -0.456238 -23.959351 18.905640  
1859357376632 -0.456238 -23.959351 18.905640  
1859377243575 -0.456238 -23.959351 18.905640  
1859397110518 -0.456238 -23.959351 18.756104  
1859417007979 -0.456238 -23.959351 18.756104  
1859436874923 -0.607300 -23.957825 18.754578  
1859456741866 -0.607300 -23.808289 18.753052  
1859476608809 -0.607300 -23.808289 18.753052  
1859496506270 -0.607300 -23.957825 18.754578  
1859516403731 -0.607300 -23.957825 18.754578  
1859536270674 -0.607300 -23.957825 18.754578  
1859556137618 -0.607300 -23.957825 18.754578  
1859576004561 -0.607300 -23.957825 18.754578  
1859595871505 -0.607300 -23.957825 18.605042  
1859615768966 -0.607300 -23.957825 18.605042  
1859635635909 -0.607300 -23.957825 18.605042  
1859655502852 -0.607300 -23.957825 18.605042  
1859675369796 -0.607300 -23.957825 18.605042  
1859695267257 -0.607300 -23.957825 18.605042  
1859715134200 0.447083 -23.962402 18.608093  
1859735001143 0.146484 -23.960876 18.606567  
1859754898604 0.146484 -23.960876 18.606567  
1859774826583 0.146484 -23.960876 18.905640  
1859794693526 0.146484 -23.960876 18.905640  
1859814560469 -0.004578 -23.960876 18.905640  
1859834427413 -0.004578 -23.960876 18.905640  
1859854294356 -0.004578 -23.962402 19.055176  
1859874191817 -0.607300 -23.959351 19.053650  
1859894058760 -1.057434 -23.957825 19.053650  
1859913895186 -1.057434 -23.957825 19.053650  
1859933762130 -1.210022 -23.957825 19.052124  
1859953629073 -1.210022 -23.957825 19.052124  
1859973526534 -1.210022 -23.808289 19.050598  
1859993393477 -1.210022 -23.808289 19.050598  
1860013260421 -1.208496 -23.809814 19.348145  
