# Created at Tue Jun 01 15:46:12 GMT+02:00 2021 in Burnaby Canada 
1374509068964 0.000000 0.000000 0.000000 
1374528966425 0.000000 0.000000 0.000000 
1374548833368 0.000000 0.000000 0.000000 
1374568700312 0.000000 0.000000 0.000000 
1374588567255 0.000000 0.000000 0.000000 
1374608434198 0.000000 0.000000 0.000000 
1374628331659 0.000000 0.000000 0.000000 
1374648198603 0.000000 0.000000 0.000000 
1374668065546 0.000000 0.000000 0.000000 
1374687932489 0.000000 0.000000 0.000000 
1374707799433 0.000000 0.000000 0.000000 
1374727696894 0.000000 0.000000 0.000000 
1374747563837 0.000000 0.000000 0.000000 
1374767430780 0.000000 0.000000 0.000000 
1374787328241 0.000000 0.000000 0.000000 
1374807195185 0.000000 0.000000 0.000000 
1374827092646 0.000000 0.000000 0.000000 
1374846959589 0.000000 0.000000 0.000000 
1374866826532 0.000000 0.000000 0.000000 
1374886693476 0.000000 0.000000 0.000000 
1374906560419 0.000000 0.000000 0.000000 
1374926427362 0.000000 0.000000 0.000000 
1374946324823 0.000000 0.000000 0.000000 
1374966191767 0.000000 0.000000 0.000000 
1374986058710 0.000000 0.000000 0.000000 
1375005925653 0.000000 0.000000 0.000000 
1375025823114 0.000000 0.000000 0.000000 
1375045690058 0.000000 0.000000 0.000000 
1375065587519 0.000000 0.000000 0.000000 
1375085454462 0.000000 0.000000 0.000000 
1375105321405 0.000000 0.000000 0.000000 
1375125218866 0.000000 0.000000 0.000000 
1375145085810 0.000000 0.000000 0.000000 
1375164952753 0.000000 0.000000 0.000000 
1375184819696 0.000000 0.000000 0.000000 
1375204686640 0.000000 0.000000 0.000000 
1375224584101 0.000000 0.000000 0.000000 
1375244451044 0.000000 0.000000 0.000000 
1375264317987 0.000000 0.000000 0.000000 
1375284184931 0.000000 0.000000 0.000000 
1375304051874 0.000000 0.000000 0.000000 
1375323918817 0.000000 0.000000 0.000000 
1375343816278 0.000000 0.000000 0.000000 
1375363713739 0.000000 0.000000 0.000000 
1375383580683 0.000000 0.000000 0.000000 
1375403447626 0.000000 0.000000 0.000000 
1375423314569 0.000000 0.000000 0.000000 
1375443212030 0.000000 0.000000 0.000000 
1375463078974 0.000000 0.000000 0.000000 
1375482945917 0.000000 0.000000 0.000000 
1375502812860 0.000000 0.000000 0.000000 
1375522679804 0.000000 0.000000 0.000000 
1375542546747 0.000000 0.000000 0.000000 
1375562444208 0.000000 0.000000 0.000000 
1375582311151 0.000000 0.000000 0.000000 
1375602178095 0.000000 0.000000 0.000000 
1375622045038 0.000000 0.000000 0.000000 
1375641942499 0.000000 0.000000 0.000000 
1375661809442 0.000000 0.000000 0.000000 
1375681706903 0.000000 0.000000 0.000000 
1375701573847 0.000000 0.000000 0.000000 
1375721440790 0.000000 0.000000 0.000000 
1375741307733 0.000000 0.000000 0.000000 
1375761174677 0.000000 0.000000 0.000000 
1375781072138 0.000000 0.000000 0.000000 
1375800939081 0.000000 0.000000 0.000000 
1375820806025 0.000000 0.000000 0.000000 
1375840672968 0.000000 0.000000 0.000000 
1375860539911 0.000000 0.000000 0.000000 
1375880406855 0.000000 0.000000 0.000000 
1375900304316 0.000000 0.000000 0.000000 
1375920201776 0.000000 0.000000 0.000000 
1375940068720 0.000000 0.000000 0.000000 
1375959935663 0.000000 0.000000 0.000000 
1375979802607 0.000000 0.000000 0.000000 
1375999669550 0.000000 0.000000 0.000000 
1376019536493 0.000000 0.000000 0.000000 
1376039433954 0.000000 0.000000 0.000000 
1376059300898 0.000000 0.000000 0.000000 
1376079167841 0.000000 0.000000 0.000000 
1376099034784 0.000000 0.000000 0.000000 
1376118901728 0.000000 0.000000 0.000000 
1376138799189 0.000000 0.000000 0.000000 
1376158666132 0.000000 0.000000 0.000000 
1376178533075 0.000000 0.000000 0.000000 
1376198400019 0.000000 0.000000 0.000000 
1376218297480 0.000000 0.000000 0.000000 
1376238194941 0.000000 0.000000 0.000000 
1376258061884 0.000000 0.000000 0.000000 
1376277928827 0.000000 0.000000 0.000000 
1376297795771 0.000000 0.000000 0.000000 
1376317662714 0.000000 0.000000 0.000000 
1376337529657 0.000000 0.000000 0.000000 
1376357427118 0.000000 0.000000 0.000000 
1376377294062 0.000000 0.000000 0.000000 
1376397161005 0.000000 0.000000 0.000000 
1376417027948 0.000000 0.000000 0.000000 
1376436894892 0.000000 0.000000 0.000000 
1376456761835 0.000000 0.000000 0.000000 
1376476628778 0.000000 0.000000 0.000000 
1376496556757 0.000000 0.000000 0.000000 
1376516423700 0.000000 0.000000 0.000000 
1376536290644 0.000000 0.000000 0.000000 
1376556157587 0.000000 0.000000 0.000000 
1376576024530 0.000000 0.000000 0.000000 
1376595891474 0.000000 0.000000 0.000000 
1376615758417 0.000000 0.000000 0.000000 
1376635625360 0.000000 0.000000 0.000000 
1376655522821 0.000000 0.000000 0.000000 
1376675389765 0.000000 0.000000 0.000000 
1376695256708 0.000000 0.000000 0.000000 
1376715123651 0.000000 0.000000 0.000000 
1376734990595 0.000000 0.000000 0.000000 
1376754857538 0.000000 0.000000 0.000000 
1376774754999 0.000000 0.000000 0.000000 
1376794621942 0.000000 0.000000 0.000000 
1376814519403 0.000000 0.000000 0.000000 
1376834386347 0.000000 0.000000 0.000000 
1376854253290 0.000000 0.000000 0.000000 
1376874120233 0.000000 0.000000 0.000000 
1376893987177 0.000000 0.000000 0.000000 
1376913854120 0.000000 0.000000 0.000000 
1376933721064 0.000000 0.000000 0.000000 
1376953618525 0.000000 0.000000 0.000000 
1376973485468 0.000000 0.000000 0.000000 
1376993352411 0.000000 0.000000 0.000000 
1377013219355 0.000000 0.000000 0.000000 
1377033086298 0.000000 0.000000 0.000000 
1377052953241 0.000000 0.000000 0.000000 
1377072850702 0.000000 0.000000 0.000000 
1377092717646 0.000000 0.000000 0.000000 
1377112615107 0.000000 0.000000 0.000000 
1377132482050 0.000000 0.000000 0.000000 
1377152348993 0.000000 0.000000 0.000000 
1377172215937 0.000000 0.000000 0.000000 
1377192082880 0.000000 0.000000 0.000000 
1377211949823 0.000000 0.000000 0.000000 
1377231847284 0.000000 0.000000 0.000000 
1377251714228 0.000000 0.000000 0.000000 
1377271581171 0.000000 0.000000 0.000000 
1377291448114 0.000000 0.000000 0.000000 
1377311315058 0.000000 0.000000 0.000000 
1377331182001 0.000000 0.000000 0.000000 
1377351079462 0.000000 0.000000 0.000000 
1377370976923 0.000000 0.000000 0.000000 
1377390843866 0.000000 0.000000 0.000000 
1377410710810 0.000000 0.000000 0.000000 
1377430577753 0.000000 0.000000 0.000000 
1377450444696 0.000000 0.000000 0.000000 
1377470311640 0.000000 0.000000 0.000000 
1377490178583 0.000000 0.000000 0.000000 
1377510076044 0.000000 0.000000 0.000000 
1377529942987 0.000000 0.000000 0.000000 
1377549809931 0.000000 0.000000 0.000000 
1377569646357 0.000000 0.000000 0.000000 
1377589513300 0.000000 0.000000 0.000000 
1377609380243 0.000000 0.000000 0.000000 
1377629277704 0.000000 0.000000 0.000000 
1377649175165 0.000000 0.000000 0.000000 
1377669042108 0.000000 0.000000 0.000000 
1377688909052 0.000000 0.000000 0.000000 
1377708775995 0.000000 0.000000 0.000000 
1377728673456 0.000000 0.000000 0.000000 
1377748540400 0.000000 0.000000 0.000000 
1377768407343 0.000000 0.000000 0.000000 
1377788304804 0.000000 0.000000 0.000000 
1377808171747 0.000000 0.000000 0.000000 
1377828038691 0.000000 0.000000 0.000000 
1377847905634 0.000000 0.000000 0.000000 
1377867772577 0.000000 0.000000 0.000000 
1377887670038 0.000000 0.000000 0.000000 
1377907536982 0.000000 0.000000 0.000000 
1377927434442 0.000000 0.000000 0.000000 
1377947301386 0.000000 0.000000 0.000000 
1377967168329 0.000000 0.000000 0.000000 
1377987035273 0.000000 0.000000 0.000000 
1378006932733 0.000000 0.000000 0.000000 
1378026799677 0.000000 0.000000 0.000000 
1378046666620 0.000000 0.000000 0.000000 
1378066533564 0.000000 0.000000 0.000000 
1378086400507 0.000000 0.000000 0.000000 
1378106297968 0.000000 0.000000 0.000000 
1378126164911 0.000000 0.000000 0.000000 
1378146031855 0.000000 0.000000 0.000000 
1378165898798 0.000000 0.000000 0.000000 
1378185796259 0.000000 0.000000 0.000000 
1378205693720 0.000000 0.000000 0.000000 
1378225560663 0.000000 0.000000 0.000000 
1378245427607 0.000000 0.000000 0.000000 
1378265294550 0.000000 0.000000 0.000000 
1378285192011 0.000000 0.000000 0.000000 
1378305058954 0.000000 0.000000 0.000000 
1378324925898 0.000000 0.000000 0.000000 
1378344792841 0.000000 0.000000 0.000000 
1378364659784 0.000000 0.000000 0.000000 
1378384557245 0.000000 0.000000 0.000000 
1378404424189 0.000000 0.000000 0.000000 
1378424291132 0.000000 0.000000 0.000000 
1378444158075 0.000000 0.000000 0.000000 
1378464028537 0.000000 0.000000 0.000000 
1378483925998 0.000000 0.000000 0.000000 
1378503823459 0.000000 0.000000 0.000000 
1378523690402 0.000000 0.000000 0.000000 
1378543557345 0.000000 0.000000 0.000000 
1378563424289 0.000000 0.000000 0.000000 
1378583321750 0.000000 0.000000 0.000000 
1378603188693 0.000000 0.000000 0.000000 
1378623055636 0.000000 0.000000 0.000000 
1378642922580 0.000000 0.000000 0.000000 
1378662789523 0.000000 0.000000 0.000000 
1378682656466 0.000000 0.000000 0.000000 
1378702553927 0.000000 0.000000 0.000000 
1378722420871 0.000000 0.000000 0.000000 
1378742287814 0.000000 0.000000 0.000000 
1378762154757 0.000000 0.000000 0.000000 
1378782052218 0.000000 0.000000 0.000000 
1378801949679 0.000000 0.000000 0.000000 
1378821816623 0.000000 0.000000 0.000000 
1378841683566 0.000000 0.000000 0.000000 
1378861550509 0.000000 0.000000 0.000000 
1378881417453 0.000000 0.000000 0.000000 
1378901314914 0.000000 0.000000 0.000000 
1378921181857 0.000000 0.000000 0.000000 
1378941048800 0.000000 0.000000 0.000000 
1378960915744 0.000000 0.000000 0.000000 
1378980782687 0.000000 0.000000 0.000000 
1379000680148 0.000000 0.000000 0.000000 
1379020547091 0.000000 0.000000 0.000000 
1379040414035 0.000000 0.000000 0.000000 
1379060280978 0.000000 0.000000 0.000000 
1379080178439 0.000000 0.000000 0.000000 
1379100045382 0.000000 0.000000 0.000000 
1379119942843 0.000000 0.000000 0.000000 
1379139809787 0.000000 0.000000 0.000000 
1379159676730 0.000000 0.000000 0.000000 
1379179543673 0.000000 0.000000 0.000000 
1379199410617 0.000000 0.000000 0.000000 
1379219308078 0.000000 0.000000 0.000000 
1379239175021 0.000000 0.000000 0.000000 
1379259041964 0.000000 0.000000 0.000000 
1379278908908 0.000000 0.000000 0.000000 
1379298775851 0.000000 0.000000 0.000000 
1379318642794 0.000000 0.000000 0.000000 
1379338509738 0.000000 0.000000 0.000000 
1379358437716 0.000000 0.000000 0.000000 
1379378304660 0.000000 0.000000 0.000000 
1379398171603 0.000000 0.000000 0.000000 
1379418038546 0.000000 0.000000 0.000000 
1379437905490 0.000000 0.000000 0.000000 
1379457802951 0.000000 0.000000 0.000000 
1379477669894 0.000000 0.000000 0.000000 
1379497536837 0.000000 0.000000 0.000000 
1379517403781 0.000000 0.000000 0.000000 
1379537270724 0.000000 0.000000 0.000000 
1379557137668 0.000000 0.000000 0.000000 
1379577035128 0.000000 0.000000 0.000000 
1379596902072 0.000000 0.000000 0.000000 
1379616769015 0.000000 0.000000 0.000000 
1379636666476 0.000000 0.000000 0.000000 
1379656533419 0.000000 0.000000 0.000000 
1379676400363 0.000000 0.000000 0.000000 
1379696297824 0.000000 0.000000 0.000000 
1379716164767 0.000000 0.000000 0.000000 
1379736031710 0.000000 0.000000 0.000000 
1379755898654 0.000000 0.000000 0.000000 
1379775765597 0.000000 0.000000 0.000000 
1379795632541 0.000000 0.000000 0.000000 
1379815530001 0.000000 0.000000 0.000000 
1379835396945 0.000000 0.000000 0.000000 
1379855263888 0.000000 0.000000 0.000000 
1379875130832 0.000000 0.000000 0.000000 
1379894997775 0.000000 0.000000 0.000000 
1379914895236 0.000000 0.000000 0.000000 
1379934792697 0.000000 0.000000 0.000000 
1379954659640 0.000000 0.000000 0.000000 
1379974526584 0.000000 0.000000 0.000000 
1379994393527 0.000000 0.000000 0.000000 
1380014260470 0.000000 0.000000 0.000000 
1380034157931 0.000000 0.000000 0.000000 
1380054024875 0.000000 0.000000 0.000000 
1380073891818 0.000000 0.000000 0.000000 
1380093758761 0.000000 0.000000 0.000000 
1380113625705 0.000000 0.000000 0.000000 
1380133523166 0.000000 0.000000 0.000000 
1380153390109 0.000000 0.000000 0.000000 
1380173257052 0.000000 0.000000 0.000000 
1380193123996 0.000000 0.000000 0.000000 
1380213021457 0.000000 0.000000 0.000000 
1380232888400 0.000000 0.000000 0.000000 
1380252785861 0.000000 0.000000 0.000000 
