# Created at Tue Jun 01 15:44:38 GMT+02:00 2021 in Burnaby Canada 
1280386477724 0.000000 0.000000 0.000000 
1280406283632 0.000000 0.000000 0.000000 
1280426089540 0.000000 0.000000 0.000000 
1280445925966 0.000000 0.000000 0.000000 
1280465731874 0.000000 0.000000 0.000000 
1280485537782 0.000000 0.000000 0.000000 
1280505374208 0.000000 0.000000 0.000000 
1280525180116 0.000000 0.000000 0.000000 
1280544986024 0.000000 0.000000 0.000000 
1280564822450 0.000000 0.000000 0.000000 
1280584628358 0.000000 0.000000 0.000000 
1280604464784 0.000000 0.000000 0.000000 
1280624270692 0.000000 0.000000 0.000000 
1280644107118 0.000000 0.000000 0.000000 
1280663943544 0.000000 0.000000 0.000000 
1280683749452 0.000000 0.000000 0.000000 
1280703555360 0.000000 0.000000 0.000000 
1280723391786 0.000000 0.000000 0.000000 
1280743197694 0.000000 0.000000 0.000000 
1280763003603 0.000000 0.000000 0.000000 
1280782840028 0.000000 0.000000 0.000000 
1280802645937 0.000000 0.000000 0.000000 
1280822482362 0.000000 0.000000 0.000000 
1280842288271 0.000000 0.000000 0.000000 
1280862094179 0.000000 0.000000 0.000000 
1280881930604 0.000000 0.000000 0.000000 
1280901736513 0.000000 0.000000 0.000000 
1280921572938 0.000000 0.000000 0.000000 
1280941409364 0.000000 0.000000 0.000000 
1280961215272 0.000000 0.000000 0.000000 
1280981021181 0.000000 0.000000 0.000000 
1281000857606 0.000000 0.000000 0.000000 
1281020663515 0.000000 0.000000 0.000000 
1281040469423 0.000000 0.000000 0.000000 
1281060305849 0.000000 0.000000 0.000000 
1281080111757 0.000000 0.000000 0.000000 
1281099917665 0.000000 0.000000 0.000000 
1281119754091 0.000000 0.000000 0.000000 
1281139559999 0.000000 0.000000 0.000000 
1281159396425 0.000000 0.000000 0.000000 
1281179202333 0.000000 0.000000 0.000000 
1281199008241 0.000000 0.000000 0.000000 
1281218844667 0.000000 0.000000 0.000000 
1281238681093 0.000000 0.000000 0.000000 
1281258487001 0.000000 0.000000 0.000000 
1281278323427 0.000000 0.000000 0.000000 
1281298129335 0.000000 0.000000 0.000000 
1281317935243 0.000000 0.000000 0.000000 
1281337771669 0.000000 0.000000 0.000000 
1281357577577 0.000000 0.000000 0.000000 
1281377383485 0.000000 0.000000 0.000000 
1281397219911 0.000000 0.000000 0.000000 
1281417025819 0.000000 0.000000 0.000000 
1281436862245 0.000000 0.000000 0.000000 
1281456668153 0.000000 0.000000 0.000000 
1281476474062 0.000000 0.000000 0.000000 
1281496310487 0.000000 0.000000 0.000000 
1281516146913 0.000000 0.000000 0.000000 
1281535952821 0.000000 0.000000 0.000000 
1281555789247 0.000000 0.000000 0.000000 
1281575595155 0.000000 0.000000 0.000000 
1281595401063 0.000000 0.000000 0.000000 
1281615237489 0.000000 0.000000 0.000000 
1281635043397 0.000000 0.000000 0.000000 
1281654849306 0.000000 0.000000 0.000000 
1281674685731 0.000000 0.000000 0.000000 
1281694491640 0.000000 0.000000 0.000000 
1281714328065 0.000000 0.000000 0.000000 
1281734133974 0.000000 0.000000 0.000000 
1281753939882 0.000000 0.000000 0.000000 
1281773776308 0.000000 0.000000 0.000000 
1281793612733 0.000000 0.000000 0.000000 
1281813418642 0.000000 0.000000 0.000000 
1281833255067 0.000000 0.000000 0.000000 
1281853060976 0.000000 0.000000 0.000000 
1281872866884 0.000000 0.000000 0.000000 
1281892703310 0.000000 0.000000 0.000000 
1281912509218 0.000000 0.000000 0.000000 
1281932315126 0.000000 0.000000 0.000000 
1281952151552 0.000000 0.000000 0.000000 
1281971957460 0.000000 0.000000 0.000000 
1281991793886 0.000000 0.000000 0.000000 
1282011599794 0.000000 0.000000 0.000000 
1282031405702 0.000000 0.000000 0.000000 
1282051242128 0.000000 0.000000 0.000000 
1282071078554 0.000000 0.000000 0.000000 
1282090884462 0.000000 0.000000 0.000000 
1282110720888 0.000000 0.000000 0.000000 
1282130526796 0.000000 0.000000 0.000000 
1282150332704 0.000000 0.000000 0.000000 
1282170169130 0.000000 0.000000 0.000000 
1282189975038 0.000000 0.000000 0.000000 
1282209780946 0.000000 0.000000 0.000000 
1282229617372 0.000000 0.000000 0.000000 
1282249423280 0.000000 0.000000 0.000000 
1282269229188 0.000000 0.000000 0.000000 
1282289065614 0.000000 0.000000 0.000000 
1282308871522 0.000000 0.000000 0.000000 
1282328677431 0.000000 0.000000 0.000000 
1282348513856 0.000000 0.000000 0.000000 
1282368350282 0.000000 0.000000 0.000000 
1282388186708 0.000000 0.000000 0.000000 
1282407992616 0.000000 0.000000 0.000000 
1282427798524 0.000000 0.000000 0.000000 
1282447634950 0.000000 0.000000 0.000000 
1282467440858 0.000000 0.000000 0.000000 
1282487246767 0.000000 0.000000 0.000000 
1282507083192 0.000000 0.000000 0.000000 
1282526889101 0.000000 0.000000 0.000000 
1282546695009 0.000000 0.000000 0.000000 
1282566531435 0.000000 0.000000 0.000000 
1282586337343 0.000000 0.000000 0.000000 
1282606143251 0.000000 0.000000 0.000000 
1282625979677 0.000000 0.000000 0.000000 
1282645816103 0.000000 0.000000 0.000000 
1282665652528 0.000000 0.000000 0.000000 
1282685458437 0.000000 0.000000 0.000000 
1282705264345 0.000000 0.000000 0.000000 
1282725100771 0.000000 0.000000 0.000000 
1282744906679 0.000000 0.000000 0.000000 
1282764712587 0.000000 0.000000 0.000000 
1282784549013 0.000000 0.000000 0.000000 
1282804354921 0.000000 0.000000 0.000000 
1282824160829 0.000000 0.000000 0.000000 
1282843997255 0.000000 0.000000 0.000000 
1282863803163 0.000000 0.000000 0.000000 
1282883639589 0.000000 0.000000 0.000000 
1282903445497 0.000000 0.000000 0.000000 
1282923251405 0.000000 0.000000 0.000000 
1282943087831 0.000000 0.000000 0.000000 
1282962924257 0.000000 0.000000 0.000000 
1282982730165 0.000000 0.000000 0.000000 
1283002566591 0.000000 0.000000 0.000000 
1283022372499 0.000000 0.000000 0.000000 
1283042178407 0.000000 0.000000 0.000000 
1283062014833 0.000000 0.000000 0.000000 
1283081820741 0.000000 0.000000 0.000000 
1283101657167 0.000000 0.000000 0.000000 
1283121463075 0.000000 0.000000 0.000000 
1283141268983 0.000000 0.000000 0.000000 
1283161105409 0.000000 0.000000 0.000000 
1283180911317 0.000000 0.000000 0.000000 
1283200717226 0.000000 0.000000 0.000000 
1283220553651 0.000000 0.000000 0.000000 
1283240390077 0.000000 0.000000 0.000000 
1283260195985 0.000000 0.000000 0.000000 
1283280032411 0.000000 0.000000 0.000000 
1283299838319 0.000000 0.000000 0.000000 
1283319674745 0.000000 0.000000 0.000000 
1283339480653 0.000000 0.000000 0.000000 
1283359286562 0.000000 0.000000 0.000000 
1283379122987 0.000000 0.000000 0.000000 
1283398928896 0.000000 0.000000 0.000000 
1283418734804 0.000000 0.000000 0.000000 
1283438571229 0.000000 0.000000 0.000000 
1283458377138 0.000000 0.000000 0.000000 
1283478183046 0.000000 0.000000 0.000000 
1283498019472 0.000000 0.000000 0.000000 
1283517855897 0.000000 0.000000 0.000000 
1283537661806 0.000000 0.000000 0.000000 
1283557498231 0.000000 0.000000 0.000000 
1283577304140 0.000000 0.000000 0.000000 
1283597140565 0.000000 0.000000 0.000000 
1283616946474 0.000000 0.000000 0.000000 
1283636752382 0.000000 0.000000 0.000000 
1283656588808 0.000000 0.000000 0.000000 
1283676394716 0.000000 0.000000 0.000000 
1283696200624 0.000000 0.000000 0.000000 
1283716037050 0.000000 0.000000 0.000000 
1283735842958 0.000000 0.000000 0.000000 
1283755648866 0.000000 0.000000 0.000000 
1283775485292 0.000000 0.000000 0.000000 
1283795321718 0.000000 0.000000 0.000000 
1283815127626 0.000000 0.000000 0.000000 
1283834964052 0.000000 0.000000 0.000000 
1283854769960 0.000000 0.000000 0.000000 
1283874606386 0.000000 0.000000 0.000000 
1283894412294 0.000000 0.000000 0.000000 
1283914218202 0.000000 0.000000 0.000000 
1283934054628 0.000000 0.000000 0.000000 
1283953860536 0.000000 0.000000 0.000000 
1283973666444 0.000000 0.000000 0.000000 
1283993502870 0.000000 0.000000 0.000000 
1284013308778 0.000000 0.000000 0.000000 
1284033114687 0.000000 0.000000 0.000000 
1284052951112 0.000000 0.000000 0.000000 
1284072787538 0.000000 0.000000 0.000000 
1284092623964 0.000000 0.000000 0.000000 
1284112429872 0.000000 0.000000 0.000000 
1284132235780 0.000000 0.000000 0.000000 
1284152072206 0.000000 0.000000 0.000000 
1284171878114 0.000000 0.000000 0.000000 
1284191684022 0.000000 0.000000 0.000000 
1284211520448 0.000000 0.000000 0.000000 
1284231326356 0.000000 0.000000 0.000000 
1284251132265 0.000000 0.000000 0.000000 
1284270968690 0.000000 0.000000 0.000000 
1284290774599 0.000000 0.000000 0.000000 
1284310611024 0.000000 0.000000 0.000000 
1284330416933 0.000000 0.000000 0.000000 
1284350222841 0.000000 0.000000 0.000000 
1284370059267 0.000000 0.000000 0.000000 
1284389895692 0.000000 0.000000 0.000000 
1284409701601 0.000000 0.000000 0.000000 
1284429538026 0.000000 0.000000 0.000000 
1284449343935 0.000000 0.000000 0.000000 
1284469149843 0.000000 0.000000 0.000000 
1284488986269 0.000000 0.000000 0.000000 
1284508792177 0.000000 0.000000 0.000000 
1284528598085 0.000000 0.000000 0.000000 
1284548434511 0.000000 0.000000 0.000000 
1284568240419 0.000000 0.000000 0.000000 
1284588076845 0.000000 0.000000 0.000000 
1284607882753 0.000000 0.000000 0.000000 
1284627688661 0.000000 0.000000 0.000000 
1284647525087 0.000000 0.000000 0.000000 
1284667361513 0.000000 0.000000 0.000000 
1284687167421 0.000000 0.000000 0.000000 
1284707003847 0.000000 0.000000 0.000000 
1284726809755 0.000000 0.000000 0.000000 
1284746615663 0.000000 0.000000 0.000000 
1284766452089 0.000000 0.000000 0.000000 
1284786257997 0.000000 0.000000 0.000000 
1284806094423 0.000000 0.000000 0.000000 
1284825900331 0.000000 0.000000 0.000000 
1284845706239 0.000000 0.000000 0.000000 
1284865542665 0.000000 0.000000 0.000000 
1284885348573 0.000000 0.000000 0.000000 
1284905154481 0.000000 0.000000 0.000000 
1284924990907 0.000000 0.000000 0.000000 
1284944827333 0.000000 0.000000 0.000000 
1284964633241 0.000000 0.000000 0.000000 
1284984469667 0.000000 0.000000 0.000000 
1285004275575 0.000000 0.000000 0.000000 
1285024112001 0.000000 0.000000 0.000000 
1285043917909 0.000000 0.000000 0.000000 
1285063723817 0.000000 0.000000 0.000000 
1285083560243 0.000000 0.000000 0.000000 
1285103366151 0.000000 0.000000 0.000000 
1285123172060 0.000000 0.000000 0.000000 
1285143008485 0.000000 0.000000 0.000000 
1285162814394 0.000000 0.000000 0.000000 
1285182620302 0.000000 0.000000 0.000000 
1285202456728 0.000000 0.000000 0.000000 
1285222293153 0.000000 0.000000 0.000000 
1285242129579 0.000000 0.000000 0.000000 
1285261935487 0.000000 0.000000 0.000000 
1285281741396 0.000000 0.000000 0.000000 
1285301577821 0.000000 0.000000 0.000000 
1285321383729 0.000000 0.000000 0.000000 
1285341189638 0.000000 0.000000 0.000000 
1285361026063 0.000000 0.000000 0.000000 
1285380831972 0.000000 0.000000 0.000000 
1285400637880 0.000000 0.000000 0.000000 
1285420474306 0.000000 0.000000 0.000000 
1285440280214 0.000000 0.000000 0.000000 
1285460086122 0.000000 0.000000 0.000000 
1285479922548 0.000000 0.000000 0.000000 
1285499758974 0.000000 0.000000 0.000000 
1285519564882 0.000000 0.000000 0.000000 
1285539401308 0.000000 0.000000 0.000000 
1285559207216 0.000000 0.000000 0.000000 
1285579043642 0.000000 0.000000 0.000000 
1285598849550 0.000000 0.000000 0.000000 
1285618655458 0.000000 0.000000 0.000000 
1285638491884 0.000000 0.000000 0.000000 
1285658297792 0.000000 0.000000 0.000000 
1285678103700 0.000000 0.000000 0.000000 
1285697940126 0.000000 0.000000 0.000000 
1285717746034 0.000000 0.000000 0.000000 
1285737582460 0.000000 0.000000 0.000000 
1285757388368 0.000000 0.000000 0.000000 
1285777194276 0.000000 0.000000 0.000000 
1285797030702 0.000000 0.000000 0.000000 
1285816867128 0.000000 0.000000 0.000000 
1285836673036 0.000000 0.000000 0.000000 
1285856509462 0.000000 0.000000 0.000000 
1285876315370 0.000000 0.000000 0.000000 
1285896121278 0.000000 0.000000 0.000000 
1285915957704 0.000000 0.000000 0.000000 
1285935763612 0.000000 0.000000 0.000000 
1285955600038 0.000000 0.000000 0.000000 
1285975405946 0.000000 0.000000 0.000000 
1285995211854 0.000000 0.000000 0.000000 
1286015048280 0.000000 0.000000 0.000000 
1286034854188 0.000000 0.000000 0.000000 
1286054660097 0.000000 0.000000 0.000000 
1286074496522 0.000000 0.000000 0.000000 
1286094332948 0.000000 0.000000 0.000000 
1286114138856 0.000000 0.000000 0.000000 
1286133975282 0.000000 0.000000 0.000000 
1286153781190 0.000000 0.000000 0.000000 
1286173587099 0.000000 0.000000 0.000000 
1286193423524 0.000000 0.000000 0.000000 
1286213229433 0.000000 0.000000 0.000000 
1286233065858 0.000000 0.000000 0.000000 
1286252871767 0.000000 0.000000 0.000000 
1286272677675 0.000000 0.000000 0.000000 
1286292514101 0.000000 0.000000 0.000000 
1286312320009 0.000000 0.000000 0.000000 
1286332125917 0.000000 0.000000 0.000000 
1286351962343 0.000000 0.000000 0.000000 
1286371798769 0.000000 0.000000 0.000000 
1286391604677 0.000000 0.000000 0.000000 
1286411441103 0.000000 0.000000 0.000000 
1286431247011 0.000000 0.000000 0.000000 
1286451052919 0.000000 0.000000 0.000000 
1286470889345 0.000000 0.000000 0.000000 
1286490695253 0.000000 0.000000 0.000000 
1286510501161 0.000000 0.000000 0.000000 
1286530337587 0.000000 0.000000 0.000000 
1286550143495 0.000000 0.000000 0.000000 
1286569979921 0.000000 0.000000 0.000000 
1286589785829 0.000000 0.000000 0.000000 
1286609591737 0.000000 0.000000 0.000000 
1286629428163 0.000000 0.000000 0.000000 
