# Created at Tue Jun 01 15:44:38 GMT+02:00 2021 in Burnaby Canada 
1280386477724 -0.135880 -0.090424 9.800888 
1280406283632 -0.107178 -0.104782 9.791321 
1280426089540 -0.097595 -0.078461 9.544861 
1280445925966 -0.123917 -0.109573 9.824814 
1280465731874 -0.116745 -0.104782 9.700394 
1280485537782 -0.131104 -0.121536 9.748245 
1280505374208 -0.119141 -0.083252 9.781754 
1280525180116 -0.116745 -0.095215 9.733887 
1280544986024 -0.114349 -0.102402 9.726715 
1280564822450 -0.126312 -0.107178 9.824814 
1280584628358 -0.131104 -0.097610 9.760208 
1280604464784 -0.121521 -0.100006 9.762604 
1280624270692 -0.116745 -0.102402 9.776962 
1280644107118 -0.121521 -0.090424 9.791321 
1280663943544 -0.119141 -0.097610 9.776962 
1280683749452 -0.123917 -0.097610 9.760208 
1280703555360 -0.121521 -0.109573 9.762604 
1280723391786 -0.116745 -0.097610 9.767395 
1280743197694 -0.131104 -0.095215 9.762604 
1280763003603 -0.128708 -0.097610 9.755432 
1280782840028 -0.119141 -0.097610 9.755432 
1280802645937 -0.126312 -0.102402 9.753036 
1280822482362 -0.119141 -0.095215 9.736282 
1280842288271 -0.123917 -0.092819 9.757828 
1280862094179 -0.111954 -0.097610 9.769791 
1280881930604 -0.116745 -0.092819 9.774567 
1280901736513 -0.116745 -0.102402 9.755432 
1280921572938 -0.128708 -0.097610 9.753036 
1280941409364 -0.121521 -0.102402 9.748245 
1280961215272 -0.119141 -0.095215 9.757828 
1280981021181 -0.123917 -0.088043 9.753036 
1281000857606 -0.116745 -0.104782 9.750641 
1281020663515 -0.121521 -0.100006 9.743469 
1281040469423 -0.114349 -0.092819 9.741074 
1281060305849 -0.123917 -0.097610 9.741074 
1281080111757 -0.111954 -0.095215 9.745865 
1281099917665 -0.121521 -0.102402 9.762604 
1281119754091 -0.114349 -0.088043 9.755432 
1281139559999 -0.114349 -0.092819 9.741074 
1281159396425 -0.126312 -0.092819 9.741074 
1281179202333 -0.126312 -0.092819 9.743469 
1281199008241 -0.116745 -0.097610 9.750641 
1281218844667 -0.126312 -0.095215 9.745865 
1281238681093 -0.126312 -0.107178 9.745865 
1281258487001 -0.116745 -0.097610 9.741074 
1281278323427 -0.126312 -0.100006 9.743469 
1281298129335 -0.119141 -0.102402 9.738678 
1281317935243 -0.126312 -0.102402 9.741074 
1281337771669 -0.119141 -0.095215 9.757828 
1281357577577 -0.119141 -0.085648 9.760208 
1281377383485 -0.119141 -0.092819 9.743469 
1281397219911 -0.126312 -0.107178 9.741074 
1281417025819 -0.135880 -0.104782 9.748245 
1281436862245 -0.147842 -0.126328 9.764999 
1281456668153 -0.044952 -0.011475 9.664505 
1281476474062 -0.143066 -0.107178 9.896606 
1281496310487 -0.207672 -0.207672 9.623825 
1281516146913 -0.083237 -0.052139 9.678864 
1281535952821 -0.037781 -0.001892 9.736282 
1281555789247 -0.157425 -0.128708 9.901398 
1281575595155 -0.205276 -0.207672 9.630997 
1281595401063 -0.068893 -0.037781 9.695602 
1281615237489 -0.040176 0.000504 9.762604 
1281635043397 -0.186142 -0.167007 9.793716 
1281654849306 -0.178955 -0.188538 9.640579 
1281674685731 -0.025818 0.014847 9.721924 
1281694491640 -0.104782 -0.064102 9.946854 
1281714328065 -0.212463 -0.238785 9.654938 
1281734133974 -0.083237 -0.083252 9.650146 
1281753939882 -0.035385 0.017242 9.745865 
1281773776308 -0.200485 -0.181351 9.800888 
1281793612733 -0.164597 -0.174179 9.638184 
1281813418642 -0.018631 0.022034 9.743469 
1281833255067 -0.135880 -0.102402 9.946854 
1281853060976 -0.214844 -0.226822 9.585541 
1281872866884 -0.044952 -0.018646 9.678864 
1281892703310 -0.080856 -0.042572 9.894211 
1281912509218 -0.224426 -0.236389 9.686035 
1281932315126 -0.088028 -0.068893 9.645355 
1281952151552 -0.037781 0.005280 9.760208 
1281971957460 -0.212463 -0.202896 9.798492 
1281991793886 -0.133499 -0.138290 9.633392 
1282011599794 -0.013855 0.036392 9.733887 
1282031405702 -0.166992 -0.157425 9.855927 
1282051242128 -0.186142 -0.193329 9.623825 
1282071078554 -0.021027 0.024429 9.738678 
1282090884462 -0.131104 -0.102402 9.939682 
1282110720888 -0.222031 -0.229218 9.590317 
1282130526796 -0.035385 -0.011475 9.683640 
1282150332704 -0.080856 -0.044968 9.910965 
1282170169130 -0.233994 -0.236389 9.654938 
1282189975038 -0.071274 -0.052139 9.645355 
1282209780946 -0.047348 -0.004288 9.817642 
1282229617372 -0.226807 -0.214859 9.764999 
1282249423280 -0.111954 -0.100006 9.621429 
1282269229188 -0.032990 0.017242 9.762604 
1282289065614 -0.188522 -0.186142 9.827209 
1282308871522 -0.147842 -0.152649 9.650146 
1282328677431 -0.016251 0.024429 9.733887 
1282348513856 -0.157425 -0.145462 9.879852 
1282368350282 -0.205276 -0.202896 9.599899 
1282388186708 -0.028214 0.022034 9.717148 
1282407992616 -0.116745 -0.088043 9.942062 
1282427798524 -0.222031 -0.229218 9.583145 
1282447634950 -0.040176 -0.004288 9.666901 
1282467440858 -0.085632 -0.042572 9.908569 
1282487246767 -0.229202 -0.233994 9.686035 
1282507083192 -0.078461 -0.049759 9.659714 
1282526889101 -0.047348 0.005280 9.791321 
1282546695009 -0.222031 -0.219650 9.796112 
1282566531435 -0.119141 -0.119141 9.633392 
1282586337343 -0.025818 0.026825 9.741074 
1282606143251 -0.190918 -0.176575 9.822433 
1282625979677 -0.174164 -0.181351 9.642960 
1282645816103 -0.025818 0.031601 9.721924 
1282665652528 -0.155029 -0.133499 9.889420 
1282685458437 -0.202881 -0.214859 9.602295 
1282705264345 -0.018631 0.019638 9.712357 
1282725100771 -0.111954 -0.083252 9.939682 
1282744906679 -0.222031 -0.233994 9.611862 
1282764712587 -0.040176 -0.013855 9.688431 
1282784549013 -0.083237 -0.035400 9.906174 
1282804354921 -0.229202 -0.236389 9.674072 
1282824160829 -0.076065 -0.049759 9.662109 
1282843997255 -0.049744 -0.009079 9.815247 
1282863803163 -0.222031 -0.224426 9.781754 
1282883639589 -0.102386 -0.102402 9.633392 
1282903445497 -0.042572 0.022034 9.736282 
1282923251405 -0.190918 -0.188538 9.815247 
1282943087831 -0.147842 -0.147858 9.659714 
1282962924257 -0.021027 0.036392 9.729111 
1282982730165 -0.166992 -0.152649 9.855927 
1283002566591 -0.183746 -0.198105 9.623825 
1283022372499 -0.023422 0.022034 9.726715 
1283042178407 -0.140671 -0.104782 9.934891 
1283062014833 -0.214844 -0.222031 9.592712 
1283081820741 -0.040176 -0.001892 9.695602 
1283101657167 -0.097595 -0.059326 9.922928 
1283121463075 -0.226807 -0.241180 9.635788 
1283141268983 -0.056915 -0.042572 9.674072 
1283161105409 -0.061707 -0.021042 9.865494 
1283180911317 -0.224426 -0.229218 9.743469 
1283200717226 -0.095215 -0.078461 9.640579 
1283220553651 -0.044952 0.007675 9.762604 
1283240390077 -0.214844 -0.202896 9.810471 
1283260195985 -0.131104 -0.133499 9.642960 
1283280032411 -0.025818 0.022034 9.731506 
1283299838319 -0.171783 -0.167007 9.841568 
1283319674745 -0.178955 -0.193329 9.616638 
1283339480653 -0.023422 0.029205 9.724319 
1283359286562 -0.143066 -0.109573 9.932495 
1283379122987 -0.212463 -0.224426 9.580750 
1283398928896 -0.037781 -0.004288 9.693222 
1283418734804 -0.104782 -0.049759 9.934891 
1283438571229 -0.224426 -0.231613 9.630997 
1283458377138 -0.066498 -0.042572 9.669281 
1283478183046 -0.054535 -0.011475 9.820038 
1283498019472 -0.217239 -0.222031 9.769791 
1283517855897 -0.114349 -0.109573 9.619034 
1283537661806 -0.025818 0.019638 9.731506 
1283557498231 -0.186142 -0.174179 9.817642 
1283577304140 -0.166992 -0.178970 9.621429 
1283597140565 -0.025818 0.038788 9.712357 
1283616946474 -0.143066 -0.123932 9.934891 
1283636752382 -0.205276 -0.210068 9.602295 
1283656588808 -0.032990 0.010071 9.686035 
1283676394716 -0.097595 -0.061722 9.922928 
1283696200624 -0.222031 -0.245956 9.638184 
1283716037050 -0.073669 -0.040176 9.669281 
1283735842958 -0.052139 -0.006683 9.803284 
1283755648866 -0.210068 -0.226822 9.769791 
1283775485292 -0.114349 -0.109573 9.621429 
1283795321718 -0.025818 0.019638 9.726715 
1283815127626 -0.195709 -0.183746 9.786530 
1283834964052 -0.162201 -0.169388 9.654938 
1283854769960 -0.011459 0.031601 9.741074 
1283874606386 -0.155029 -0.131104 9.882248 
1283894412294 -0.193314 -0.207672 9.587936 
1283914218202 -0.032990 0.017242 9.709961 
1283934054628 -0.126312 -0.083252 9.934891 
1283953860536 -0.222031 -0.219650 9.587936 
1283973666444 -0.049744 -0.011475 9.686035 
1283993502870 -0.076065 -0.035400 9.884644 
1284013308778 -0.217239 -0.226822 9.697998 
1284033114687 -0.097595 -0.080856 9.630997 
1284052951112 -0.035385 0.005280 9.736282 
1284072787538 -0.198105 -0.195709 9.810471 
1284092623964 -0.143066 -0.143066 9.662109 
1284112429872 -0.016251 0.041168 9.736282 
1284132235780 -0.181351 -0.162216 9.829605 
1284152072206 -0.183746 -0.190933 9.619034 
1284171878114 -0.016251 0.043564 9.717148 
1284191684022 -0.152634 -0.119141 9.901398 
1284211520448 -0.202881 -0.219650 9.583145 
1284231326356 -0.023422 0.014847 9.705185 
1284251132265 -0.109558 -0.071289 9.937286 
1284270968690 -0.222031 -0.241180 9.578354 
1284290774599 -0.054535 -0.018646 9.678864 
1284310611024 -0.064102 -0.033005 9.889420 
1284330416933 -0.229202 -0.226822 9.712357 
1284350222841 -0.085632 -0.061722 9.659714 
1284370059267 -0.044952 0.007675 9.762604 
1284389895692 -0.210068 -0.210068 9.788925 
1284409701601 -0.131104 -0.133499 9.640579 
1284429538026 -0.018631 0.043564 9.738678 
1284449343935 -0.186142 -0.174179 9.832001 
1284469149843 -0.171783 -0.188538 9.638184 
1284488986269 -0.023422 0.041168 9.714752 
1284508792177 -0.159821 -0.138290 9.877457 
1284528598085 -0.188522 -0.205292 9.614258 
1284548434511 -0.023422 0.041168 9.745865 
1284568240419 -0.140671 -0.109573 9.934891 
1284588076845 -0.202881 -0.229218 9.578354 
1284607882753 -0.035385 0.014847 9.714752 
1284627688661 -0.102386 -0.066498 9.949249 
1284647525087 -0.226807 -0.231613 9.628616 
1284667361513 -0.068893 -0.044968 9.690826 
1284687167421 -0.054535 -0.006683 9.824814 
1284707003847 -0.222031 -0.226822 9.760208 
1284726809755 -0.109558 -0.114365 9.645355 
1284746615663 -0.023422 0.024429 9.767395 
1284766452089 -0.190918 -0.183746 9.817642 
1284786257997 -0.157425 -0.159821 9.674072 
1284806094423 -0.025818 0.038788 9.755432 
1284825900331 -0.159821 -0.157425 9.906174 
1284845706239 -0.200485 -0.212463 9.635788 
1284865542665 -0.028214 0.014847 9.743469 
1284885348573 -0.116745 -0.071289 9.958817 
1284905154481 -0.219635 -0.245956 9.621429 
1284924990907 -0.059311 -0.030609 9.712357 
1284944827333 -0.068893 -0.028214 9.894211 
1284964633241 -0.224426 -0.233994 9.753036 
1284984469667 -0.109558 -0.092819 9.666901 
1285004275575 -0.030594 0.019638 9.805679 
1285024112001 -0.202881 -0.195709 9.846359 
1285043917909 -0.143066 -0.157425 9.695602 
1285063723817 -0.023422 0.038788 9.784149 
1285083560243 -0.181351 -0.167007 9.891815 
1285103366151 -0.162201 -0.186142 9.683640 
1285123172060 -0.021027 0.029205 9.772186 
1285143008485 -0.155029 -0.135895 9.951645 
1285162814394 -0.202881 -0.229218 9.633392 
1285182620302 -0.016251 0.019638 9.764999 
1285202456728 -0.126312 -0.090424 9.989929 
1285222293153 -0.224426 -0.243576 9.642960 
1285242129579 -0.042572 0.007675 9.764999 
1285261935487 -0.102386 -0.059326 9.994705 
1285281741396 -0.217239 -0.238785 9.676468 
1285301577821 -0.066498 -0.052139 9.738678 
1285321383729 -0.073669 -0.021042 9.925323 
1285341189638 -0.224426 -0.236389 9.769791 
1285361026063 -0.095215 -0.083252 9.717148 
1285380831972 -0.047348 0.000504 9.841568 
1285400637880 -0.217239 -0.217255 9.841568 
1285420474306 -0.135880 -0.131104 9.702789 
1285440280214 -0.023422 0.033997 9.812851 
1285460086122 -0.188522 -0.188538 9.882248 
1285479922548 -0.162201 -0.181351 9.712357 
1285499758974 -0.023422 0.043564 9.805679 
1285519564882 -0.284241 -0.131104 9.863113 
1285539401308 -0.088028 -0.193329 9.791321 
1285559207216 -0.119141 -0.138290 9.824814 
1285579043642 -0.078461 -0.064102 9.781754 
1285598849550 -0.044952 0.000504 9.724319 
1285618655458 -0.133499 -0.119141 10.018646 
1285638491884 -0.214844 -0.238785 9.714752 
1285658297792 -0.114349 -0.095215 9.690826 
1285678103700 -0.030594 0.029205 9.817642 
1285697940126 -0.171783 -0.147858 9.946854 
1285717746034 -0.195709 -0.217255 9.676468 
1285737582460 -0.040176 -0.004288 9.781754 
1285757388368 -0.097595 -0.068893 9.989929 
1285777194276 -0.219635 -0.245956 9.700394 
1285797030702 -0.080856 -0.066498 9.753036 
1285816867128 -0.049744 -0.004288 9.860718 
1285836673036 -0.214844 -0.224426 9.855927 
1285856509462 -0.133499 -0.145462 9.697998 
1285876315370 -0.028214 0.024429 9.800888 
1285896121278 -0.171783 -0.169388 9.961212 
1285915957704 -0.183746 -0.205292 9.690826 
1285935763612 -0.028214 0.026825 9.798492 
1285955600038 -0.145462 -0.080856 9.903778 
1285975405946 -0.150238 -0.241180 9.839172 
1285995211854 -0.135880 -0.140686 9.707565 
1286015048280 -0.088028 -0.009079 9.791321 
1286034854188 -0.083237 -0.042572 9.987534 
1286054660097 -0.229202 -0.236389 9.748245 
1286074496522 -0.099991 -0.090424 9.714752 
1286094332948 -0.040176 0.010071 9.827209 
1286114138856 -0.212463 -0.214859 9.851135 
1286133975282 -0.140671 -0.143066 9.721924 
1286153781190 -0.023422 0.029205 9.832001 
1286173587099 -0.183746 -0.178970 9.891815 
1286193423524 -0.159821 -0.176575 9.695602 
1286213229433 -0.025818 0.024429 9.805679 
1286233065858 -0.164597 -0.155029 9.954041 
1286252871767 -0.195709 -0.207672 9.657318 
1286272677675 -0.016251 0.026825 9.791321 
1286292514101 -0.150238 -0.131104 9.980362 
1286312320009 -0.198105 -0.238785 9.645355 
1286332125917 -0.023422 0.017242 9.769791 
1286351962343 -0.126312 -0.095215 9.989929 
1286371798769 -0.210068 -0.238785 9.652542 
1286391604677 -0.028214 0.045959 9.822433 
1286411441103 -0.176559 -0.178970 9.834396 
1286431247011 -0.114349 -0.085648 9.774567 
1286451052919 -0.121521 -0.109573 9.812851 
1286470889345 -0.123917 -0.100006 9.803284 
1286490695253 -0.123917 -0.100006 9.800888 
1286510501161 -0.116745 -0.111969 9.798492 
1286530337587 -0.128708 -0.100006 9.800888 
1286550143495 -0.126312 -0.102402 9.798492 
1286569979921 -0.128708 -0.100006 9.784149 
1286589785829 -0.119141 -0.107178 9.810471 
1286609591737 -0.116745 -0.102402 9.820038 
1286629428163 -0.116745 -0.102402 9.822433 
