1113646217806 -0.000107 0.000519 -0.003403  
1113666023714 -0.000107 0.000519 -0.003403  
1113685829622 0.001099 0.000519 -0.004608  
1113705666048 -0.000107 0.000519 -0.004608  
1113725471956 -0.000107 0.001740 -0.004608  
1113745277865 -0.000107 0.001740 -0.004608  
1113765114290 -0.001343 0.000519 -0.003403  
1113784920199 -0.000107 0.000519 -0.003403  
1113804726107 -0.000107 -0.000702 -0.003403  
1113824562533 -0.000107 -0.000702 -0.003403  
1113844398958 -0.000107 -0.000702 -0.003403  
1113864204867 0.001099 0.000519 -0.004608  
1113884041292 0.001099 0.000519 -0.003403  
1113903847201 -0.000107 0.000519 -0.003403  
1113923653109 -0.000107 0.001740 -0.004608  
1113943489535 0.001099 0.000519 -0.004608  
1113963295443 -0.000107 0.000519 -0.003403  
1113983101351 -0.001343 0.000519 -0.003403  
1114002937777 -0.000107 0.000519 -0.004608  
1114022743685 -0.000107 0.000519 -0.003403  
1114042549593 -0.001343 0.000519 -0.003403  
1114062386019 -0.000107 0.000519 -0.003403  
1114082191927 -0.000107 0.000519 -0.003403  
1114102028353 -0.001343 0.000519 -0.004608  
1114121864779 -0.001343 0.001740 -0.003403  
1114141670687 -0.000107 0.000519 -0.003403  
1114161507113 -0.000107 0.000519 -0.003403  
1114181313021 -0.000107 0.000519 -0.004608  
1114201118929 -0.000107 0.000519 -0.003403  
1114220955355 -0.000107 -0.000702 -0.003403  
1114240761263 -0.000107 -0.000702 -0.003403  
1114260567171 -0.000107 0.000519 -0.003403  
1114280403597 -0.000107 0.000519 -0.003403  
1114300209505 -0.000107 0.000519 -0.004608  
1114320015413 -0.000107 0.000519 -0.003403  
1114339851839 0.001099 -0.000702 -0.003403  
1114359657747 -0.000107 0.000519 -0.003403  
1114379463656 -0.000107 0.000519 -0.004608  
1114399300081 0.001099 0.000519 -0.004608  
1114419136507 -0.000107 -0.000702 -0.003403  
1114438942415 -0.000107 -0.000702 -0.003403  
1114458778841 -0.000107 0.000519 -0.003403  
1114478584749 -0.000107 0.000519 -0.003403  
1114498421175 -0.001343 -0.000702 -0.003403  
1114518227083 -0.001343 -0.000702 -0.003403  
1114538032992 -0.001343 0.000519 -0.004608  
1114557869417 -0.001343 0.000519 -0.004608  
1114577675326 -0.000107 0.000519 -0.003403  
1114597481234 -0.000107 0.000519 -0.004608  
1114617317660 -0.000107 0.000519 -0.004608  
1114637123568 -0.000107 -0.000702 -0.003403  
1114656929476 -0.000107 0.000519 -0.003403  
1114676765902 -0.000107 0.000519 -0.003403  
1114696602328 -0.000107 0.000519 -0.003403  
1114716408236 -0.001343 0.000519 -0.003403  
1114736244662 -0.001343 0.000519 -0.004608  
1114756050570 -0.000107 -0.000702 -0.003403  
1114775856478 -0.001343 -0.000702 -0.003403  
1114795692904 -0.000107 0.000519 -0.003403  
1114815498812 -0.000107 0.000519 -0.003403  
1114835304720 -0.000107 0.000519 -0.004608  
1114855141146 -0.000107 0.000519 -0.004608  
1114874947054 0.001099 0.000519 -0.003403  
1114894783480 -0.000107 0.000519 -0.003403  
1114914589388 -0.001343 -0.000702 -0.003403  
1114934395296 -0.000107 -0.001938 -0.003403  
1114954231722 -0.000107 0.000519 -0.003403  
1114974068148 -0.001343 0.000519 -0.003403  
1114993874056 -0.000107 0.000519 -0.003403  
1115013679964 -0.000107 0.000519 -0.004608  
1115033516390 -0.000107 -0.000702 -0.003403  
1115053322298 -0.000107 0.000519 -0.004608  
1115073128206 0.001099 0.000519 -0.004608  
1115092964632 0.001099 -0.000702 -0.003403  
1115112770540 -0.001343 0.000519 -0.003403  
1115132606966 -0.000107 0.000519 -0.003403  
1115152412874 -0.001343 -0.000702 -0.003403  
1115172218783 -0.001343 -0.000702 -0.003403  
1115192055208 -0.000107 0.000519 -0.003403  
1115211861117 -0.000107 0.000519 -0.003403  
1115231667025 -0.000107 0.000519 -0.004608  
1115251503451 -0.000107 0.000519 -0.004608  
1115271339876 -0.000107 0.000519 -0.003403  
1115291176302 -0.000107 -0.000702 -0.003403  
1115310982210 -0.000107 0.000519 -0.004608  
1115330788119 0.001099 0.000519 -0.004608  
1115350624544 0.001099 0.000519 -0.003403  
1115370430453 -0.001343 -0.000702 -0.003403  
1115390236361 -0.000107 0.000519 -0.003403  
1115410072787 -0.000107 0.001740 -0.003403  
1115429878695 -0.001343 0.000519 -0.003403  
1115449684603 -0.000107 -0.000702 -0.003403  
1115469521029 -0.000107 0.000519 -0.003403  
1115489326937 -0.000107 0.000519 -0.003403  
1115509132845 -0.000107 -0.000702 -0.003403  
1115528969271 0.001099 -0.000702 -0.004608  
1115548805697 0.001099 0.000519 -0.003403  
1115568611605 -0.000107 0.000519 -0.003403  
1115588448031 -0.000107 0.000519 -0.003403  
1115608253939 -0.000107 -0.000702 -0.003403  
1115628059847 -0.001343 -0.000702 -0.003403  
