3212596636244 1018.608215  
3212629961439 1018.609619  
3212663286634 1018.591492  
3212696611830 1018.600403  
3212729937025 1018.590637  
3212763262220 1018.608582  
3212796587415 1018.594055  
3212829912611 1018.615906  
3212863237806 1018.598328  
3212896563001 1018.603821  
3212929888197 1018.597168  
3212963213392 1018.598633  
3212996538587 1018.602112  
3213029863783 1018.600037  
3213063188978 1018.614441  
3213096514173 1018.596985  
3213129839369 1018.605957  
3213163164564 1018.584045  
3213196489759 1018.598328  
3213229814955 1018.590576  
3213263140150 1018.601379  
3213296465345 1018.604675  
3213329790540 1018.609375  
3213363115736 1018.604675  
3213396440931 1018.594543  
3213429766126 1018.606628  
3213463091322 1018.592957  
3213496416517 1018.595032  
3213529741712 1018.599915  
3213563066908 1018.601074  
3213596392103 1018.596680  
3213629717298 1018.599548  
3213663042494 1018.604919  
3213696367689 1018.584045  
3213729692884 1018.598877  
3213763018080 1018.581055  
3213796343275 1018.590027  
3213829668470 1018.583801  
3213862993665 1018.600891  
3213896318861 1018.596924  
3213929644056 1018.599365  
3213962969251 1018.612976  
3213996294447 1018.602051  
3214029619642 1018.602966  
3214062944837 1018.593079  
3214096270033 1018.597961  
3214129595228 1018.581787  
3214162920423 1018.581482  
3214196245619 1018.585205  
3214229570814 1018.582214  
3214262896009 1018.605408  
3214296221205 1018.593811  
3214329546400 1018.610046  
3214362871595 1018.599915  
3214396196790 1018.605957  
3214429521986 1018.591064  
3214462847181 1018.596680  
3214496172376 1018.595215  
3214529497572 1018.598816  
3214562822767 1018.602600  
3214596147962 1018.591797  
3214629473158 1018.597107  
3214662798353 1018.580750  
3214696123548 1018.591248  
3214729448744 1018.562439  
3214762773939 1018.586426  
3214796099134 1018.579346  
3214829424330 1018.591492  
3214862749525 1018.583679  
3214896074720 1018.592102  
3214929399915 1018.625305  
3214962725111 1018.778076  
3214996050306 1018.867493  
3215029375501 1018.864258  
3215062700697 1018.853455  
3215096025892 1018.794983  
3215129351087 1018.624512  
3215162676283 1018.560547  
3215196001478 1018.557068  
3215229326673 1018.559998  
3215262651869 1018.547424  
3215295977064 1018.561462  
3215329302259 1018.544006  
3215362627455 1018.556335  
3215395952650 1018.544128  
3215429277845 1018.552979  
3215462603040 1018.540710  
3215495928236 1018.549988  
