3211271044203 -0.761414 -23.504639 18.154907  
3211290911146 -0.610352 -23.504639 18.154907  
3211310778089 -0.610352 -23.504639 18.154907  
3211330645033 -0.761414 -23.504639 18.154907  
3211350542494 -0.761414 -23.504639 18.154907  
3211370409437 -0.761414 -23.504639 18.154907  
3211390306898 -0.761414 -23.504639 18.154907  
3211410173841 -0.761414 -23.655701 18.156433  
3211430040785 -0.610352 -23.655701 18.156433  
3211449907728 -0.611877 -23.504639 17.855835  
3211469805189 -0.611877 -23.503113 17.558289  
3211489672132 -0.611877 -23.503113 17.558289  
3211509539076 -0.611877 -23.503113 17.706299  
3211529406019 -0.009155 -23.506165 17.707825  
3211549272962 0.743103 -23.509216 17.709351  
3211569170423 0.442505 -23.507690 17.709351  
3211589037367 0.442505 -23.507690 17.709351  
3211608904310 0.442505 -23.509216 17.858887  
3211628771253 0.442505 -23.509216 17.858887  
3211648638197 0.440979 -23.208618 17.709351  
3211668505140 0.289917 -23.059082 17.707825  
3211688372083 -0.009155 -23.506165 17.707825  
3211708239027 -0.160217 -23.506165 17.707825  
3211728105970 -1.817322 -23.199463 17.704773  
3211748033949 -2.720642 -23.045349 17.700195  
3211767900892 -2.119446 -23.048401 17.701721  
3211787767835 -1.216125 -23.052979 17.703247  
3211807634779 -1.216125 -23.052979 17.703247  
3211827501722 -1.214600 -23.054504 18.000793  
3211847368665 -1.062012 -23.054504 18.002319  
3211867235609 -1.060486 -23.057556 18.899536  
3211887102552 -1.060486 -23.057556 18.600464  
3211906969496 -1.060486 -23.057556 18.600464  
3211926866956 -0.459290 -23.060608 18.601990  
3211946733900 -0.007629 -23.062134 18.601990  
3211966600843 -0.158691 -23.211670 18.603516  
3211986467787 -0.158691 -23.211670 18.603516  
3212006334730 -0.158691 -23.211670 18.603516  
3212026201673 -0.160217 -23.210144 18.453979  
3212046099134 -0.158691 -23.509216 18.453979  
3212065966078 -0.157166 -23.809814 18.455505  
3212085833021 -0.158691 -23.660278 18.455505  
3212105730482 -0.459290 -23.507690 18.453979  
3212125597425 -0.459290 -23.507690 18.453979  
3212145464369 -0.459290 -23.507690 18.453979  
3212165331312 -0.610352 -23.506165 18.452454  
3212185198255 -0.610352 -23.506165 18.452454  
3212205065199 -0.158691 -23.509216 18.453979  
3212224962660 -0.157166 -23.510742 18.603516  
3212244829603 -0.157166 -23.510742 18.603516  
3212264696546 -0.157166 -23.510742 18.603516  
3212284563490 -0.157166 -23.510742 18.603516  
3212304430433 -0.157166 -23.510742 18.603516  
3212324327894 -0.157166 -23.510742 18.603516  
3212344194837 -0.157166 -23.510742 18.603516  
3212364061781 -0.158691 -23.509216 18.453979  
3212383959242 -1.211548 -24.403381 17.709351  
3212403826185 -0.456238 -24.855042 17.117310  
3212423693128 -0.459290 -24.404907 17.115784  
3212443560072 -0.459290 -24.105835 17.114258  
3212463427015 -0.457764 -24.108887 17.860413  
3212483293958 -0.456238 -24.108887 18.008423  
3212503160902 -0.457764 -23.956299 18.159485  
3212523027845 -0.457764 -23.806763 18.157959  
3212542894789 -0.459290 -23.657227 18.157959  
3212562792249 -0.462341 -22.755432 18.153381  
3212582659193 -0.462341 -22.904968 18.154907  
3212602556654 -0.462341 -22.755432 18.153381  
3212622423597 -0.463867 -22.605896 18.153381  
3212642290540 -0.462341 -22.904968 18.003845  
3212662157484 -0.462341 -22.904968 18.154907  
3212682024427 -0.161743 -22.906494 18.003845  
3212701891371 -0.161743 -22.906494 18.003845  
3212721788831 -0.163269 -22.906494 17.855835  
3212741655775 -0.161743 -23.059082 17.855835  
3212761522718 -0.161743 -23.059082 17.855835  
3212781389662 -0.161743 -23.208618 17.857361  
3212801256605 -0.161743 -23.208618 17.857361  
3212821123548 -0.010681 -23.208618 17.857361  
3212840990492 -0.010681 -23.208618 17.857361  
3212860857435 -0.010681 -23.059082 17.855835  
3212880754896 -0.010681 -23.208618 17.857361  
3212900652357 -0.009155 -23.208618 18.005371  
3212920519300 -0.009155 -23.208618 18.005371  
3212940386244 -0.009155 -23.208618 18.005371  
3212960253187 -0.009155 -23.208618 18.005371  
3212980120130 -0.761414 -23.504639 18.003845  
3212999987074 -0.761414 -23.504639 18.003845  
3213019884535 -0.761414 -23.504639 18.003845  
3213039751478 -0.761414 -23.504639 18.003845  
3213059618421 -0.762939 -23.504639 17.855835  
3213079485365 -0.765991 -23.498535 16.511536  
3213099352308 -0.762939 -23.501587 17.259216  
3213119219251 -0.762939 -23.501587 17.259216  
3213139086195 -0.762939 -23.501587 17.259216  
3213158953138 -0.762939 -23.501587 17.259216  
3213178881117 -0.762939 -23.501587 17.259216  
3213198748060 -0.762939 -23.503113 17.558289  
3213218615003 -0.611877 -23.503113 17.706299  
3213238481947 -0.610352 -23.504639 18.154907  
3213258348890 -0.610352 -23.504639 18.003845  
