# Created at Tue Jun 01 16:16:47 GMT+02:00 2021 in Burnaby Canada 
3209328813978 -0.007506 -0.000542 0.707102 0.707072 
3209348619886 -0.007512 -0.000569 0.707102 0.707072 
3209368456312 -0.007513 -0.000578 0.707102 0.707072 
3209388262220 -0.007525 -0.000575 0.707102 0.707072 
3209408068128 -0.007528 -0.000581 0.707102 0.707072 
3209427904554 -0.007545 -0.000595 0.707101 0.707072 
3209447710462 -0.007539 -0.000598 0.707102 0.707072 
3209467546888 -0.007533 -0.000595 0.707102 0.707072 
3209487383314 -0.007531 -0.000595 0.707102 0.707072 
3209507189222 -0.007539 -0.000584 0.707102 0.707072 
3209527025648 -0.007549 -0.000581 0.707102 0.707071 
3209546831556 -0.007534 -0.000576 0.707102 0.707072 
3209566637464 -0.007537 -0.000582 0.707102 0.707072 
3209586473890 -0.007543 -0.000563 0.707102 0.707071 
3209606279798 -0.007556 -0.000569 0.707102 0.707071 
3209626085706 -0.007556 -0.000572 0.707102 0.707071 
3209645922132 -0.007546 -0.000579 0.707102 0.707071 
3209665728040 -0.007554 -0.000584 0.707101 0.707071 
3209685533949 -0.007553 -0.000599 0.707101 0.707072 
3209705370374 -0.007558 -0.000601 0.707101 0.707072 
3209725176283 -0.007572 -0.000596 0.707101 0.707071 
3209745012708 -0.007576 -0.000598 0.707101 0.707071 
3209764849134 -0.007578 -0.000598 0.707101 0.707071 
3209784655042 -0.007594 -0.000601 0.707101 0.707071 
3209804491468 -0.007592 -0.000609 0.707101 0.707071 
3209824297376 -0.007593 -0.000603 0.707101 0.707071 
3209844103285 -0.007600 -0.000602 0.707101 0.707071 
3209863939710 -0.007606 -0.000597 0.707101 0.707071 
3209883745619 -0.007604 -0.000588 0.707101 0.707071 
3209903551527 -0.007607 -0.000608 0.707101 0.707071 
3209923387953 -0.007613 -0.000613 0.707101 0.707071 
3209943193861 -0.007628 -0.000604 0.707101 0.707071 
3209963030287 -0.007625 -0.000589 0.707101 0.707071 
3209982836195 -0.007630 -0.000596 0.707101 0.707071 
3210002642103 -0.007644 -0.000615 0.707101 0.707071 
3210022478529 -0.007644 -0.000592 0.707101 0.707071 
3210042314955 -0.007626 -0.000581 0.707101 0.707071 
3210062151380 -0.007620 -0.000576 0.707101 0.707071 
3210081957289 -0.007626 -0.000577 0.707101 0.707071 
3210101763197 -0.007623 -0.000574 0.707101 0.707071 
3210121599623 -0.007618 -0.000580 0.707101 0.707071 
3210141405531 -0.007607 -0.000597 0.707101 0.707071 
3210161211439 -0.007591 -0.000591 0.707101 0.707071 
3210181047865 -0.007583 -0.000566 0.707102 0.707071 
3210200853773 -0.007583 -0.000581 0.707101 0.707071 
3210220659681 -0.007576 -0.000578 0.707101 0.707071 
3210240496107 -0.007555 -0.000573 0.707102 0.707071 
3210260302015 -0.007546 -0.000568 0.707102 0.707071 
3210280138441 -0.007524 -0.000565 0.707102 0.707072 
3210299944349 -0.007510 -0.000555 0.707102 0.707072 
3210319780775 -0.007497 -0.000550 0.707102 0.707072 
3210339617201 -0.007499 -0.000554 0.707102 0.707072 
3210359423109 -0.007492 -0.000566 0.707102 0.707072 
3210379229017 -0.007471 -0.000569 0.707102 0.707072 
3210399065443 -0.007457 -0.000555 0.707102 0.707072 
3210418871351 -0.007418 -0.000574 0.707102 0.707072 
3210438707777 -0.007406 -0.000520 0.707103 0.707072 
3210458513685 -0.007399 -0.000520 0.707103 0.707072 
3210478319593 -0.007392 -0.000568 0.707102 0.707072 
3210498156019 -0.007370 -0.000580 0.707102 0.707073 
3210517961927 -0.007333 -0.000592 0.707102 0.707073 
3210537767835 -0.007332 -0.000574 0.707103 0.707073 
3210557604261 -0.007326 -0.000592 0.707103 0.707073 
3210577410169 -0.007302 -0.000592 0.707103 0.707073 
3210597216078 -0.007311 -0.000532 0.707103 0.707073 
3210617052503 -0.007302 -0.000532 0.707103 0.707073 
3210636888929 -0.007280 -0.000546 0.707103 0.707073 
3210656725355 -0.007274 -0.000548 0.707103 0.707073 
3210676531263 -0.007278 -0.000483 0.707103 0.707073 
3210696337171 -0.007291 -0.000493 0.707103 0.707073 
3210716173597 -0.007261 -0.000525 0.707103 0.707073 
3210735979505 -0.007288 -0.000472 0.707103 0.707072 
3210755785414 -0.007288 -0.000476 0.707103 0.707073 
3210775621839 -0.007289 -0.000520 0.707103 0.707073 
3210795427748 -0.007275 -0.000513 0.707103 0.707073 
3210815264173 -0.007278 -0.000507 0.707103 0.707073 
3210835070081 -0.007266 -0.000541 0.707103 0.707073 
3210854875990 -0.007269 -0.000540 0.707103 0.707073 
3210874712415 -0.007283 -0.000487 0.707103 0.707073 
3210894548841 -0.007292 -0.000494 0.707103 0.707073 
3210914354749 -0.007272 -0.000528 0.707103 0.707073 
3210934191175 -0.007306 -0.000444 0.707103 0.707072 
3210953997083 -0.007271 -0.000469 0.707103 0.707073 
3210973833509 -0.007196 -0.000539 0.707103 0.707073 
3210993639417 -0.007158 -0.000537 0.707104 0.707074 
3211013445326 -0.007133 -0.000524 0.707104 0.707074 
3211033281751 -0.007125 -0.000553 0.707104 0.707074 
3211053087660 -0.007163 -0.000503 0.707104 0.707073 
3211072893568 -0.007264 -0.000446 0.707104 0.707073 
3211092729994 -0.007321 -0.000474 0.707103 0.707072 
3211112535902 -0.007297 -0.000511 0.707103 0.707073 
3211132341810 -0.007280 -0.000485 0.707103 0.707073 
3211152178236 -0.007264 -0.000517 0.707103 0.707073 
3211171984144 -0.007294 -0.000528 0.707103 0.707073 
3211191820570 -0.007294 -0.000478 0.707103 0.707072 
3211211656996 -0.007328 -0.000482 0.707103 0.707072 
3211231462904 -0.007309 -0.000531 0.707103 0.707073 
3211251299330 -0.007323 -0.000484 0.707103 0.707072 
3211271105238 -0.007333 -0.000470 0.707103 0.707072 
3211290911146 -0.007318 -0.000529 0.707103 0.707073 
3211310747572 -0.007311 -0.000502 0.707103 0.707073 
3211330553480 -0.007332 -0.000488 0.707103 0.707072 
3211350359388 -0.007321 -0.000520 0.707103 0.707073 
3211370195814 -0.007290 -0.000516 0.707103 0.707073 
3211390001722 -0.007318 -0.000507 0.707103 0.707072 
3211409838148 -0.007312 -0.000539 0.707103 0.707073 
3211429644056 -0.007300 -0.000524 0.707103 0.707073 
3211449449964 -0.007317 -0.000469 0.707103 0.707072 
3211469286390 -0.007319 -0.000483 0.707103 0.707072 
3211489122816 -0.007311 -0.000487 0.707103 0.707072 
3211508928724 -0.007339 -0.000433 0.707103 0.707072 
3211528765150 -0.007346 -0.000492 0.707103 0.707072 
3211548571058 -0.007332 -0.000530 0.707103 0.707073 
3211568376966 -0.007353 -0.000474 0.707103 0.707072 
3211588213392 -0.007356 -0.000490 0.707103 0.707072 
3211608019300 -0.007347 -0.000516 0.707103 0.707072 
3211627855726 -0.007354 -0.000464 0.707103 0.707072 
3211647661634 -0.007377 -0.000471 0.707103 0.707072 
3211667467542 -0.007368 -0.000504 0.707103 0.707072 
3211687303968 -0.007380 -0.000452 0.707103 0.707072 
3211707109876 -0.007385 -0.000443 0.707103 0.707072 
3211726915785 -0.007379 -0.000491 0.707103 0.707072 
3211746752210 -0.007369 -0.000471 0.707103 0.707072 
3211766588636 -0.007381 -0.000450 0.707103 0.707072 
3211786425062 -0.007378 -0.000495 0.707103 0.707072 
3211806230970 -0.007366 -0.000467 0.707103 0.707072 
3211826036878 -0.007380 -0.000437 0.707103 0.707072 
3211845873304 -0.007386 -0.000469 0.707103 0.707072 
3211865679212 -0.007398 -0.000467 0.707103 0.707072 
3211885485121 -0.007414 -0.000433 0.707103 0.707072 
3211905321546 -0.007422 -0.000467 0.707103 0.707072 
3211925127455 -0.007391 -0.000463 0.707103 0.707072 
3211944963880 -0.007429 -0.000402 0.707103 0.707071 
3211964769789 -0.007425 -0.000437 0.707103 0.707072 
3211984575697 -0.007423 -0.000428 0.707103 0.707072 
3212004412123 -0.007435 -0.000360 0.707103 0.707071 
3212024218031 -0.007449 -0.000388 0.707103 0.707071 
3212044054456 -0.007429 -0.000399 0.707103 0.707071 
3212063890882 -0.007458 -0.000353 0.707103 0.707071 
3212083696790 -0.007461 -0.000388 0.707103 0.707071 
3212103533216 -0.007443 -0.000418 0.707103 0.707071 
3212123339124 -0.007475 -0.000357 0.707103 0.707071 
3212143145033 -0.007474 -0.000377 0.707103 0.707071 
3212162981458 -0.007442 -0.000410 0.707103 0.707071 
3212182787367 -0.007468 -0.000378 0.707103 0.707071 
3212202593275 -0.007473 -0.000397 0.707103 0.707071 
3212222429701 -0.007455 -0.000449 0.707103 0.707071 
3212242235609 -0.007455 -0.000413 0.707103 0.707071 
3212262041517 -0.007447 -0.000399 0.707103 0.707071 
3212281877943 -0.007440 -0.000449 0.707103 0.707072 
3212301683851 -0.007437 -0.000422 0.707103 0.707071 
3212321520277 -0.007457 -0.000407 0.707103 0.707071 
3212341356703 -0.007461 -0.000445 0.707103 0.707071 
3212361162611 -0.007446 -0.000435 0.707103 0.707071 
3212380999037 -0.007443 -0.000404 0.707103 0.707071 
3212400804945 -0.007442 -0.000447 0.707103 0.707072 
3212420610853 -0.007424 -0.000441 0.707103 0.707072 
3212440447279 -0.007439 -0.000408 0.707103 0.707071 
3212460253187 -0.007443 -0.000457 0.707103 0.707072 
3212480059095 -0.007423 -0.000476 0.707103 0.707072 
3212499895521 -0.007452 -0.000428 0.707103 0.707071 
3212519701429 -0.007461 -0.000465 0.707103 0.707071 
3212539507337 -0.007438 -0.000481 0.707103 0.707072 
3212559343763 -0.007469 -0.000430 0.707103 0.707071 
3212579149671 -0.007466 -0.000461 0.707103 0.707071 
3212598986097 -0.007442 -0.000482 0.707103 0.707072 
3212618822523 -0.007467 -0.000426 0.707103 0.707071 
3212638628431 -0.007481 -0.000457 0.707102 0.707071 
3212658464857 -0.007471 -0.000488 0.707102 0.707072 
3212678270765 -0.007507 -0.000425 0.707103 0.707071 
3212698107191 -0.007507 -0.000451 0.707102 0.707071 
3212717913099 -0.007479 -0.000498 0.707102 0.707072 
3212737719007 -0.007489 -0.000444 0.707103 0.707071 
3212757555433 -0.007485 -0.000453 0.707102 0.707071 
3212777361341 -0.007452 -0.000488 0.707102 0.707072 
3212797167249 -0.007469 -0.000429 0.707103 0.707071 
3212817003675 -0.007486 -0.000445 0.707103 0.707071 
3212836809583 -0.007458 -0.000465 0.707103 0.707071 
3212856615492 -0.007484 -0.000420 0.707103 0.707071 
3212876451917 -0.007483 -0.000426 0.707103 0.707071 
3212896288343 -0.007461 -0.000469 0.707103 0.707071 
3212916124769 -0.007483 -0.000433 0.707103 0.707071 
3212935930677 -0.007488 -0.000433 0.707103 0.707071 
3212955736585 -0.007461 -0.000486 0.707102 0.707072 
3212975573011 -0.007467 -0.000427 0.707103 0.707071 
3212995378919 -0.007484 -0.000433 0.707103 0.707071 
3213015184828 -0.007487 -0.000473 0.707102 0.707071 
3213035021253 -0.007492 -0.000436 0.707103 0.707071 
3213054827162 -0.007505 -0.000433 0.707103 0.707071 
3213074663587 -0.007486 -0.000467 0.707102 0.707071 
3213094469496 -0.007485 -0.000425 0.707103 0.707071 
3213114275404 -0.007507 -0.000431 0.707103 0.707071 
3213134111830 -0.007488 -0.000438 0.707103 0.707071 
3213153917738 -0.007490 -0.000400 0.707103 0.707071 
3213173723646 -0.007514 -0.000370 0.707103 0.707071 
3213193560072 -0.007519 -0.000395 0.707103 0.707071 
3213213396498 -0.007522 -0.000368 0.707103 0.707071 
3213233202406 -0.007538 -0.000338 0.707103 0.707070 
3213253038831 -0.007550 -0.000356 0.707103 0.707070 
3213272844740 -0.007528 -0.000366 0.707103 0.707071 
3213292681165 -0.007550 -0.000325 0.707103 0.707070 
3213312487074 -0.007559 -0.000385 0.707103 0.707071 
3213332292982 -0.007542 -0.000412 0.707102 0.707071 
3213352129408 -0.007561 -0.000355 0.707103 0.707070 
3213371935316 -0.007564 -0.000409 0.707102 0.707071 
3213391741224 -0.007552 -0.000423 0.707102 0.707071 
3213411577650 -0.007543 -0.000388 0.707103 0.707071 
3213431383558 -0.007540 -0.000407 0.707102 0.707071 
3213451189466 -0.007529 -0.000444 0.707102 0.707071 
3213471025892 -0.007512 -0.000411 0.707103 0.707071 
3213490862318 -0.007491 -0.000448 0.707103 0.707071 
3213510668226 -0.007458 -0.000515 0.707102 0.707072 
3213530504652 -0.007463 -0.000466 0.707103 0.707071 
3213550310560 -0.007468 -0.000436 0.707103 0.707071 
3213570146986 -0.007458 -0.000481 0.707102 0.707072 
3213589952894 -0.007454 -0.000470 0.707103 0.707072 
3213609758802 -0.007471 -0.000450 0.707103 0.707071 
3213629595228 -0.007463 -0.000498 0.707102 0.707072 
3213649401136 -0.007450 -0.000483 0.707103 0.707072 
3213669237562 -0.007476 -0.000472 0.707102 0.707071 
3213689043470 -0.007469 -0.000514 0.707102 0.707072 
3213708849378 -0.007456 -0.000499 0.707102 0.707072 
3213728685804 -0.007476 -0.000465 0.707102 0.707071 
3213748522230 -0.007471 -0.000498 0.707102 0.707072 
3213768328138 -0.007467 -0.000486 0.707102 0.707072 
3213788164564 -0.007492 -0.000447 0.707103 0.707071 
3213807970472 -0.007489 -0.000466 0.707102 0.707071 
3213827806898 -0.007474 -0.000456 0.707103 0.707071 
3213847612806 -0.007482 -0.000428 0.707103 0.707071 
3213867418714 -0.007485 -0.000460 0.707102 0.707071 
3213887255140 -0.007461 -0.000464 0.707103 0.707071 
3213907061048 -0.007503 -0.000402 0.707103 0.707071 
3213926866956 -0.007488 -0.000445 0.707103 0.707071 
3213946703382 -0.007438 -0.000481 0.707103 0.707072 
3213966509290 -0.007412 -0.000438 0.707103 0.707072 
3213986315199 -0.007414 -0.000454 0.707103 0.707072 
3214006151624 -0.007379 -0.000496 0.707103 0.707072 
3214025957533 -0.007380 -0.000440 0.707103 0.707072 
3214045793958 -0.007386 -0.000448 0.707103 0.707072 
3214065630384 -0.007357 -0.000472 0.707103 0.707072 
3214085436292 -0.007359 -0.000422 0.707103 0.707072 
3214105272718 -0.007363 -0.000428 0.707103 0.707072 
3214125078626 -0.007349 -0.000468 0.707103 0.707072 
3214144884535 -0.007345 -0.000428 0.707103 0.707072 
3214164720960 -0.007367 -0.000445 0.707103 0.707072 
3214184526869 -0.007345 -0.000487 0.707103 0.707072 
3214204332777 -0.007355 -0.000466 0.707103 0.707072 
3214224169203 -0.007373 -0.000451 0.707103 0.707072 
3214243975111 -0.007362 -0.000481 0.707103 0.707072 
3214263811537 -0.007334 -0.000453 0.707103 0.707072 
3214283617445 -0.007345 -0.000440 0.707103 0.707072 
3214303423353 -0.007335 -0.000471 0.707103 0.707072 
3214323259779 -0.007328 -0.000429 0.707103 0.707072 
3214343096205 -0.007336 -0.000420 0.707103 0.707072 
3214362902113 -0.007327 -0.000469 0.707103 0.707072 
3214382738539 -0.007325 -0.000427 0.707103 0.707072 
3214402544447 -0.007358 -0.000387 0.707103 0.707072 
3214422380873 -0.007404 -0.000403 0.707103 0.707072 
3214442186781 -0.007422 -0.000392 0.707103 0.707071 
3214461992689 -0.007435 -0.000335 0.707103 0.707071 
3214481829115 -0.007434 -0.000376 0.707103 0.707071 
3214501635023 -0.007398 -0.000380 0.707103 0.707071 
3214521440931 -0.007405 -0.000341 0.707103 0.707071 
3214541277357 -0.007397 -0.000378 0.707103 0.707071 
3214561083265 -0.007362 -0.000381 0.707103 0.707072 
3214580889173 -0.007390 -0.000339 0.707104 0.707071 
3214600725599 -0.007405 -0.000376 0.707103 0.707071 
3214620562025 -0.007398 -0.000357 0.707103 0.707071 
3214640398451 -0.007400 -0.000359 0.707103 0.707071 
3214660204359 -0.007389 -0.000399 0.707103 0.707072 
3214680010267 -0.007388 -0.000356 0.707103 0.707071 
3214699846693 -0.007393 -0.000326 0.707104 0.707071 
3214719652601 -0.007373 -0.000404 0.707103 0.707072 
3214739458509 -0.007312 -0.000435 0.707103 0.707072 
3214759294935 -0.007315 -0.000385 0.707104 0.707072 
3214779100843 -0.007292 -0.000421 0.707104 0.707072 
3214798937269 -0.007283 -0.000463 0.707103 0.707072 
3214818743177 -0.007322 -0.000393 0.707104 0.707072 
3214838549085 -0.007327 -0.000423 0.707103 0.707072 
3214858385511 -0.007308 -0.000468 0.707103 0.707072 
3214878191419 -0.007341 -0.000409 0.707103 0.707072 
3214898027845 -0.007359 -0.000446 0.707103 0.707072 
3214917864271 -0.007334 -0.000468 0.707103 0.707072 
3214937670179 -0.007369 -0.000407 0.707103 0.707072 
3214957476087 -0.007348 -0.000422 0.707103 0.707072 
3214977312513 -0.007352 -0.000445 0.707103 0.707072 
3214997118421 -0.007363 -0.000451 0.707103 0.707072 
3215016954847 -0.007382 -0.000427 0.707103 0.707072 
3215036760755 -0.007403 -0.000462 0.707103 0.707072 
3215056566664 -0.007417 -0.000463 0.707103 0.707072 
3215076403089 -0.007445 -0.000422 0.707103 0.707071 
3215096208998 -0.007442 -0.000431 0.707103 0.707071 
3215116014906 -0.007411 -0.000473 0.707103 0.707072 
3215135851331 -0.007430 -0.000431 0.707103 0.707072 
3215155657240 -0.007427 -0.000428 0.707103 0.707072 
3215175493665 -0.007405 -0.000463 0.707103 0.707072 
3215195330091 -0.007417 -0.000404 0.707103 0.707071 
3215215135999 -0.007427 -0.000430 0.707103 0.707072 
3215234972425 -0.007410 -0.000470 0.707103 0.707072 
3215254778333 -0.007409 -0.000425 0.707103 0.707072 
3215274584242 -0.007402 -0.000456 0.707103 0.707072 
3215294420667 -0.007406 -0.000463 0.707103 0.707072 
3215314226576 -0.007391 -0.000479 0.707103 0.707072 
3215334032484 -0.007390 -0.000468 0.707103 0.707072 
3215353868910 -0.007403 -0.000472 0.707103 0.707072 
3215373674818 -0.007396 -0.000467 0.707103 0.707072 
3215393511244 -0.007418 -0.000463 0.707103 0.707072 
3215413317152 -0.007414 -0.000472 0.707103 0.707072 
3215433123060 -0.007412 -0.000479 0.707103 0.707072 
3215452928968 -0.007413 -0.000471 0.707103 0.707072 
3215472765394 -0.007414 -0.000469 0.707103 0.707072 
3215492601820 -0.007395 -0.000453 0.707103 0.707072 
3215512438246 -0.007405 -0.000466 0.707103 0.707072 
