# Created at Tue Jun 01 16:16:47 GMT+02:00 2021 in Burnaby Canada 
3209330767103 1019.725891 
3209364092298 1019.686829 
3209397417494 1019.584167 
3209430742689 1019.413086 
3209464067884 1019.322937 
3209497393080 1019.282898 
3209530718275 1019.247803 
3209564043470 1019.223083 
3209597368665 1019.202820 
3209630693861 1019.173340 
3209664019056 1019.151611 
3209697344251 1019.120117 
3209730669447 1019.100891 
3209763994642 1019.075867 
3209797319837 1019.062927 
3209830645033 1019.045471 
3209863970228 1019.031799 
3209897295423 1019.012939 
3209930620619 1018.994141 
3209963945814 1018.968933 
3209997271009 1018.953064 
3210030596205 1018.938538 
3210063921400 1018.929993 
3210097246595 1018.920166 
3210130571790 1018.905579 
3210163896986 1018.897522 
3210197222181 1018.889709 
3210230547376 1018.880066 
3210263872572 1018.877014 
3210297197767 1018.876648 
3210330522962 1018.868652 
3210363848158 1018.860046 
3210397173353 1018.844238 
3210430498548 1018.849915 
3210463823744 1018.825684 
3210497148939 1018.800598 
3210530474134 1018.807190 
3210563799330 1018.794861 
3210597124525 1018.757751 
3210630449720 1018.787109 
3210663774915 1018.768982 
3210697100111 1018.753418 
3210730425306 1018.768860 
3210763750501 1018.746826 
3210797075697 1018.739990 
3210830400892 1018.735901 
3210863726087 1018.721863 
3210897051283 1018.719971 
3210930376478 1018.708984 
3210963701673 1018.700012 
3210997026869 1018.693787 
3211030352064 1018.693054 
3211063677259 1018.690002 
3211097002455 1018.693176 
3211130327650 1018.690002 
3211163652845 1018.690002 
3211196978040 1018.683838 
3211230303236 1018.679993 
3211263628431 1018.679993 
3211296953626 1018.670898 
3211330278822 1018.679993 
3211363604017 1018.674988 
3211396929212 1018.676025 
3211430254408 1018.682312 
3211463579603 1018.676819 
3211496904798 1018.677917 
3211530229994 1018.660828 
3211563555189 1018.669983 
3211596880384 1018.655090 
3211630205580 1018.653809 
3211663530775 1018.653259 
3211696855970 1018.642883 
3211730181165 1018.652161 
3211763506361 1018.637024 
3211796831556 1018.645935 
3211830156751 1018.630371 
3211863481947 1018.634766 
3211896807142 1018.625305 
3211930132337 1018.626648 
3211963457533 1018.625305 
3211996782728 1018.622864 
3212030107923 1018.635681 
3212063433119 1018.621765 
3212096758314 1018.630066 
3212130083509 1018.614014 
3212163408705 1018.627441 
3212196733900 1018.612793 
3212230059095 1018.610168 
3212263384290 1018.607849 
3212296709486 1018.605652 
3212330034681 1018.609619 
3212363359876 1018.601563 
3212396685072 1018.612976 
3212430010267 1018.600769 
3212463335462 1018.617493 
3212496660658 1018.605774 
3212529985853 1018.610046 
3212563311048 1018.611023 
3212596636244 1018.608215 
3212629961439 1018.609619 
3212663286634 1018.591492 
3212696611830 1018.600403 
3212729937025 1018.590637 
3212763262220 1018.608582 
3212796587415 1018.594055 
3212829912611 1018.615906 
3212863237806 1018.598328 
3212896563001 1018.603821 
3212929888197 1018.597168 
3212963213392 1018.598633 
3212996538587 1018.602112 
3213029863783 1018.600037 
3213063188978 1018.614441 
3213096514173 1018.596985 
3213129839369 1018.605957 
3213163164564 1018.584045 
3213196489759 1018.598328 
3213229814955 1018.590576 
3213263140150 1018.601379 
3213296465345 1018.604675 
3213329790540 1018.609375 
3213363115736 1018.604675 
3213396440931 1018.594543 
3213429766126 1018.606628 
3213463091322 1018.592957 
3213496416517 1018.595032 
3213529741712 1018.599915 
3213563066908 1018.601074 
3213596392103 1018.596680 
3213629717298 1018.599548 
3213663042494 1018.604919 
3213696367689 1018.584045 
3213729692884 1018.598877 
3213763018080 1018.581055 
3213796343275 1018.590027 
3213829668470 1018.583801 
3213862993665 1018.600891 
3213896318861 1018.596924 
3213929644056 1018.599365 
3213962969251 1018.612976 
3213996294447 1018.602051 
3214029619642 1018.602966 
3214062944837 1018.593079 
3214096270033 1018.597961 
3214129595228 1018.581787 
3214162920423 1018.581482 
3214196245619 1018.585205 
3214229570814 1018.582214 
3214262896009 1018.605408 
3214296221205 1018.593811 
3214329546400 1018.610046 
3214362871595 1018.599915 
3214396196790 1018.605957 
3214429521986 1018.591064 
3214462847181 1018.596680 
3214496172376 1018.595215 
3214529497572 1018.598816 
3214562822767 1018.602600 
3214596147962 1018.591797 
3214629473158 1018.597107 
3214662798353 1018.580750 
3214696123548 1018.591248 
3214729448744 1018.562439 
3214762773939 1018.586426 
3214796099134 1018.579346 
3214829424330 1018.591492 
3214862749525 1018.583679 
3214896074720 1018.592102 
3214929399915 1018.625305 
3214962725111 1018.778076 
3214996050306 1018.867493 
3215029375501 1018.864258 
3215062700697 1018.853455 
3215096025892 1018.794983 
3215129351087 1018.624512 
3215162676283 1018.560547 
3215196001478 1018.557068 
3215229326673 1018.559998 
3215262651869 1018.547424 
3215295977064 1018.561462 
3215329302259 1018.544006 
3215362627455 1018.556335 
3215395952650 1018.544128 
3215429277845 1018.552979 
3215462603040 1018.540710 
3215495928236 1018.549988 
