2934678603632 -0.097085 -0.096863 9.805692  
2934698440058 -0.095399 -0.095280 9.805723  
2934718245966 -0.093212 -0.092301 9.805773  
2934738051875 -0.093726 -0.091806 9.805772  
2934757888300 -0.096303 -0.094248 9.805724  
2934777724726 -0.097394 -0.096703 9.805690  
2934797561152 -0.094881 -0.094303 9.805737  
2934817367060 -0.093110 -0.091686 9.805779  
2934837172968 -0.094799 -0.092560 9.805755  
2934857009394 -0.097345 -0.096391 9.805693  
2934876815302 -0.096746 -0.096241 9.805701  
2934896621211 -0.093318 -0.092676 9.805768  
2934916457636 -0.093273 -0.091387 9.805780  
2934936263545 -0.095789 -0.094138 9.805731  
2934956069453 -0.096985 -0.097074 9.805691  
2934975905879 -0.094661 -0.094508 9.805738  
2934995711787 -0.092657 -0.091878 9.805782  
2935015517695 -0.094279 -0.092983 9.805756  
2935035354121 -0.096757 -0.096720 9.805696  
2935055190547 -0.096180 -0.096174 9.805707  
2935074996455 -0.093399 -0.092543 9.805769  
2935094832880 -0.092948 -0.091642 9.805781  
2935114638789 -0.095652 -0.094551 9.805728  
2935134475214 -0.096619 -0.096836 9.805696  
2935154281123 -0.093822 -0.094118 9.805750  
2935174087031 -0.092018 -0.091897 9.805788  
2935193923457 -0.093675 -0.093400 9.805758  
2935213729365 -0.096175 -0.096802 9.805700  
2935233535273 -0.094823 -0.095921 9.805723  
2935253371699 -0.091865 -0.092836 9.805780  
2935273177607 -0.092183 -0.092083 9.805784  
2935292983515 -0.095152 -0.095081 9.805728  
2935312819941 -0.095964 -0.096858 9.805703  
2935332625849 -0.093032 -0.093728 9.805761  
2935352462275 -0.091889 -0.091516 9.805793  
2935372298701 -0.094181 -0.093353 9.805755  
2935392104609 -0.096487 -0.096680 9.805699  
2935411910517 -0.094813 -0.094772 9.805734  
2935431746943 -0.092645 -0.091729 9.805783  
2935451552851 -0.093567 -0.092048 9.805772  
2935471389277 -0.096060 -0.095633 9.805713  
2935491195185 -0.095534 -0.096243 9.805712  
2935511001093 -0.092858 -0.092988 9.805770  
2935530837519 -0.092580 -0.091282 9.805788  
2935550643427 -0.094784 -0.093701 9.805744  
2935570449336 -0.096437 -0.097145 9.805695  
2935590285761 -0.094771 -0.094907 9.805732  
2935610091670 -0.092446 -0.091945 9.805783  
2935629928095 -0.093289 -0.092195 9.805773  
2935649764521 -0.095950 -0.095854 9.805712  
2935669570429 -0.096286 -0.096377 9.805703  
2935689376338 -0.093577 -0.093277 9.805760  
2935709212763 -0.093041 -0.091795 9.805779  
2935729018672 -0.095693 -0.093796 9.805735  
2935748824580 -0.097548 -0.097323 9.805681  
2935768661005 -0.095772 -0.095236 9.805720  
2935788466914 -0.093734 -0.091872 9.805771  
2935808272822 -0.094384 -0.092502 9.805759  
2935828109248 -0.097177 -0.096071 9.805698  
2935847915156 -0.096773 -0.096991 9.805693  
2935867751582 -0.093902 -0.093793 9.805753  
2935887557490 -0.092885 -0.091825 9.805780  
2935907363398 -0.095160 -0.093912 9.805737  
2935927199824 -0.096887 -0.097043 9.805692  
2935947036250 -0.094890 -0.094727 9.805734  
2935966842158 -0.092333 -0.091700 9.805786  
2935986678584 -0.093506 -0.091625 9.805776  
2936006484492 -0.096291 -0.094966 9.805717  
2936026290400 -0.096889 -0.096505 9.805696  
2936046126826 -0.094238 -0.093319 9.805753  
2936065932734 -0.092982 -0.090733 9.805790  
2936085738642 -0.095000 -0.092279 9.805757  
2936105575068 -0.097851 -0.095887 9.805693  
2936125380976 -0.096915 -0.094899 9.805712  
2936145217402 -0.094125 -0.091296 9.805774  
2936165023310 -0.093978 -0.090283 9.805784  
2936184829218 -0.096570 -0.093161 9.805732  
2936204665644 -0.097985 -0.096062 9.805690  
2936224502070 -0.095536 -0.092822 9.805745  
2936244307978 -0.093517 -0.089937 9.805792  
2936264144404 -0.095278 -0.091111 9.805764  
2936283950312 -0.097811 -0.094909 9.805703  
2936303756220 -0.097122 -0.094810 9.805711  
2936323592646 -0.094551 -0.090981 9.805772  
2936343398554 -0.094145 -0.089330 9.805791  
2936363204463 -0.096326 -0.092074 9.805745  
2936383040888 -0.097766 -0.094630 9.805705  
2936402846797 -0.095246 -0.091841 9.805758  
2936422652705 -0.093545 -0.088984 9.805800  
2936442489130 -0.094916 -0.089803 9.805779  
2936462295039 -0.097618 -0.093486 9.805718  
2936482131464 -0.096467 -0.092809 9.805737  
2936501967890 -0.093601 -0.089437 9.805796  
2936521773798 -0.093941 -0.088640 9.805800  
2936541610224 -0.096619 -0.091827 9.805744  
2936561416132 -0.097538 -0.093799 9.805717  
2936581222041 -0.094952 -0.090458 9.805773  
2936601058466 -0.093267 -0.087803 9.805815  
2936620864375 -0.095276 -0.089368 9.805780  
2936640670283 -0.097884 -0.092996 9.805721  
2936660506709 -0.096640 -0.091621 9.805746  
