# Created at Tue Jun 01 16:12:10 GMT+02:00 2021 in Burnaby Canada 
2932736373408 0.000000 0.000000 0.000000 
2932756179316 0.000000 0.000000 0.000000 
2932776015742 0.000000 0.000000 0.000000 
2932795852168 0.000000 0.000000 0.000000 
2932815658076 0.000000 0.000000 0.000000 
2932835494502 0.000000 0.000000 0.000000 
2932855300410 0.000000 0.000000 0.000000 
2932875106318 0.000000 0.000000 0.000000 
2932894942744 0.000000 0.000000 0.000000 
2932914748652 0.000000 0.000000 0.000000 
2932934554560 0.000000 0.000000 0.000000 
2932954390986 0.000000 0.000000 0.000000 
2932974196894 0.000000 0.000000 0.000000 
2932994033320 0.000000 0.000000 0.000000 
2933013839228 0.000000 0.000000 0.000000 
2933033645136 0.000000 0.000000 0.000000 
2933053481562 0.000000 0.000000 0.000000 
2933073317988 0.000000 0.000000 0.000000 
2933093123896 0.000000 0.000000 0.000000 
2933112960322 0.000000 0.000000 0.000000 
2933132766230 0.000000 0.000000 0.000000 
2933152572138 0.000000 0.000000 0.000000 
2933172408564 0.000000 0.000000 0.000000 
2933192214472 0.000000 0.000000 0.000000 
2933212020380 0.000000 0.000000 0.000000 
2933231856806 0.000000 0.000000 0.000000 
2933251662714 0.000000 0.000000 0.000000 
2933271499140 0.000000 0.000000 0.000000 
2933291305048 0.000000 0.000000 0.000000 
2933311110957 0.000000 0.000000 0.000000 
2933330947382 0.000000 0.000000 0.000000 
2933350783808 0.000000 0.000000 0.000000 
2933370589716 0.000000 0.000000 0.000000 
2933390426142 0.000000 0.000000 0.000000 
2933410232050 0.000000 0.000000 0.000000 
2933430037959 0.000000 0.000000 0.000000 
2933449874384 0.000000 0.000000 0.000000 
2933469680293 0.000000 0.000000 0.000000 
2933489486201 0.000000 0.000000 0.000000 
2933509322627 0.000000 0.000000 0.000000 
2933529128535 0.000000 0.000000 0.000000 
2933548934443 0.000000 0.000000 0.000000 
2933568770869 0.000000 0.000000 0.000000 
2933588576777 0.000000 0.000000 0.000000 
2933608413203 0.000000 0.000000 0.000000 
2933628249629 0.000000 0.000000 0.000000 
2933648055537 0.000000 0.000000 0.000000 
2933667861445 0.000000 0.000000 0.000000 
2933687697871 0.000000 0.000000 0.000000 
2933707503779 0.000000 0.000000 0.000000 
2933727309687 0.000000 0.000000 0.000000 
2933747146113 0.000000 0.000000 0.000000 
2933766952021 0.000000 0.000000 0.000000 
2933786788447 0.000000 0.000000 0.000000 
2933806594355 0.000000 0.000000 0.000000 
2933826400263 0.000000 0.000000 0.000000 
2933846236689 0.000000 0.000000 0.000000 
2933866042597 0.000000 0.000000 0.000000 
2933885848505 0.000000 0.000000 0.000000 
2933905684931 0.000000 0.000000 0.000000 
2933925521357 0.000000 0.000000 0.000000 
2933945327265 0.000000 0.000000 0.000000 
2933965163691 0.000000 0.000000 0.000000 
2933984969599 0.000000 0.000000 0.000000 
2934004806025 0.000000 0.000000 0.000000 
2934024611933 0.000000 0.000000 0.000000 
2934044417841 0.000000 0.000000 0.000000 
2934064254267 0.000000 0.000000 0.000000 
2934084060175 0.000000 0.000000 0.000000 
2934103866084 0.000000 0.000000 0.000000 
2934123702509 0.000000 0.000000 0.000000 
2934143508418 0.000000 0.000000 0.000000 
2934163314326 0.000000 0.000000 0.000000 
2934183150752 0.000000 0.000000 0.000000 
2934202987177 0.000000 0.000000 0.000000 
2934222793086 0.000000 0.000000 0.000000 
2934242629511 0.000000 0.000000 0.000000 
2934262435420 0.000000 0.000000 0.000000 
2934282241328 0.000000 0.000000 0.000000 
2934302077754 0.000000 0.000000 0.000000 
2934321883662 0.000000 0.000000 0.000000 
2934341689570 0.000000 0.000000 0.000000 
2934361525996 0.000000 0.000000 0.000000 
2934381331904 0.000000 0.000000 0.000000 
2934401168330 0.000000 0.000000 0.000000 
2934420974238 0.000000 0.000000 0.000000 
2934440780146 0.000000 0.000000 0.000000 
2934460616572 0.000000 0.000000 0.000000 
2934480422480 0.000000 0.000000 0.000000 
2934500258906 0.000000 0.000000 0.000000 
2934520095332 0.000000 0.000000 0.000000 
2934539901240 0.000000 0.000000 0.000000 
2934559707148 0.000000 0.000000 0.000000 
2934579543574 0.000000 0.000000 0.000000 
2934599349482 0.000000 0.000000 0.000000 
2934619155390 0.000000 0.000000 0.000000 
2934638991816 0.000000 0.000000 0.000000 
2934658797724 0.000000 0.000000 0.000000 
2934678603632 0.000000 0.000000 0.000000 
2934698440058 0.000000 0.000000 0.000000 
2934718245966 0.000000 0.000000 0.000000 
2934738051875 0.000000 0.000000 0.000000 
2934757888300 0.000000 0.000000 0.000000 
2934777724726 0.000000 0.000000 0.000000 
2934797561152 0.000000 0.000000 0.000000 
2934817367060 0.000000 0.000000 0.000000 
2934837172968 0.000000 0.000000 0.000000 
2934857009394 0.000000 0.000000 0.000000 
2934876815302 0.000000 0.000000 0.000000 
2934896621211 0.000000 0.000000 0.000000 
2934916457636 0.000000 0.000000 0.000000 
2934936263545 0.000000 0.000000 0.000000 
2934956069453 0.000000 0.000000 0.000000 
2934975905879 0.000000 0.000000 0.000000 
2934995711787 0.000000 0.000000 0.000000 
2935015517695 0.000000 0.000000 0.000000 
2935035354121 0.000000 0.000000 0.000000 
2935055190547 0.000000 0.000000 0.000000 
2935074996455 0.000000 0.000000 0.000000 
2935094832880 0.000000 0.000000 0.000000 
2935114638789 0.000000 0.000000 0.000000 
2935134475214 0.000000 0.000000 0.000000 
2935154281123 0.000000 0.000000 0.000000 
2935174087031 0.000000 0.000000 0.000000 
2935193923457 0.000000 0.000000 0.000000 
2935213729365 0.000000 0.000000 0.000000 
2935233535273 0.000000 0.000000 0.000000 
2935253371699 0.000000 0.000000 0.000000 
2935273177607 0.000000 0.000000 0.000000 
2935292983515 0.000000 0.000000 0.000000 
2935312819941 0.000000 0.000000 0.000000 
2935332625849 0.000000 0.000000 0.000000 
2935352462275 0.000000 0.000000 0.000000 
2935372298701 0.000000 0.000000 0.000000 
2935392104609 0.000000 0.000000 0.000000 
2935411910517 0.000000 0.000000 0.000000 
2935431746943 0.000000 0.000000 0.000000 
2935451552851 0.000000 0.000000 0.000000 
2935471389277 0.000000 0.000000 0.000000 
2935491195185 0.000000 0.000000 0.000000 
2935511001093 0.000000 0.000000 0.000000 
2935530837519 0.000000 0.000000 0.000000 
2935550643427 0.000000 0.000000 0.000000 
2935570449336 0.000000 0.000000 0.000000 
2935590285761 0.000000 0.000000 0.000000 
2935610091670 0.000000 0.000000 0.000000 
2935629928095 0.000000 0.000000 0.000000 
2935649764521 0.000000 0.000000 0.000000 
2935669570429 0.000000 0.000000 0.000000 
2935689376338 0.000000 0.000000 0.000000 
2935709212763 0.000000 0.000000 0.000000 
2935729018672 0.000000 0.000000 0.000000 
2935748824580 0.000000 0.000000 0.000000 
2935768661005 0.000000 0.000000 0.000000 
2935788466914 0.000000 0.000000 0.000000 
2935808272822 0.000000 0.000000 0.000000 
2935828109248 0.000000 0.000000 0.000000 
2935847915156 0.000000 0.000000 0.000000 
2935867751582 0.000000 0.000000 0.000000 
2935887557490 0.000000 0.000000 0.000000 
2935907363398 0.000000 0.000000 0.000000 
2935927199824 0.000000 0.000000 0.000000 
2935947036250 0.000000 0.000000 0.000000 
2935966842158 0.000000 0.000000 0.000000 
2935986678584 0.000000 0.000000 0.000000 
2936006484492 0.000000 0.000000 0.000000 
2936026290400 0.000000 0.000000 0.000000 
2936046126826 0.000000 0.000000 0.000000 
2936065932734 0.000000 0.000000 0.000000 
2936085738642 0.000000 0.000000 0.000000 
2936105575068 0.000000 0.000000 0.000000 
2936125380976 0.000000 0.000000 0.000000 
2936145217402 0.000000 0.000000 0.000000 
2936165023310 0.000000 0.000000 0.000000 
2936184829218 0.000000 0.000000 0.000000 
2936204665644 0.000000 0.000000 0.000000 
2936224502070 0.000000 0.000000 0.000000 
2936244307978 0.000000 0.000000 0.000000 
2936264144404 0.000000 0.000000 0.000000 
2936283950312 0.000000 0.000000 0.000000 
2936303756220 0.000000 0.000000 0.000000 
2936323592646 0.000000 0.000000 0.000000 
2936343398554 0.000000 0.000000 0.000000 
2936363204463 0.000000 0.000000 0.000000 
2936383040888 0.000000 0.000000 0.000000 
2936402846797 0.000000 0.000000 0.000000 
2936422652705 0.000000 0.000000 0.000000 
2936442489130 0.000000 0.000000 0.000000 
2936462295039 0.000000 0.000000 0.000000 
2936482131464 0.000000 0.000000 0.000000 
2936501967890 0.000000 0.000000 0.000000 
2936521773798 0.000000 0.000000 0.000000 
2936541610224 0.000000 0.000000 0.000000 
2936561416132 0.000000 0.000000 0.000000 
2936581222041 0.000000 0.000000 0.000000 
2936601058466 0.000000 0.000000 0.000000 
2936620864375 0.000000 0.000000 0.000000 
2936640670283 0.000000 0.000000 0.000000 
2936660506709 0.000000 0.000000 0.000000 
2936680312617 0.000000 0.000000 0.000000 
2936700118525 0.000000 0.000000 0.000000 
2936719954951 0.000000 0.000000 0.000000 
2936739760859 0.000000 0.000000 0.000000 
2936759597285 0.000000 0.000000 0.000000 
2936779433711 0.000000 0.000000 0.000000 
2936799239619 0.000000 0.000000 0.000000 
2936819076045 0.000000 0.000000 0.000000 
2936838881953 0.000000 0.000000 0.000000 
2936858687861 0.000000 0.000000 0.000000 
2936878524287 0.000000 0.000000 0.000000 
2936898330195 0.000000 0.000000 0.000000 
2936918136103 0.000000 0.000000 0.000000 
2936937972529 0.000000 0.000000 0.000000 
2936957778437 0.000000 0.000000 0.000000 
2936977584345 0.000000 0.000000 0.000000 
2936997420771 0.000000 0.000000 0.000000 
2937017226679 0.000000 0.000000 0.000000 
2937037063105 0.000000 0.000000 0.000000 
2937056869013 0.000000 0.000000 0.000000 
2937076705439 0.000000 0.000000 0.000000 
2937096541865 0.000000 0.000000 0.000000 
2937116347773 0.000000 0.000000 0.000000 
2937136153681 0.000000 0.000000 0.000000 
2937155990107 0.000000 0.000000 0.000000 
2937175796015 0.000000 0.000000 0.000000 
2937195601923 0.000000 0.000000 0.000000 
2937215438349 0.000000 0.000000 0.000000 
2937235244257 0.000000 0.000000 0.000000 
2937255050166 0.000000 0.000000 0.000000 
2937274886591 0.000000 0.000000 0.000000 
2937294692500 0.000000 0.000000 0.000000 
2937314498408 0.000000 0.000000 0.000000 
2937334334834 0.000000 0.000000 0.000000 
2937354171259 0.000000 0.000000 0.000000 
2937374007685 0.000000 0.000000 0.000000 
2937393813593 0.000000 0.000000 0.000000 
2937413619502 0.000000 0.000000 0.000000 
2937433455927 0.000000 0.000000 0.000000 
2937453261836 0.000000 0.000000 0.000000 
2937473067744 0.000000 0.000000 0.000000 
2937492904170 0.000000 0.000000 0.000000 
2937512710078 0.000000 0.000000 0.000000 
2937532515986 0.000000 0.000000 0.000000 
2937552352412 0.000000 0.000000 0.000000 
2937572158320 0.000000 0.000000 0.000000 
2937591964228 0.000000 0.000000 0.000000 
2937611800654 0.000000 0.000000 0.000000 
2937631637080 0.000000 0.000000 0.000000 
2937651442988 0.000000 0.000000 0.000000 
2937671279414 0.000000 0.000000 0.000000 
2937691085322 0.000000 0.000000 0.000000 
2937710921748 0.000000 0.000000 0.000000 
2937730727656 0.000000 0.000000 0.000000 
2937750533564 0.000000 0.000000 0.000000 
2937770369990 0.000000 0.000000 0.000000 
2937790175898 0.000000 0.000000 0.000000 
2937809981806 0.000000 0.000000 0.000000 
2937829818232 0.000000 0.000000 0.000000 
2937849624140 0.000000 0.000000 0.000000 
2937869430048 0.000000 0.000000 0.000000 
2937889266474 0.000000 0.000000 0.000000 
2937909072382 0.000000 0.000000 0.000000 
2937928908808 0.000000 0.000000 0.000000 
2937948745234 0.000000 0.000000 0.000000 
2937968551142 0.000000 0.000000 0.000000 
2937988387568 0.000000 0.000000 0.000000 
2938008193476 0.000000 0.000000 0.000000 
2938027999384 0.000000 0.000000 0.000000 
2938047835810 0.000000 0.000000 0.000000 
2938067641718 0.000000 0.000000 0.000000 
2938087447627 0.000000 0.000000 0.000000 
2938107284052 0.000000 0.000000 0.000000 
2938127089961 0.000000 0.000000 0.000000 
2938146895869 0.000000 0.000000 0.000000 
2938166732295 0.000000 0.000000 0.000000 
2938186538203 0.000000 0.000000 0.000000 
2938206374629 0.000000 0.000000 0.000000 
2938226211054 0.000000 0.000000 0.000000 
2938246016963 0.000000 0.000000 0.000000 
2938265853388 0.000000 0.000000 0.000000 
2938285659297 0.000000 0.000000 0.000000 
2938305465205 0.000000 0.000000 0.000000 
2938325301630 0.000000 0.000000 0.000000 
2938345107539 0.000000 0.000000 0.000000 
2938364913447 0.000000 0.000000 0.000000 
2938384749873 0.000000 0.000000 0.000000 
2938404555781 0.000000 0.000000 0.000000 
2938424361689 0.000000 0.000000 0.000000 
2938444198115 0.000000 0.000000 0.000000 
2938464004023 0.000000 0.000000 0.000000 
2938483809931 0.000000 0.000000 0.000000 
2938503646357 0.000000 0.000000 0.000000 
2938523482783 0.000000 0.000000 0.000000 
