# Created at Sun Jun 13 00:04:15 GMT+02:00 2021 in Copenhagen 
201634150733723, -0.001038, -0.000671, 0.001068 
201634170570149, -0.005920, -0.003113, 0.001068 
201634190376057, -0.001038, 0.000565, -0.000153 
201634210181965, 0.000198, 0.001785, -0.001373 
201634230018391, -0.001038, -0.000671, 0.001068 
201634249854817, -0.001038, 0.000565, 0.001068 
201634269660725, -0.001038, -0.000671, 0.001068 
201634289497151, -0.002258, -0.000671, -0.000153 
201634309303059, -0.003479, -0.000671, -0.001373 
201634329139485, -0.003479, 0.000565, -0.001373 
201634348945393, -0.003479, 0.000565, -0.001373 
201634368751301, -0.002258, 0.000565, -0.001373 
201634388587727, -0.001038, 0.000565, -0.001373 
201634408393635, 0.000198, 0.001785, -0.000153 
201634428199543, 0.000198, 0.000565, -0.000153 
201634448035969, -0.001038, 0.000565, 0.001068 
201634467841877, 0.000198, 0.000565, -0.000153 
201634487647786, 0.000198, 0.000565, 0.001068 
201634507484211, 0.000198, -0.000671, 0.001068 
201634527320637, -0.001038, 0.000565, -0.000153 
201634547126545, -0.001038, -0.000671, 0.001068 
201634566962971, -0.001038, 0.000565, -0.000153 
201634586768879, -0.001038, 0.000565, -0.000153 
201634606574788, 0.000198, 0.000565, 0.001068 
201634626411213, 0.000198, 0.000565, 0.001068 
201634646217122, 0.000198, 0.000565, 0.001068 
201634666023030, 0.000198, -0.000671, 0.001068 
201634685859456, 0.001404, 0.000565, -0.000153 
201634705665364, 0.001404, 0.000565, -0.000153 
201634725471272, 0.000198, 0.000565, -0.000153 
201634745307698, 0.000198, 0.000565, 0.001068 
201634765113606, 0.000198, -0.000671, 0.001068 
201634784950032, -0.001038, -0.000671, -0.000153 
201634804786457, -0.001038, 0.000565, -0.000153 
201634824592366, -0.001038, 0.000565, -0.000153 
201634844428791, -0.001038, -0.000671, -0.000153 
201634864234700, 0.000198, 0.000565, 0.001068 
201634884040608, 0.000198, 0.000565, -0.000153 
201634903877034, 0.000198, 0.000565, -0.000153 
201634923682942, 0.000198, -0.000671, -0.000153 
201634943488850, 0.000198, 0.000565, -0.000153 
201634963325276, 0.000198, 0.000565, -0.000153 
201634983131184, 0.000198, 0.000565, 0.001068 
201635002937092, 0.000198, -0.000671, 0.001068 
201635022773518, -0.001038, -0.000671, -0.000153 
201635042579426, -0.001038, 0.000565, 0.001068 
201635062385334, -0.001038, -0.000671, 0.001068 
201635082221760, -0.001038, 0.000565, -0.000153 
201635102058186, 0.000198, 0.000565, 0.001068 
201635121864094, 0.000198, 0.000565, 0.001068 
201635141700520, 0.000198, -0.000671, -0.000153 
201635161506428, -0.001038, 0.000565, -0.000153 
201635181312336, 0.001404, 0.000565, -0.000153 
201635201148762, 0.001404, -0.000671, -0.000153 
201635220954670, -0.001038, 0.001785, -0.000153 
201635240791096, 0.000198, 0.003006, -0.000153 
201635260597004, 0.000198, 0.000565, -0.000153 
201635280402913, -0.001038, 0.001785, 0.001068 
201635300239338, 0.001404, -0.000671, -0.000153 
201635320045247, 0.001404, 0.000565, -0.000153 
201635339851155, 0.000198, 0.000565, -0.000153 
201635359687581, 0.000198, 0.000565, -0.000153 
201635379524006, -0.001038, 0.001785, 0.001068 
201635399329915, 0.001404, 0.001785, -0.001373 
201635419166340, 0.000198, 0.000565, -0.000153 
201635438972249, -0.001038, 0.000565, -0.000153 
201635458778157, 0.000198, 0.000565, -0.000153 
201635478614582, 0.000198, -0.000671, -0.000153 
201635498420491, 0.000198, -0.000671, 0.001068 
201635518226399, 0.002640, -0.003113, -0.000153 
201635538062825, 0.000198, -0.001877, -0.000153 
201635557868733, 0.002640, -0.003113, -0.000153 
201635577674641, 0.000198, 0.000565, -0.000153 
201635597511067, 0.000198, -0.000671, -0.000153 
201635617316975, 0.000198, 0.000565, 0.001068 
201635637122883, 0.000198, 0.000565, -0.000153 
201635656959309, 0.000198, -0.000671, -0.000153 
201635676795735, 0.000198, 0.000565, 0.001068 
201635696601643, 0.000198, 0.000565, -0.000153 
201635716438069, -0.001038, 0.000565, -0.000153 
201635736243977, -0.001038, -0.000671, -0.000153 
201635756049885, 0.000198, 0.000565, -0.000153 
201635775886311, 0.000198, 0.000565, -0.000153 
201635795692219, 0.000198, -0.000671, -0.000153 
201635815498127, 0.000198, 0.000565, -0.000153 
201635835334553, 0.001404, -0.000671, -0.000153 
201635855140461, 0.000198, -0.000671, -0.000153 
201635874946370, -0.001038, 0.000565, -0.000153 
201635894782795, 0.000198, -0.000671, -0.000153 
201635914588704, -0.001038, -0.000671, 0.001068 
201635934394612, -0.001038, 0.000565, -0.000153 
201635954231038, -0.001038, 0.000565, -0.000153 
201635974067463, 0.000198, 0.000565, 0.001068 
201635993903889, -0.001038, 0.000565, -0.000153 
201636013709797, 0.000198, 0.000565, -0.000153 
201636033515706, 0.000198, 0.000565, -0.000153 
201636053352131, 0.000198, -0.000671, 0.001068 
201636073158040, -0.001038, 0.000565, -0.000153 
201636092963948, 0.000198, 0.000565, 0.001068 
201636112800374, 0.000198, -0.000671, 0.001068 
201636132606282, -0.001038, 0.000565, -0.000153 
201636152412190, 0.000198, -0.000671, 0.001068 
201636172248616, -0.002258, 0.003006, -0.000153 
201636192054524, 0.001404, -0.001877, 0.001068 
201636211890950, 0.001404, -0.004318, -0.000153 
201636231727375, -0.001038, 0.003006, -0.000153 
201636251533284, -0.001038, 0.003006, 0.001068 
201636271369709, 0.000198, -0.003113, -0.000153 
201636291175618, -0.001038, 0.001785, -0.000153 
201636310981526, 0.000198, -0.000671, 0.001068 
201636330817952, 0.000198, -0.000671, -0.000153 
201636350623860, 0.000198, 0.001785, -0.000153 
201636370429768, 0.000198, 0.000565, -0.000153 
201636390266194, 0.000198, -0.000671, -0.000153 
201636410072102, 0.001404, 0.000565, -0.000153 
201636429878010, 0.000198, -0.000671, -0.000153 
201636449714436, -0.001038, -0.000671, -0.000153 
201636469520344, -0.001038, -0.000671, -0.000153 
201636489326252, 0.001404, 0.000565, -0.000153 
201636509162678, 0.000198, 0.000565, -0.000153 
201636528999104, 0.000198, 0.000565, -0.000153 
201636548805012, 0.000198, 0.001785, -0.000153 
201636568641438, 0.000198, 0.000565, -0.000153 
201636588447346, 0.000198, -0.000671, 0.001068 
201636608253254, 0.000198, -0.000671, -0.000153 
201636628089680, 0.001404, -0.000671, -0.001373 
201636647895588, 0.000198, 0.001785, -0.000153 
201636667732014, -0.001038, 0.000565, -0.000153 
201636687537922, 0.000198, -0.000671, -0.000153 
201636707343831, -0.001038, 0.000565, 0.001068 
201636727180256, 0.000198, -0.000671, 0.001068 
201636746986165, -0.001038, 0.000565, -0.000153 
201636766792073, 0.000198, 0.001785, 0.001068 
201636786628499, 0.000198, -0.000671, -0.000153 
201636806464924, 0.000198, 0.000565, -0.000153 
201636826270832, 0.000198, 0.000565, -0.000153 
201636846107258, 0.000198, 0.000565, -0.000153 
201636865913166, 0.000198, 0.000565, -0.000153 
201636885719075, 0.000198, 0.000565, -0.000153 
201636905555500, 0.001404, -0.001877, -0.000153 
201636925361409, -0.001038, 0.000565, -0.000153 
201636945167317, 0.000198, -0.000671, -0.000153 
201636965003743, 0.000198, -0.000671, 0.001068 
201636984809651, -0.001038, 0.001785, -0.000153 
201637004615559, 0.000198, 0.000565, 0.001068 
201637024451985, 0.002640, -0.001877, 0.001068 
201637044257893, 0.001404, -0.003113, -0.000153 
201637064063801, 0.001404, -0.001877, 0.001068 
201637083900227, 0.001404, -0.003113, -0.000153 
201637103736653, 0.000198, -0.003113, -0.000153 
201637123542561, -0.002258, 0.001785, -0.000153 
201637143378987, 0.000198, 0.000565, -0.000153 
201637163184895, -0.001038, 0.000565, -0.000153 
201637182990803, -0.002258, 0.001785, 0.001068 
201637202827229, 0.000198, 0.001785, 0.001068 
201637222633137, 0.000198, -0.000671, -0.000153 
201637242469563, 0.000198, -0.000671, 0.001068 
201637262275471, 0.000198, -0.001877, -0.000153 
201637282081379, -0.001038, 0.001785, -0.000153 
201637301917805, -0.002258, 0.004242, -0.000153 
201637321723713, -0.001038, 0.004242, 0.001068 
201637341529622, 0.001404, -0.000671, -0.000153 
201637361366047, 0.000198, 0.000565, 0.001068 
201637381202473, 0.000198, -0.000671, -0.000153 
201637401008381, 0.000198, 0.000565, -0.000153 
201637420844807, 0.000198, 0.000565, -0.000153 
201637440650715, -0.001038, -0.000671, -0.000153 
201637460456624, 0.000198, -0.000671, -0.000153 
201637480293049, 0.000198, 0.001785, -0.000153 
201637500098957, 0.000198, -0.001877, 0.001068 
201637519904866, -0.001038, 0.000565, -0.000153 
201637539741291, -0.001038, 0.000565, -0.000153 
201637559547200, 0.000198, 0.000565, -0.000153 
201637579353108, -0.001038, -0.000671, -0.000153 
201637599189534, 0.000198, 0.000565, -0.000153 
201637618995442, 0.000198, 0.000565, -0.000153 
201637638801350, 0.000198, -0.000671, -0.000153 
201637658637776, 0.000198, -0.000671, -0.000153 
201637678474202, 0.000198, 0.001785, -0.000153 
201637698310627, 0.000198, 0.000565, -0.000153 
201637718116536, -0.001038, -0.000671, -0.000153 
201637737922444, -0.001038, 0.003006, -0.000153 
201637757758870, -0.001038, 0.004242, 0.001068 
201637777564778, 0.000198, -0.000671, -0.000153 
201637797370686, -0.001038, 0.000565, -0.000153 
201637817207112, 0.000198, -0.000671, -0.000153 
201637837013020, 0.000198, -0.000671, -0.000153 
201637856818928, -0.001038, -0.000671, -0.000153 
201637876655354, -0.002258, 0.004242, 0.001068 
201637896461262, -0.001038, 0.004242, -0.000153 
201637916267170, -0.002258, 0.004242, 0.001068 
201637936103596, 0.000198, -0.000671, -0.000153 
201637955940022, 0.002640, -0.003113, -0.000153 
201637975745930, 0.000198, -0.001877, 0.001068 
201637995582356, -0.002258, 0.003006, 0.001068 
201638015388264, -0.002258, 0.004242, -0.000153 
201638035194172, -0.001038, 0.000565, -0.001373 
201638055030598, 0.001404, -0.003113, -0.000153 
201638074836506, 0.000198, 0.001785, -0.000153 
201638094642415, 0.000198, 0.000565, -0.000153 
201638114478840, 0.001404, -0.004318, -0.000153 
201638134284749, 0.002640, -0.003113, -0.000153 
201638154121174, 0.002640, -0.003113, -0.001373 
201638173927082, 0.000198, 0.000565, -0.000153 
201638193732991, 0.000198, -0.000671, -0.001373 
201638213569416, 0.001404, -0.001877, -0.000153 
201638233405842, 0.000198, -0.000671, -0.000153 
201638253211750, 0.000198, 0.000565, -0.000153 
201638273048176, 0.001404, -0.000671, -0.000153 
201638292854084, -0.001038, 0.000565, -0.001373 
201638312659993, -0.001038, 0.000565, -0.000153 
201638332496418, 0.001404, -0.000671, -0.000153 
201638352302327, 0.000198, -0.000671, -0.000153 
201638372108235, 0.000198, 0.000565, 0.001068 
201638391944661, 0.000198, 0.000565, -0.000153 
201638411750569, 0.000198, 0.000565, -0.000153 
201638431556477, -0.001038, 0.000565, -0.000153 
201638451392903, 0.000198, -0.000671, -0.000153 
201638471198811, 0.000198, 0.000565, -0.000153 
201638491004719, 0.000198, -0.000671, -0.000153 
201638510841145, -0.001038, 0.000565, -0.000153 
201638530677571, 0.001404, -0.000671, 0.001068 
201638550483479, 0.001404, -0.000671, -0.000153 
201638570319905, -0.001038, 0.000565, 0.001068 
201638590125813, 0.000198, 0.000565, -0.000153 
201638609931721, 0.001404, -0.001877, -0.000153 
201638629768147, 0.001404, -0.003113, -0.001373 
201638649574055, 0.001404, -0.004318, -0.001373 
201638669410481, 0.002640, -0.003113, -0.000153 
201638689216389, 0.002640, -0.003113, -0.000153 
201638709022297, 0.000198, -0.000671, -0.000153 
201638728858723, 0.001404, -0.000671, -0.000153 
201638748664631, 0.001404, -0.000671, -0.000153 
201638768470540, -0.001038, -0.000671, -0.000153 
201638788306965, -0.001038, 0.000565, 0.001068 
201638808143391, 0.001404, 0.000565, -0.000153 
201638827949299, 0.000198, 0.001785, 0.001068 
201638847785725, 0.001404, -0.001877, -0.000153 
201638867591633, 0.001404, -0.000671, -0.001373 
201638887397541, -0.001038, 0.000565, 0.001068 
201638907233967, -0.001038, -0.000671, -0.000153 
201638927039875, -0.001038, 0.003006, -0.000153 
201638946845784, 0.000198, 0.003006, 0.001068 
201638966682209, 0.000198, 0.001785, 0.001068 
201638986488118, -0.001038, 0.001785, -0.000153 
201639006294026, 0.001404, -0.000671, 0.001068 
201639026130452, -0.001038, 0.001785, 0.001068 
201639045936360, 0.000198, 0.000565, -0.000153 
201639065742268, 0.001404, -0.000671, -0.000153 
201639085578694, 0.001404, -0.003113, -0.000153 
201639105415120, 0.000198, 0.000565, -0.000153 
201639125251545, 0.001404, 0.000565, -0.000153 
201639145057454, 0.000198, 0.000565, -0.000153 
201639164863362, -0.001038, -0.000671, 0.001068 
201639184699788, 0.001404, -0.000671, -0.000153 
201639204505696, 0.000198, 0.000565, -0.000153 
201639224311604, -0.002258, 0.003006, 0.001068 
201639244148030, -0.001038, -0.000671, -0.000153 
201639263953938, 0.001404, -0.001877, -0.001373 
201639283759846, 0.000198, -0.001877, -0.000153 
201639303596272, 0.000198, -0.000671, 0.001068 
201639323402180, 0.000198, 0.000565, -0.000153 
201639343208088, 0.000198, 0.000565, -0.001373 
201639363044514, -0.001038, -0.000671, -0.000153 
201639382880940, 0.000198, 0.001785, -0.000153 
201639402686848, -0.001038, 0.003006, -0.000153 
201639422523274, -0.001038, 0.000565, -0.000153 
201639442329182, -0.001038, 0.003006, 0.001068 
201639462135090, -0.001038, 0.003006, -0.000153 
201639481971516, -0.001038, -0.000671, 0.001068 
201639501777424, -0.001038, 0.000565, -0.000153 
201639521583332, 0.001404, -0.000671, -0.000153 
201639541419758, 0.000198, -0.000671, -0.000153 
201639561225666, 0.000198, -0.000671, -0.000153 
201639581031575, 0.000198, 0.000565, -0.000153 
201639600868000, 0.001404, -0.000671, -0.000153 
201639620673909, 0.001404, -0.003113, -0.000153 
201639640479817, 0.000198, 0.000565, 0.001068 
201639660316243, 0.000198, 0.000565, -0.001373 
201639680156693, -0.001038, 0.000565, -0.000153 
201639699993119, 0.000198, 0.000565, -0.000153 
201639719799027, -0.001038, 0.003006, -0.000153 
201639739604936, 0.000198, -0.000671, -0.000153 
201639759441361, 0.000198, 0.000565, -0.000153 
201639779247270, 0.000198, 0.003006, -0.000153 
201639799053178, -0.002258, 0.004242, 0.001068 
201639818889604, -0.001038, 0.000565, -0.000153 
201639838695512, 0.000198, -0.000671, -0.000153 
201639858501420, 0.000198, -0.000671, -0.000153 
201639878337846, 0.000198, -0.001877, -0.000153 
201639898143754, 0.000198, 0.000565, -0.000153 
201639917949662, 0.000198, 0.000565, -0.000153 
201639937786088, -0.001038, 0.003006, -0.000153 
201639957622514, 0.000198, 0.001785, -0.000153 
201639977428422, 0.000198, 0.000565, -0.000153 
201639997264848, -0.001038, 0.000565, -0.000153 
201640017070756, 0.000198, -0.000671, -0.000153 
201640036876664, 0.000198, 0.000565, -0.000153 
201640056713090, 0.000198, -0.000671, -0.000153 
201640076518998, 0.000198, -0.000671, -0.000153 
201640096355424, 0.000198, 0.000565, 0.001068 
201640116161332, -0.001038, 0.001785, 0.001068 
201640135967240, 0.000198, -0.000671, -0.000153 
201640155803666, 0.001404, 0.000565, -0.000153 
201640175609574, 0.000198, -0.000671, -0.000153 
201640195415482, 0.000198, 0.000565, -0.000153 
201640215251908, 0.000198, 0.000565, 0.001068 
201640235057816, 0.000198, -0.000671, -0.000153 
201640254894242, 0.000198, -0.000671, -0.000153 
201640274730668, 0.000198, 0.000565, 0.001068 
201640294536576, 0.000198, 0.000565, 0.001068 
201640314342484, -0.001038, 0.000565, -0.000153 
201640334178910, 0.000198, 0.000565, -0.000153 
201640353984818, 0.000198, 0.000565, 0.001068 
201640373790727, 0.000198, 0.000565, -0.000153 
201640393627152, 0.000198, 0.000565, -0.000153 
201640413433061, 0.000198, 0.000565, -0.000153 
201640433238969, -0.001038, 0.000565, -0.000153 
201640453075395, 0.000198, -0.000671, 0.001068 
201640472881303, 0.002640, -0.000671, 0.001068 
201640492687211, 0.002640, 0.000565, -0.000153 
201640512523637, 0.003845, 0.000565, -0.000153 
201640532360063, 0.003845, 0.001785, -0.000153 
201640552165971, 0.001404, 0.001785, -0.000153 
201640572002397, 0.000198, 0.000565, -0.000153 
201640591808305, 0.000198, 0.000565, 0.001068 
201640611614213, 0.000198, 0.000565, 0.001068 
201640631450639, 0.000198, 0.000565, -0.000153 
201640651256547, 0.000198, 0.000565, -0.000153 
201640671092973, 0.000198, 0.000565, -0.000153 
201640690898881, 0.000198, 0.000565, 0.001068 
201640710704789, 0.000198, 0.001785, -0.000153 
201640730541215, 0.002640, 0.001785, -0.000153 
201640750347123, 0.001404, 0.000565, -0.001373 
201640770153031, -0.002258, 0.000565, -0.000153 
201640789989457, -0.001038, -0.000671, -0.000153 
201640809825883, -0.001038, 0.000565, 0.001068 
