# Created at Tue Jun 01 15:36:33 GMT+02:00 2021 in Burnaby Canada 
795133730657 0.000000 0.000000 0.000000 
795153567083 0.000000 0.000000 0.000000 
795173372991 0.000000 0.000000 0.000000 
795193178899 0.000000 0.000000 0.000000 
795213015325 0.000000 0.000000 0.000000 
795232821233 0.000000 0.000000 0.000000 
795252627141 0.000000 0.000000 0.000000 
795272463567 0.000000 0.000000 0.000000 
795292269475 0.000000 0.000000 0.000000 
795312075384 0.000000 0.000000 0.000000 
795331911809 0.000000 0.000000 0.000000 
795351717718 0.000000 0.000000 0.000000 
795371554143 0.000000 0.000000 0.000000 
795391390569 0.000000 0.000000 0.000000 
795411196477 0.000000 0.000000 0.000000 
795431002386 0.000000 0.000000 0.000000 
795450838811 0.000000 0.000000 0.000000 
795470644720 0.000000 0.000000 0.000000 
795490450628 0.000000 0.000000 0.000000 
795510287054 0.000000 0.000000 0.000000 
795530092962 0.000000 0.000000 0.000000 
795549898870 0.000000 0.000000 0.000000 
795569735296 0.000000 0.000000 0.000000 
795589541204 0.000000 0.000000 0.000000 
795609347112 0.000000 0.000000 0.000000 
795629183538 0.000000 0.000000 0.000000 
795649019964 0.000000 0.000000 0.000000 
795668825872 0.000000 0.000000 0.000000 
795688662298 0.000000 0.000000 0.000000 
795708468206 0.000000 0.000000 0.000000 
795728274114 0.000000 0.000000 0.000000 
795748110540 0.000000 0.000000 0.000000 
795767916448 0.000000 0.000000 0.000000 
795787722356 0.000000 0.000000 0.000000 
795807558782 0.000000 0.000000 0.000000 
795827364690 0.000000 0.000000 0.000000 
795847170598 0.000000 0.000000 0.000000 
795867007024 0.000000 0.000000 0.000000 
795886812932 0.000000 0.000000 0.000000 
795906618841 0.000000 0.000000 0.000000 
795926455266 0.000000 0.000000 0.000000 
795946291692 0.000000 0.000000 0.000000 
795966097600 0.000000 0.000000 0.000000 
795985934026 0.000000 0.000000 0.000000 
796005739934 0.000000 0.000000 0.000000 
796025545843 0.000000 0.000000 0.000000 
796045382268 0.000000 0.000000 0.000000 
796065188177 0.000000 0.000000 0.000000 
796084994085 0.000000 0.000000 0.000000 
796104830511 0.000000 0.000000 0.000000 
796124636419 0.000000 0.000000 0.000000 
796144442327 0.000000 0.000000 0.000000 
796164278753 0.000000 0.000000 0.000000 
796184084661 0.000000 0.000000 0.000000 
796203890569 0.000000 0.000000 0.000000 
796223726995 0.000000 0.000000 0.000000 
796243563421 0.000000 0.000000 0.000000 
796263369329 0.000000 0.000000 0.000000 
796283205755 0.000000 0.000000 0.000000 
796303011663 0.000000 0.000000 0.000000 
796322817571 0.000000 0.000000 0.000000 
796342653997 0.000000 0.000000 0.000000 
796362459905 0.000000 0.000000 0.000000 
796382265813 0.000000 0.000000 0.000000 
796402102239 0.000000 0.000000 0.000000 
796421908147 0.000000 0.000000 0.000000 
796441714055 0.000000 0.000000 0.000000 
796461550481 0.000000 0.000000 0.000000 
796481356389 0.000000 0.000000 0.000000 
796501192815 0.000000 0.000000 0.000000 
796521029241 0.000000 0.000000 0.000000 
796540835149 0.000000 0.000000 0.000000 
796560641057 0.000000 0.000000 0.000000 
796580477483 0.000000 0.000000 0.000000 
796600283391 0.000000 0.000000 0.000000 
796620089300 0.000000 0.000000 0.000000 
796639925725 0.000000 0.000000 0.000000 
796659731634 0.000000 0.000000 0.000000 
796679537542 0.000000 0.000000 0.000000 
796699373968 0.000000 0.000000 0.000000 
796719179876 0.000000 0.000000 0.000000 
796738985784 0.000000 0.000000 0.000000 
796758822210 0.000000 0.000000 0.000000 
796778628118 0.000000 0.000000 0.000000 
796798464544 0.000000 0.000000 0.000000 
796818300970 0.000000 0.000000 0.000000 
796838106878 0.000000 0.000000 0.000000 
796857912786 0.000000 0.000000 0.000000 
796877749212 0.000000 0.000000 0.000000 
796897555120 0.000000 0.000000 0.000000 
796917361028 0.000000 0.000000 0.000000 
796937197454 0.000000 0.000000 0.000000 
796957003362 0.000000 0.000000 0.000000 
796976809270 0.000000 0.000000 0.000000 
796996645696 0.000000 0.000000 0.000000 
797016451604 0.000000 0.000000 0.000000 
797036257512 0.000000 0.000000 0.000000 
797056093938 0.000000 0.000000 0.000000 
797075930364 0.000000 0.000000 0.000000 
797095736272 0.000000 0.000000 0.000000 
797115572698 0.000000 0.000000 0.000000 
797135378606 0.000000 0.000000 0.000000 
797155184514 0.000000 0.000000 0.000000 
797175020940 0.000000 0.000000 0.000000 
797194826848 0.000000 0.000000 0.000000 
797214632757 0.000000 0.000000 0.000000 
797234469182 0.000000 0.000000 0.000000 
797254275091 0.000000 0.000000 0.000000 
797274080999 0.000000 0.000000 0.000000 
797293886907 0.000000 0.000000 0.000000 
797313723333 0.000000 0.000000 0.000000 
797333529241 0.000000 0.000000 0.000000 
797353335149 0.000000 0.000000 0.000000 
797373171575 0.000000 0.000000 0.000000 
797393008001 0.000000 0.000000 0.000000 
797412844427 0.000000 0.000000 0.000000 
797432650335 0.000000 0.000000 0.000000 
797452456243 0.000000 0.000000 0.000000 
797472292669 0.000000 0.000000 0.000000 
797492098577 0.000000 0.000000 0.000000 
797511904485 0.000000 0.000000 0.000000 
797531740911 0.000000 0.000000 0.000000 
797551546819 0.000000 0.000000 0.000000 
797571352727 0.000000 0.000000 0.000000 
797591189153 0.000000 0.000000 0.000000 
797610995061 0.000000 0.000000 0.000000 
797630800970 0.000000 0.000000 0.000000 
797650637395 0.000000 0.000000 0.000000 
797670473821 0.000000 0.000000 0.000000 
797690279729 0.000000 0.000000 0.000000 
797710085637 0.000000 0.000000 0.000000 
797729922063 0.000000 0.000000 0.000000 
797749727971 0.000000 0.000000 0.000000 
797769564397 0.000000 0.000000 0.000000 
797789370305 0.000000 0.000000 0.000000 
797809176214 0.000000 0.000000 0.000000 
797828982122 0.000000 0.000000 0.000000 
797848818548 0.000000 0.000000 0.000000 
797868624456 0.000000 0.000000 0.000000 
797888430364 0.000000 0.000000 0.000000 
797908266790 0.000000 0.000000 0.000000 
797928072698 0.000000 0.000000 0.000000 
797947909124 0.000000 0.000000 0.000000 
797967745550 0.000000 0.000000 0.000000 
797987551458 0.000000 0.000000 0.000000 
798007357366 0.000000 0.000000 0.000000 
798027193792 0.000000 0.000000 0.000000 
798046999700 0.000000 0.000000 0.000000 
798066805608 0.000000 0.000000 0.000000 
798086642034 0.000000 0.000000 0.000000 
798106447942 0.000000 0.000000 0.000000 
798126253850 0.000000 0.000000 0.000000 
798146090276 0.000000 0.000000 0.000000 
798165896184 0.000000 0.000000 0.000000 
798185732610 0.000000 0.000000 0.000000 
798205538518 0.000000 0.000000 0.000000 
798225374944 0.000000 0.000000 0.000000 
798245211370 0.000000 0.000000 0.000000 
798265017278 0.000000 0.000000 0.000000 
798284823186 0.000000 0.000000 0.000000 
798304629095 0.000000 0.000000 0.000000 
798324465520 0.000000 0.000000 0.000000 
798344271429 0.000000 0.000000 0.000000 
798364077337 0.000000 0.000000 0.000000 
798383913762 0.000000 0.000000 0.000000 
798403719671 0.000000 0.000000 0.000000 
798423556096 0.000000 0.000000 0.000000 
798443364684 0.000000 0.000000 0.000000 
798463170592 0.000000 0.000000 0.000000 
798483007018 0.000000 0.000000 0.000000 
798502843443 0.000000 0.000000 0.000000 
798522649352 0.000000 0.000000 0.000000 
798542485777 0.000000 0.000000 0.000000 
798562291686 0.000000 0.000000 0.000000 
798582097594 0.000000 0.000000 0.000000 
798601934020 0.000000 0.000000 0.000000 
798621739928 0.000000 0.000000 0.000000 
798641545836 0.000000 0.000000 0.000000 
798661382262 0.000000 0.000000 0.000000 
798681188170 0.000000 0.000000 0.000000 
798700994078 0.000000 0.000000 0.000000 
798720830504 0.000000 0.000000 0.000000 
798740636412 0.000000 0.000000 0.000000 
798760442320 0.000000 0.000000 0.000000 
798780278746 0.000000 0.000000 0.000000 
798800115172 0.000000 0.000000 0.000000 
798819921080 0.000000 0.000000 0.000000 
798839726988 0.000000 0.000000 0.000000 
798859563414 0.000000 0.000000 0.000000 
798879369322 0.000000 0.000000 0.000000 
798899175231 0.000000 0.000000 0.000000 
798919011656 0.000000 0.000000 0.000000 
798938817565 0.000000 0.000000 0.000000 
798958653990 0.000000 0.000000 0.000000 
798978459899 0.000000 0.000000 0.000000 
798998265807 0.000000 0.000000 0.000000 
799018071715 0.000000 0.000000 0.000000 
799037908141 0.000000 0.000000 0.000000 
799057714049 0.000000 0.000000 0.000000 
799077550475 0.000000 0.000000 0.000000 
799097386900 0.000000 0.000000 0.000000 
799117192809 0.000000 0.000000 0.000000 
799136998717 0.000000 0.000000 0.000000 
799156835143 0.000000 0.000000 0.000000 
799176641051 0.000000 0.000000 0.000000 
799196446959 0.000000 0.000000 0.000000 
799216283385 0.000000 0.000000 0.000000 
799236089293 0.000000 0.000000 0.000000 
799255895201 0.000000 0.000000 0.000000 
799275731627 0.000000 0.000000 0.000000 
799295537535 0.000000 0.000000 0.000000 
799315343443 0.000000 0.000000 0.000000 
799335179869 0.000000 0.000000 0.000000 
799354985777 0.000000 0.000000 0.000000 
799374822203 0.000000 0.000000 0.000000 
799394658629 0.000000 0.000000 0.000000 
799414464537 0.000000 0.000000 0.000000 
799434270445 0.000000 0.000000 0.000000 
799454106871 0.000000 0.000000 0.000000 
799473912779 0.000000 0.000000 0.000000 
799493718688 0.000000 0.000000 0.000000 
799513555113 0.000000 0.000000 0.000000 
799533361022 0.000000 0.000000 0.000000 
799553166930 0.000000 0.000000 0.000000 
799573003356 0.000000 0.000000 0.000000 
799592809264 0.000000 0.000000 0.000000 
799612615172 0.000000 0.000000 0.000000 
799632451598 0.000000 0.000000 0.000000 
799652288024 0.000000 0.000000 0.000000 
799672093932 0.000000 0.000000 0.000000 
799691930358 0.000000 0.000000 0.000000 
799711736266 0.000000 0.000000 0.000000 
799731542174 0.000000 0.000000 0.000000 
799751378600 0.000000 0.000000 0.000000 
799771184508 0.000000 0.000000 0.000000 
799790990416 0.000000 0.000000 0.000000 
799810826842 0.000000 0.000000 0.000000 
799830632750 0.000000 0.000000 0.000000 
799850438658 0.000000 0.000000 0.000000 
799870275084 0.000000 0.000000 0.000000 
799890080992 0.000000 0.000000 0.000000 
799909886900 0.000000 0.000000 0.000000 
799929723326 0.000000 0.000000 0.000000 
799949559752 0.000000 0.000000 0.000000 
799969365660 0.000000 0.000000 0.000000 
799989202086 0.000000 0.000000 0.000000 
800009007994 0.000000 0.000000 0.000000 
800028813902 0.000000 0.000000 0.000000 
800048650328 0.000000 0.000000 0.000000 
800068456236 0.000000 0.000000 0.000000 
800088262145 0.000000 0.000000 0.000000 
800108098570 0.000000 0.000000 0.000000 
800127904479 0.000000 0.000000 0.000000 
800147710387 0.000000 0.000000 0.000000 
800167546813 0.000000 0.000000 0.000000 
800187352721 0.000000 0.000000 0.000000 
800207158629 0.000000 0.000000 0.000000 
800226995055 0.000000 0.000000 0.000000 
800246831481 0.000000 0.000000 0.000000 
800266637389 0.000000 0.000000 0.000000 
800286473815 0.000000 0.000000 0.000000 
800306279723 0.000000 0.000000 0.000000 
800326085631 0.000000 0.000000 0.000000 
800345922057 0.000000 0.000000 0.000000 
800365727965 0.000000 0.000000 0.000000 
800385533873 0.000000 0.000000 0.000000 
800405370299 0.000000 0.000000 0.000000 
800425176207 0.000000 0.000000 0.000000 
800444982115 0.000000 0.000000 0.000000 
800464818541 0.000000 0.000000 0.000000 
800484624449 0.000000 0.000000 0.000000 
800504460875 0.000000 0.000000 0.000000 
800524297301 0.000000 0.000000 0.000000 
800544103209 0.000000 0.000000 0.000000 
800563909117 0.000000 0.000000 0.000000 
800583745543 0.000000 0.000000 0.000000 
800603551451 0.000000 0.000000 0.000000 
800623357359 0.000000 0.000000 0.000000 
800643193785 0.000000 0.000000 0.000000 
800662999693 0.000000 0.000000 0.000000 
800682805602 0.000000 0.000000 0.000000 
800702642027 0.000000 0.000000 0.000000 
800722447936 0.000000 0.000000 0.000000 
800742253844 0.000000 0.000000 0.000000 
800762090270 0.000000 0.000000 0.000000 
800781896178 0.000000 0.000000 0.000000 
800801732604 0.000000 0.000000 0.000000 
800821569029 0.000000 0.000000 0.000000 
800841374938 0.000000 0.000000 0.000000 
800861180846 0.000000 0.000000 0.000000 
800881017272 0.000000 0.000000 0.000000 
800900823180 0.000000 0.000000 0.000000 
800920629088 0.000000 0.000000 0.000000 
800940465514 0.000000 0.000000 0.000000 
800960271422 0.000000 0.000000 0.000000 
800980077330 0.000000 0.000000 0.000000 
