# Created at Tue Jun 01 15:55:59 GMT+02:00 2021 in Burnaby Canada 
1961881567682 -0.002097 -0.006761 0.008513 
1961901373590 -0.004451 -0.001904 0.015176 
1961921210016 -0.006498 -0.001827 0.014671 
1961941046442 -0.001529 0.002880 0.018800 
1961960852350 0.005575 -0.004134 0.011242 
1961980688776 0.002964 0.000635 0.017798 
1962000494684 0.002756 -0.001455 0.019523 
1962020300592 0.009503 -0.003461 0.021190 
1962040106500 -0.000172 -0.003331 0.018167 
1962059942926 -0.009538 0.010659 0.019876 
1962079748834 0.000163 0.000843 0.016896 
1962099554743 -0.011288 -0.003785 0.023281 
1962119391168 0.005387 0.003063 0.017873 
1962139197077 -0.006239 -0.001880 0.014960 
1962159033502 -0.003824 -0.003872 0.012148 
1962178839410 0.000826 0.000889 0.011742 
1962198645319 0.003217 -0.006057 0.011352 
1962218481744 0.005546 -0.000761 0.001731 
1962238318170 -0.003766 0.001367 0.001673 
1962258124078 0.005726 -0.003278 0.010866 
1962277960504 0.001039 0.006094 -0.001060 
1962297766412 -0.001191 -0.001042 -0.005640 
1962317572321 -0.003119 0.000865 0.001479 
1962337408746 -0.000579 0.000624 -0.000887 
1962357214655 0.004175 0.000620 -0.000855 
1962377020563 0.006472 -0.003771 -0.005440 
1962396856989 -0.000325 0.000759 -0.005258 
1962416662897 -0.004825 0.005153 -0.016647 
1962436468805 0.004705 0.002453 -0.006845 
1962456305231 0.000282 -0.002473 -0.006617 
1962476111139 0.002479 0.000401 -0.001775 
1962495947565 0.000199 0.009886 -0.017893 
1962515783991 -0.008936 0.009571 -0.026558 
1962535589899 0.007664 0.002334 -0.025671 
1962555395807 0.000594 0.004588 -0.020182 
1962575232233 0.005079 0.009302 -0.021823 
1962595038141 0.002956 -0.004624 -0.018773 
1962614844049 0.010138 0.000396 -0.027390 
1962634680475 -0.001646 0.005263 -0.021856 
1962654486383 -0.001474 0.003021 -0.030373 
1962674292291 -0.001307 0.007801 -0.024725 
1962694128717 -0.006004 0.005240 -0.028533 
1962713934625 0.008197 0.002996 -0.032195 
1962733771051 0.003427 0.002911 -0.017255 
1962753576959 0.000888 0.005144 -0.021297 
1962773382868 0.003065 0.004987 -0.025220 
1962793219293 0.005385 0.002519 -0.031310 
1962813055719 0.003025 0.002449 -0.025648 
1962832861627 0.000729 0.004698 -0.029408 
1962852698053 0.005439 0.004558 -0.028426 
1962872503961 0.000532 0.002337 -0.032108 
1962892309869 0.000406 0.011521 -0.028723 
1962912146295 0.002828 -0.000180 -0.004633 
1962931952203 0.002623 0.013723 -0.020675 
1962951758112 0.034573 0.033863 -0.036172 
1962971594537 -0.038383 -0.029708 -0.004907 
1962991400446 -0.046000 -0.040496 -0.131963 
1963011206354 0.087954 0.079298 0.036675 
1963031012262 0.014129 -0.004062 0.058607 
1963050848688 0.013090 -0.004371 0.056643 
1963070685114 0.005368 0.014071 -0.077103 
1963090491022 0.005080 0.013616 -0.074533 
1963110327448 -0.043544 -0.044641 -0.025791 
1963130133356 -0.058168 -0.052170 -0.145201 
1963149969782 0.089623 0.083751 0.030802 
1963169775690 0.008113 -0.009243 0.048287 
1963189581598 -0.095897 -0.064669 -0.136061 
1963209418024 0.062170 0.067037 -0.015870 
1963229223932 0.039177 0.018560 0.079501 
1963249029840 -0.103109 -0.077114 -0.119769 
1963268866266 0.045936 0.052691 -0.037129 
1963288672174 0.067439 0.044248 0.089014 
1963308478082 -0.092213 -0.077500 -0.108243 
1963328314508 0.042603 0.047460 -0.046818 
1963348150934 0.059571 0.038960 0.093526 
1963367956842 -0.095188 -0.089771 -0.113148 
1963387793268 0.046890 0.049704 -0.039975 
1963407599176 0.049395 0.034180 0.100121 
1963427405084 -0.102256 -0.087440 -0.125264 
1963447241510 0.065957 0.059127 -0.033183 
1963467047418 0.045822 0.023171 0.081277 
1963486853327 -0.084666 -0.078898 -0.136538 
1963506689752 0.077882 0.067399 0.004486 
1963526495660 0.016888 0.009419 0.069097 
1963546332086 -0.080470 -0.060266 -0.125176 
1963566137994 0.090734 0.082855 0.036273 
1963585943903 -0.009332 -0.023750 0.044316 
1963605780328 -0.076196 -0.050933 -0.137574 
1963625586237 0.102028 0.089795 0.065934 
1963645422662 -0.044666 -0.040406 0.012849 
1963665259088 -0.054850 -0.034640 -0.130999 
1963685064996 0.099991 0.084718 0.095438 
1963704870905 -0.065364 -0.056645 -0.009518 
1963724707330 -0.030914 -0.008473 -0.108662 
1963744513239 0.094912 0.079951 0.105447 
1963764319147 -0.086468 -0.075364 -0.048417 
1963784155573 0.004201 0.017374 -0.095376 
1963803961481 0.084919 0.058663 0.113658 
1963823767389 -0.098444 -0.077199 -0.079802 
1963843603815 0.031949 0.038960 -0.049380 
1963863409723 0.063395 0.037907 0.104934 
1963883215631 -0.095894 -0.083840 -0.115997 
1963903052057 0.062174 0.073708 -0.003411 
1963922888483 0.034549 0.008813 0.091530 
1963942694391 -0.091387 -0.067799 -0.131253 
1963962530817 0.082711 0.082523 0.037350 
1963982336725 -0.008051 -0.015057 0.061548 
1964002142633 -0.075191 -0.046917 -0.130178 
1964021979059 0.105300 0.098062 0.080013 
1964041784967 -0.041719 -0.039345 0.024141 
1964061590875 -0.046928 -0.033388 -0.117745 
1964081427301 0.100488 0.085696 0.112861 
1964101233209 -0.076218 -0.069810 -0.022752 
1964121039118 -0.011105 0.006091 -0.084449 
1964140875543 0.090917 0.071130 0.117291 
1964160681452 -0.099578 -0.081344 -0.076289 
1964180487360 0.021604 0.037038 -0.045987 
1964200323785 0.062415 0.031418 0.122091 
1964220160211 -0.101686 -0.083181 -0.099414 
1964239996637 0.058876 0.069969 0.001059 
1964259802545 0.026957 0.009815 0.095853 
1964279608453 -0.087162 -0.071672 -0.120144 
1964299444879 0.091656 0.085697 0.050406 
1964319250787 -0.013269 -0.025854 0.055657 
1964339056696 -0.068457 -0.050420 -0.121991 
1964358893121 0.102576 0.080811 0.092559 
1964378699030 -0.048771 -0.044472 0.024707 
1964398504938 -0.044483 -0.031634 -0.114885 
1964418341364 0.104923 0.083006 0.106363 
1964438147272 -0.074247 -0.074712 -0.015139 
1964457953180 -0.016361 -0.003048 -0.088654 
1964477789606 0.081221 0.066699 0.131721 
1964497626032 -0.097388 -0.081242 -0.071591 
1964517431940 0.035283 0.046162 -0.034516 
1964537268366 0.057127 0.033305 0.114669 
1964557074274 -0.101941 -0.076497 -0.104254 
1964576880182 0.063490 0.067167 0.012563 
1964596716608 0.003429 -0.006773 0.088475 
1964616522516 -0.079830 -0.059722 -0.120341 
1964636328424 0.098744 0.095164 0.073346 
1964656164850 -0.031877 -0.039831 0.031576 
1964675970758 -0.053823 -0.034083 -0.126773 
1964695776666 0.102843 0.089656 0.099516 
1964715613092 -0.069325 -0.070614 -0.017140 
1964735419000 -0.011374 0.000697 -0.095221 
1964755224909 0.088357 0.063140 0.113820 
1964775061334 -0.099524 -0.080277 -0.072715 
1964794897760 0.019570 0.033212 -0.037901 
1964814703668 0.058133 0.039298 0.111397 
1964834540094 -0.103284 -0.080193 -0.107433 
1964854346002 0.068895 0.065910 0.007172 
1964874182428 0.020462 -0.012605 0.092514 
1964893988336 -0.091124 -0.070231 -0.125687 
1964913794244 0.096845 0.087104 0.061242 
1964933630670 -0.019832 -0.031210 0.043007 
1964953436578 -0.056059 -0.032471 -0.115706 
1964973242487 0.100910 0.084513 0.098639 
1964993048395 -0.062174 -0.052443 -0.008742 
1965012884821 -0.025274 -0.000018 -0.098664 
1965032690729 0.091101 0.074013 0.126687 
1965052496637 -0.090366 -0.076474 -0.064896 
1965072333063 0.018930 0.032482 -0.058117 
1965092169489 0.069307 0.040677 0.124246 
1965112005914 -0.106133 -0.080950 -0.108889 
1965131811823 0.057121 0.069795 0.003466 
1965151617731 0.022960 0.007346 0.091248 
1965171454157 -0.091254 -0.071532 -0.131543 
1965191260065 0.099036 0.081215 0.060197 
1965211065973 -0.017486 -0.025555 0.046627 
1965230902399 -0.060738 -0.038795 -0.123788 
1965250708307 0.103105 0.092034 0.107018 
1965270514215 -0.069072 -0.070842 -0.021455 
1965290350641 -0.013445 -0.001608 -0.092442 
1965310156549 0.090972 0.072707 0.123443 
1965329962457 -0.092350 -0.082367 -0.068027 
1965349798883 0.035750 0.026578 -0.049565 
1965369635309 0.060123 0.034954 0.111685 
1965389441217 -0.103674 -0.079537 -0.109469 
1965409277643 0.084714 0.061913 0.014466 
1965429083551 0.007994 -0.004905 0.088001 
1965448919977 -0.089526 -0.069495 -0.125418 
1965468725885 0.089142 0.090363 0.075370 
1965488531793 -0.038842 -0.044487 0.026600 
1965508368219 -0.046690 -0.029110 -0.117702 
1965528174127 0.091454 0.078283 0.119836 
1965547980035 -0.082635 -0.079518 -0.034508 
1965567816461 -0.003429 0.015675 -0.079613 
1965587622369 0.084474 0.061654 0.119648 
1965607428278 -0.101405 -0.088878 -0.064758 
1965627264703 0.033933 0.038777 -0.037157 
1965647101129 0.067614 0.033099 0.116750 
1965666907037 -0.105681 -0.074609 -0.109206 
1965686743463 0.066596 0.064133 0.010086 
1965706549371 0.025172 -0.002758 0.097647 
1965726355280 -0.079868 -0.067420 -0.120726 
1965746191705 0.088999 0.087506 0.072968 
1965765997614 -0.036680 -0.040301 0.038157 
1965785803522 -0.046901 -0.032237 -0.120411 
1965805639948 0.100514 0.082193 0.114916 
1965825445856 -0.078281 -0.071107 -0.034645 
1965845251764 -0.001764 0.009926 -0.077432 
1965865088190 0.074518 0.051480 0.121757 
1965884894098 -0.094390 -0.086930 -0.081223 
1965904700006 0.045119 0.043199 -0.016065 
1965924536432 0.043735 0.032525 0.116323 
1965944372858 -0.093611 -0.079795 -0.118862 
1965964178766 0.085422 0.075543 0.040081 
1965984015192 -0.016766 -0.021804 0.068807 
1966003821100 -0.078768 -0.058296 -0.120847 
1966023627008 0.099311 0.091925 0.086733 
1966043463434 -0.044980 -0.056842 0.019074 
1966063269342 -0.041270 -0.015611 -0.092587 
1966083105768 0.098783 0.075133 0.125615 
1966102911676 -0.087129 -0.080021 -0.038168 
1966122717584 0.005879 0.017489 -0.076221 
1966142554010 0.061094 0.053929 0.132173 
1966162359918 -0.098347 -0.086639 -0.082719 
1966182165827 0.055399 0.057363 -0.003629 
1966202002252 0.039808 0.016141 0.105202 
1966221838678 -0.093022 -0.077121 -0.124985 
1966241644586 0.088078 0.080429 0.057289 
1966261481012 -0.018603 -0.018920 0.064651 
1966281286920 -0.072913 -0.064067 -0.108669 
1966301092828 0.092007 0.088665 0.082318 
1966320929254 -0.019666 -0.032246 0.040252 
1966340735162 -0.046864 -0.045262 -0.123006 
1966360541071 0.102622 0.086028 0.114724 
1966380377496 -0.081102 -0.074106 -0.025568 
1966400183405 -0.009108 0.011417 -0.080239 
1966419989313 0.072039 0.050372 0.128303 
1966439825739 -0.099088 -0.090077 -0.086473 
1966459631647 0.047508 0.060973 -0.002627 
1966479468073 0.027548 0.008067 0.099237 
1966499304498 -0.076887 -0.065968 -0.114547 
1966519110407 0.088391 0.082196 0.041932 
1966538946832 0.009690 -0.003561 0.075250 
1966558752741 -0.080725 -0.061248 -0.116929 
1966578558649 0.102281 0.091387 0.083575 
1966598395075 -0.042108 -0.052745 0.022969 
1966618200983 -0.042672 -0.018596 -0.100396 
1966638006891 0.099745 0.063231 0.122700 
1966657843317 -0.088501 -0.079963 -0.059498 
1966677649225 0.041789 0.043005 -0.025122 
1966697455133 0.051621 0.039270 0.121428 
1966717291559 -0.089222 -0.075825 -0.109308 
1966737097467 0.061447 0.065498 0.012303 
1966756903375 0.029898 0.008502 0.095172 
1966776739801 -0.095883 -0.072716 -0.113868 
1966796576227 0.092263 0.084685 0.049539 
1966816382135 -0.010381 -0.033779 0.064067 
1966836218561 -0.065435 -0.053677 -0.123111 
1966856024469 0.105498 0.089226 0.103041 
1966875830377 -0.064672 -0.061766 -0.002156 
1966895666803 -0.011736 -0.001873 -0.085364 
1966915472711 0.088007 0.067835 0.123351 
1966935278619 -0.101706 -0.080141 -0.065810 
1966955115045 0.040815 0.049767 -0.019657 
1966974920953 0.046278 0.022909 0.115152 
1966994726862 -0.096473 -0.082157 -0.113054 
1967014563287 0.089603 0.080207 0.052629 
1967034369196 -0.019900 -0.023997 0.062440 
1967054205621 -0.053809 -0.037063 -0.115433 
1967074042047 0.107244 0.082142 0.122039 
1967093847955 -0.087956 -0.068615 -0.025441 
1967113684381 0.012472 0.019039 -0.063916 
1967133490289 0.073940 0.036707 0.127878 
1967153296198 -0.101652 -0.075296 -0.105374 
1967173132623 0.070243 0.066010 0.011475 
1967192938532 0.026397 0.008079 0.101303 
1967212744440 -0.087477 -0.066190 -0.119488 
1967232580866 0.095742 0.084061 0.062588 
1967252386774 -0.011183 -0.026029 0.058194 
1967272192682 -0.070618 -0.047110 -0.140373 
1967292029108 0.093766 0.071992 0.097930 
1967311835016 -0.054956 -0.055524 0.013701 
1967331640924 -0.022926 -0.013649 -0.123216 
1967351477350 0.095691 0.076087 0.151526 
1967371313776 -0.092648 -0.083270 -0.068637 
1967391119684 0.030833 0.035176 -0.036272 
1967410956110 0.057685 0.022686 0.122236 
1967430762018 -0.099312 -0.080058 -0.115470 
1967450567926 0.077367 0.061183 0.087296 
1967470404352 -0.012990 -0.010224 -0.052081 
1967490210260 0.001440 -0.000618 0.025988 
