# Created at Tue Jun 01 15:55:59 GMT+02:00 2021 in Burnaby Canada 
1961875616754 0.000000 0.000000 0.000000 
1961895483698 0.000000 0.000000 0.000000 
1961915381159 0.000000 0.000000 0.000000 
1961935248102 0.000000 0.000000 0.000000 
1961955115045 0.000000 0.000000 0.000000 
1961975012506 0.000000 0.000000 0.000000 
1961994879450 0.000000 0.000000 0.000000 
1962014746393 0.000000 0.000000 0.000000 
1962034613336 0.000000 0.000000 0.000000 
1962054480280 0.000000 0.000000 0.000000 
1962074377741 0.000000 0.000000 0.000000 
1962094244684 0.000000 0.000000 0.000000 
1962114111627 0.000000 0.000000 0.000000 
1962133978571 0.000000 0.000000 0.000000 
1962153876032 0.000000 0.000000 0.000000 
1962173742975 0.000000 0.000000 0.000000 
1962193609918 0.000000 0.000000 0.000000 
1962213507379 0.000000 0.000000 0.000000 
1962233374323 0.000000 0.000000 0.000000 
1962253271784 0.000000 0.000000 0.000000 
1962273138727 0.000000 0.000000 0.000000 
1962293005670 0.000000 0.000000 0.000000 
1962312872614 0.000000 0.000000 0.000000 
1962332739557 0.000000 0.000000 0.000000 
1962352637018 0.000000 0.000000 0.000000 
1962372503961 0.000000 0.000000 0.000000 
1962392370905 0.000000 0.000000 0.000000 
1962412237848 0.000000 0.000000 0.000000 
1962432104791 0.000000 0.000000 0.000000 
1962452002252 0.000000 0.000000 0.000000 
1962471869196 0.000000 0.000000 0.000000 
1962491766657 0.000000 0.000000 0.000000 
1962511633600 0.000000 0.000000 0.000000 
1962531500543 0.000000 0.000000 0.000000 
1962551398004 0.000000 0.000000 0.000000 
1962571264948 0.000000 0.000000 0.000000 
1962591131891 0.000000 0.000000 0.000000 
1962610998834 0.000000 0.000000 0.000000 
1962630865778 0.000000 0.000000 0.000000 
1962650763239 0.000000 0.000000 0.000000 
1962670630182 0.000000 0.000000 0.000000 
1962690497125 0.000000 0.000000 0.000000 
1962710364069 0.000000 0.000000 0.000000 
1962730231012 0.000000 0.000000 0.000000 
1962750128473 0.000000 0.000000 0.000000 
1962769995416 0.000000 0.000000 0.000000 
1962789892877 0.000000 0.000000 0.000000 
1962809759821 0.000000 0.000000 0.000000 
1962829626764 0.000000 0.000000 0.000000 
1962849524225 0.000000 0.000000 0.000000 
1962869391168 0.000000 0.000000 0.000000 
1962889258112 0.000000 0.000000 0.000000 
1962909125055 0.000000 0.000000 0.000000 
1962929022516 0.000000 0.000000 0.000000 
1962948889459 0.000000 0.000000 0.000000 
1962968756403 0.000000 0.000000 0.000000 
1962988623346 0.000000 0.000000 0.000000 
1963008490289 0.000000 0.000000 0.000000 
1963028387750 0.000000 0.000000 0.000000 
1963048254694 0.000000 0.000000 0.000000 
1963068152155 0.000000 0.000000 0.000000 
1963088019098 0.000000 0.000000 0.000000 
1963107916559 0.000000 0.000000 0.000000 
1963127783502 0.000000 0.000000 0.000000 
1963147650446 0.000000 0.000000 0.000000 
1963167517389 0.000000 0.000000 0.000000 
1963187384332 0.000000 0.000000 0.000000 
1963207281793 0.000000 0.000000 0.000000 
1963227148737 0.000000 0.000000 0.000000 
1963247015680 0.000000 0.000000 0.000000 
1963266882623 0.000000 0.000000 0.000000 
1963286780084 0.000000 0.000000 0.000000 
1963306647028 0.000000 0.000000 0.000000 
1963326513971 0.000000 0.000000 0.000000 
1963346411432 0.000000 0.000000 0.000000 
1963366278375 0.000000 0.000000 0.000000 
1963386175836 0.000000 0.000000 0.000000 
1963406042780 0.000000 0.000000 0.000000 
1963425909723 0.000000 0.000000 0.000000 
1963445776666 0.000000 0.000000 0.000000 
1963465674127 0.000000 0.000000 0.000000 
1963485541071 0.000000 0.000000 0.000000 
1963505408014 0.000000 0.000000 0.000000 
1963525274957 0.000000 0.000000 0.000000 
1963545172418 0.000000 0.000000 0.000000 
1963565039362 0.000000 0.000000 0.000000 
1963584906305 0.000000 0.000000 0.000000 
1963604773248 0.000000 0.000000 0.000000 
1963624640192 0.000000 0.000000 0.000000 
1963644568170 0.000000 0.000000 0.000000 
1963664435114 0.000000 0.000000 0.000000 
1963684302057 0.000000 0.000000 0.000000 
1963704169000 0.000000 0.000000 0.000000 
1963724066461 0.000000 0.000000 0.000000 
1963743933405 0.000000 0.000000 0.000000 
1963763800348 0.000000 0.000000 0.000000 
1963783667291 0.000000 0.000000 0.000000 
1963803564752 0.000000 0.000000 0.000000 
1963823431696 0.000000 0.000000 0.000000 
1963843298639 0.000000 0.000000 0.000000 
1963863165582 0.000000 0.000000 0.000000 
1963883032526 0.000000 0.000000 0.000000 
1963902899469 0.000000 0.000000 0.000000 
1963922827448 0.000000 0.000000 0.000000 
1963942694391 0.000000 0.000000 0.000000 
1963962561334 0.000000 0.000000 0.000000 
1963982428278 0.000000 0.000000 0.000000 
1964002325739 0.000000 0.000000 0.000000 
1964022192682 0.000000 0.000000 0.000000 
1964042059625 0.000000 0.000000 0.000000 
1964061926569 0.000000 0.000000 0.000000 
1964081793512 0.000000 0.000000 0.000000 
1964101690973 0.000000 0.000000 0.000000 
1964121557916 0.000000 0.000000 0.000000 
1964141424860 0.000000 0.000000 0.000000 
1964161291803 0.000000 0.000000 0.000000 
1964181158746 0.000000 0.000000 0.000000 
1964201056207 0.000000 0.000000 0.000000 
1964220953668 0.000000 0.000000 0.000000 
1964240820612 0.000000 0.000000 0.000000 
1964260687555 0.000000 0.000000 0.000000 
1964280554498 0.000000 0.000000 0.000000 
1964300451959 0.000000 0.000000 0.000000 
1964320318903 0.000000 0.000000 0.000000 
1964340185846 0.000000 0.000000 0.000000 
1964360052789 0.000000 0.000000 0.000000 
1964379919733 0.000000 0.000000 0.000000 
1964399817194 0.000000 0.000000 0.000000 
1964419684137 0.000000 0.000000 0.000000 
1964439551080 0.000000 0.000000 0.000000 
1964459418024 0.000000 0.000000 0.000000 
1964479284967 0.000000 0.000000 0.000000 
1964499182428 0.000000 0.000000 0.000000 
1964519079889 0.000000 0.000000 0.000000 
1964538946832 0.000000 0.000000 0.000000 
1964558813776 0.000000 0.000000 0.000000 
1964578680719 0.000000 0.000000 0.000000 
1964598547662 0.000000 0.000000 0.000000 
1964618414606 0.000000 0.000000 0.000000 
1964638312067 0.000000 0.000000 0.000000 
1964658179010 0.000000 0.000000 0.000000 
1964678045953 0.000000 0.000000 0.000000 
1964697912897 0.000000 0.000000 0.000000 
1964717810358 0.000000 0.000000 0.000000 
1964737677301 0.000000 0.000000 0.000000 
1964757544244 0.000000 0.000000 0.000000 
1964777441705 0.000000 0.000000 0.000000 
1964797308649 0.000000 0.000000 0.000000 
1964817206110 0.000000 0.000000 0.000000 
1964837073053 0.000000 0.000000 0.000000 
1964856939996 0.000000 0.000000 0.000000 
1964876806940 0.000000 0.000000 0.000000 
1964896673883 0.000000 0.000000 0.000000 
1964916540827 0.000000 0.000000 0.000000 
1964936438287 0.000000 0.000000 0.000000 
1964956305231 0.000000 0.000000 0.000000 
1964976172174 0.000000 0.000000 0.000000 
1964996039118 0.000000 0.000000 0.000000 
1965015906061 0.000000 0.000000 0.000000 
1965035803522 0.000000 0.000000 0.000000 
1965055670465 0.000000 0.000000 0.000000 
1965075567926 0.000000 0.000000 0.000000 
1965095434869 0.000000 0.000000 0.000000 
1965115301813 0.000000 0.000000 0.000000 
1965135168756 0.000000 0.000000 0.000000 
1965155066217 0.000000 0.000000 0.000000 
1965174933160 0.000000 0.000000 0.000000 
1965194800104 0.000000 0.000000 0.000000 
1965214667047 0.000000 0.000000 0.000000 
1965234533991 0.000000 0.000000 0.000000 
1965254400934 0.000000 0.000000 0.000000 
1965274267877 0.000000 0.000000 0.000000 
1965294165338 0.000000 0.000000 0.000000 
1965314032282 0.000000 0.000000 0.000000 
1965333899225 0.000000 0.000000 0.000000 
1965353796686 0.000000 0.000000 0.000000 
1965373663629 0.000000 0.000000 0.000000 
1965393530573 0.000000 0.000000 0.000000 
1965413397516 0.000000 0.000000 0.000000 
1965433294977 0.000000 0.000000 0.000000 
1965453161920 0.000000 0.000000 0.000000 
1965473028864 0.000000 0.000000 0.000000 
1965492895807 0.000000 0.000000 0.000000 
1965512762750 0.000000 0.000000 0.000000 
1965532660211 0.000000 0.000000 0.000000 
1965552527155 0.000000 0.000000 0.000000 
1965572394098 0.000000 0.000000 0.000000 
1965592261041 0.000000 0.000000 0.000000 
1965612127985 0.000000 0.000000 0.000000 
1965632025446 0.000000 0.000000 0.000000 
1965651922907 0.000000 0.000000 0.000000 
1965671820368 0.000000 0.000000 0.000000 
1965691687311 0.000000 0.000000 0.000000 
1965711554254 0.000000 0.000000 0.000000 
1965731451715 0.000000 0.000000 0.000000 
1965751318659 0.000000 0.000000 0.000000 
1965771185602 0.000000 0.000000 0.000000 
1965791052545 0.000000 0.000000 0.000000 
1965810919489 0.000000 0.000000 0.000000 
1965830786432 0.000000 0.000000 0.000000 
1965850653375 0.000000 0.000000 0.000000 
1965870520319 0.000000 0.000000 0.000000 
1965890387262 0.000000 0.000000 0.000000 
1965910254205 0.000000 0.000000 0.000000 
1965930182184 0.000000 0.000000 0.000000 
1965950049127 0.000000 0.000000 0.000000 
1965969916071 0.000000 0.000000 0.000000 
1965989783014 0.000000 0.000000 0.000000 
1966009649957 0.000000 0.000000 0.000000 
1966029547418 0.000000 0.000000 0.000000 
1966049414362 0.000000 0.000000 0.000000 
1966069281305 0.000000 0.000000 0.000000 
1966089148248 0.000000 0.000000 0.000000 
1966109015192 0.000000 0.000000 0.000000 
1966128882135 0.000000 0.000000 0.000000 
1966148779596 0.000000 0.000000 0.000000 
1966168646539 0.000000 0.000000 0.000000 
1966188513483 0.000000 0.000000 0.000000 
1966208410944 0.000000 0.000000 0.000000 
1966228277887 0.000000 0.000000 0.000000 
1966248175348 0.000000 0.000000 0.000000 
1966268042291 0.000000 0.000000 0.000000 
1966287909235 0.000000 0.000000 0.000000 
1966307776178 0.000000 0.000000 0.000000 
1966327643121 0.000000 0.000000 0.000000 
1966347540582 0.000000 0.000000 0.000000 
1966367407526 0.000000 0.000000 0.000000 
1966387274469 0.000000 0.000000 0.000000 
1966407141412 0.000000 0.000000 0.000000 
1966427008356 0.000000 0.000000 0.000000 
1966446905817 0.000000 0.000000 0.000000 
1966466772760 0.000000 0.000000 0.000000 
1966486639703 0.000000 0.000000 0.000000 
1966506537164 0.000000 0.000000 0.000000 
1966526404108 0.000000 0.000000 0.000000 
1966546271051 0.000000 0.000000 0.000000 
1966566168512 0.000000 0.000000 0.000000 
1966586035455 0.000000 0.000000 0.000000 
1966605902399 0.000000 0.000000 0.000000 
1966625769342 0.000000 0.000000 0.000000 
1966645636285 0.000000 0.000000 0.000000 
1966665533746 0.000000 0.000000 0.000000 
1966685400690 0.000000 0.000000 0.000000 
1966705267633 0.000000 0.000000 0.000000 
1966725134577 0.000000 0.000000 0.000000 
1966745001520 0.000000 0.000000 0.000000 
1966764868463 0.000000 0.000000 0.000000 
1966784796442 0.000000 0.000000 0.000000 
1966804663385 0.000000 0.000000 0.000000 
1966824530328 0.000000 0.000000 0.000000 
1966844397272 0.000000 0.000000 0.000000 
1966864264215 0.000000 0.000000 0.000000 
1966884161676 0.000000 0.000000 0.000000 
1966904028619 0.000000 0.000000 0.000000 
1966923895563 0.000000 0.000000 0.000000 
1966943762506 0.000000 0.000000 0.000000 
1966963629450 0.000000 0.000000 0.000000 
1966983526910 0.000000 0.000000 0.000000 
1967003393854 0.000000 0.000000 0.000000 
1967023260797 0.000000 0.000000 0.000000 
1967043127741 0.000000 0.000000 0.000000 
1967062994684 0.000000 0.000000 0.000000 
1967082922662 0.000000 0.000000 0.000000 
1967102789606 0.000000 0.000000 0.000000 
1967122656549 0.000000 0.000000 0.000000 
1967142523493 0.000000 0.000000 0.000000 
1967162390436 0.000000 0.000000 0.000000 
1967182287897 0.000000 0.000000 0.000000 
1967202154840 0.000000 0.000000 0.000000 
1967222021784 0.000000 0.000000 0.000000 
1967241888727 0.000000 0.000000 0.000000 
1967261755670 0.000000 0.000000 0.000000 
1967281622614 0.000000 0.000000 0.000000 
1967301520075 0.000000 0.000000 0.000000 
1967321387018 0.000000 0.000000 0.000000 
1967341253961 0.000000 0.000000 0.000000 
1967361151422 0.000000 0.000000 0.000000 
1967381018366 0.000000 0.000000 0.000000 
1967400915827 0.000000 0.000000 0.000000 
1967420782770 0.000000 0.000000 0.000000 
1967440649713 0.000000 0.000000 0.000000 
1967460516657 0.000000 0.000000 0.000000 
1967480414118 0.000000 0.000000 0.000000 
