# Created at Sun Jun 13 00:18:35 GMT+02:00 2021 in Copenhagen 
202494654953185, -0.001038, 0.000198, -0.000504 
202494674759093, 0.000198, 0.000198, -0.000504 
202494694565001, 0.000198, -0.001038, 0.000717 
202494714401427, 0.000198, 0.000198, 0.000717 
202494734207335, -0.001038, -0.002243, 0.000717 
202494754013243, -0.001038, -0.001038, 0.000717 
202494773849669, 0.000198, 0.000198, -0.000504 
202494793655577, 0.000198, 0.001419, -0.000504 
202494813492003, 0.001404, 0.001419, -0.000504 
202494833297911, 0.001404, 0.000198, 0.000717 
202494853103820, -0.001038, 0.000198, -0.000504 
202494872940245, -0.001038, 0.000198, -0.001724 
202494892746154, -0.001038, -0.001038, -0.001724 
202494912552062, -0.002258, 0.000198, -0.001724 
202494932388488, -0.003479, 0.001419, -0.001724 
202494952224913, -0.001038, 0.000198, -0.001724 
202494972030822, -0.001038, 0.000198, -0.001724 
202494991867247, -0.002258, 0.000198, -0.001724 
202495011673156, -0.002258, 0.000198, -0.001724 
202495031479064, -0.001038, 0.001419, -0.001724 
202495051315490, -0.001038, 0.001419, -0.000504 
202495071121398, -0.001038, 0.000198, -0.000504 
202495090927306, -0.001038, -0.001038, -0.000504 
202495110763732, 0.000198, 0.000198, 0.000717 
202495130569640, 0.000198, -0.001038, 0.000717 
202495150406066, -0.001038, 0.000198, 0.000717 
202495170211974, 0.000198, 0.000198, 0.000717 
202495190017882, 0.000198, -0.001038, -0.000504 
202495209854308, 0.000198, -0.001038, -0.000504 
202495229690734, 0.000198, 0.000198, -0.000504 
202495249496642, -0.001038, 0.001419, -0.000504 
202495269333068, -0.001038, 0.000198, 0.000717 
202495289138976, 0.000198, 0.000198, 0.000717 
202495308944884, 0.000198, 0.000198, -0.000504 
202495328781310, 0.000198, 0.000198, -0.000504 
202495348587218, 0.000198, 0.000198, -0.000504 
202495368393126, 0.000198, 0.000198, -0.000504 
202495388229552, -0.001038, 0.000198, 0.000717 
202495408035460, 0.000198, 0.000198, 0.000717 
202495427841368, 0.000198, 0.000198, 0.000717 
202495447677794, 0.000198, 0.000198, -0.000504 
202495467483702, 0.000198, 0.000198, -0.000504 
202495487320128, 0.000198, -0.001038, -0.000504 
202495507156554, 0.000198, 0.000198, -0.000504 
202495526962462, 0.000198, 0.000198, -0.000504 
202495546768370, 0.000198, 0.000198, 0.000717 
202495566604796, 0.000198, -0.001038, 0.000717 
202495586410704, 0.000198, -0.001038, 0.000717 
202495606247130, 0.000198, 0.000198, 0.000717 
202495626053038, -0.001038, 0.000198, -0.000504 
202495645858947, 0.000198, -0.001038, 0.000717 
202495665695372, 0.000198, 0.000198, 0.000717 
202495685501281, -0.001038, 0.000198, 0.000717 
202495705307189, 0.000198, 0.000198, 0.000717 
202495725143615, 0.000198, 0.000198, 0.001938 
202495744949523, -0.002258, 0.001419, -0.000504 
202495764755431, -0.001038, 0.002640, 0.000717 
202495784591857, -0.001038, 0.000198, 0.000717 
202495804428283, -0.001038, 0.000198, -0.000504 
202495824234191, -0.001038, 0.000198, 0.000717 
202495844070617, 0.000198, -0.001038, -0.000504 
202495863876525, -0.001038, 0.000198, -0.000504 
202495883712951, 0.000198, 0.000198, -0.000504 
202495903518859, 0.000198, 0.001419, -0.001724 
202495923324767, 0.000198, -0.001038, -0.000504 
202495943161193, -0.001038, 0.000198, 0.000717 
202495962967101, -0.001038, 0.000198, 0.000717 
202495982773009, -0.002258, 0.002640, 0.001938 
202496002609435, -0.002258, 0.003876, 0.000717 
202496022415343, -0.001038, 0.000198, -0.001724 
202496042221251, 0.000198, 0.000198, -0.000504 
202496062057677, -0.001038, -0.001038, 0.000717 
202496081894103, -0.001038, 0.000198, -0.000504 
202496101700011, 0.000198, 0.000198, -0.000504 
202496121536437, 0.000198, 0.000198, -0.000504 
202496141342345, 0.000198, -0.001038, -0.000504 
202496161148253, 0.000198, 0.000198, 0.000717 
202496180984679, 0.000198, 0.000198, 0.000717 
202496200790587, -0.001038, 0.000198, -0.000504 
202496220627013, 0.000198, 0.000198, 0.000717 
202496240432921, 0.000198, -0.001038, 0.000717 
202496260238829, -0.001038, -0.001038, -0.000504 
202496280075255, -0.001038, 0.001419, 0.000717 
202496299881163, 0.000198, 0.000198, -0.001724 
202496319687072, 0.000198, 0.000198, 0.000717 
202496339523497, -0.001038, 0.000198, 0.001938 
202496359359923, -0.001038, 0.000198, 0.001938 
202496379165831, 0.000198, -0.001038, 0.000717 
202496399002257, -0.001038, -0.001038, -0.000504 
202496418808165, -0.001038, -0.001038, -0.000504 
202496438614074, 0.000198, -0.001038, -0.000504 
202496458450499, 0.000198, -0.001038, -0.001724 
202496478256408, 0.000198, -0.001038, -0.002960 
202496498062316, 0.000198, 0.000198, -0.001724 
202496517898742, -0.001038, -0.001038, -0.001724 
202496537704650, -0.001038, -0.001038, 0.000717 
202496557510558, 0.000198, 0.000198, 0.001938 
202496577346984, 0.000198, 0.000198, -0.001724 
202496597152892, 0.000198, 0.000198, 0.000717 
202496616958800, 0.000198, 0.000198, -0.000504 
202496636795226, 0.000198, 0.001419, 0.000717 
202496656631652, 0.000198, 0.000198, -0.001724 
202496676468077, 0.000198, -0.002243, 0.001938 
202496696273986, -0.001038, 0.001419, -0.000504 
202496716079894, 0.000198, 0.000198, -0.000504 
202496735916320, 0.000198, -0.001038, -0.000504 
202496755722228, -0.001038, 0.000198, 0.000717 
202496775528136, 0.000198, 0.001419, -0.000504 
202496795364562, 0.000198, -0.001038, 0.000717 
202496815170470, -0.001038, -0.001038, -0.000504 
202496834976378, -0.001038, -0.001038, 0.000717 
202496854812804, 0.000198, 0.000198, -0.000504 
202496874618712, 0.000198, 0.000198, 0.000717 
202496894424620, 0.000198, 0.000198, 0.000717 
202496914261046, -0.001038, 0.000198, 0.000717 
202496934097472, -0.001038, 0.000198, -0.000504 
202496953903380, -0.001038, 0.000198, 0.000717 
202496973739806, 0.000198, 0.000198, 0.000717 
202496993545714, -0.001038, 0.000198, -0.000504 
202497013351622, 0.000198, 0.000198, -0.000504 
202497033188048, 0.000198, 0.000198, 0.000717 
202497052993956, 0.000198, -0.001038, 0.000717 
202497072830382, 0.000198, -0.001038, -0.000504 
202497092636290, 0.000198, 0.000198, -0.000504 
202497112442199, 0.000198, 0.000198, -0.000504 
202497132278624, 0.000198, 0.000198, 0.000717 
202497152084533, -0.001038, -0.001038, -0.000504 
202497171890441, 0.000198, 0.000198, -0.000504 
202497191726867, 0.000198, 0.000198, -0.000504 
202497211563292, 0.000198, 0.000198, 0.000717 
202497231369201, 0.000198, 0.000198, -0.000504 
202497251205626, 0.000198, 0.000198, 0.000717 
202497271011535, 0.000198, 0.000198, -0.000504 
202497290847960, 0.000198, 0.000198, 0.000717 
202497310653868, 0.000198, 0.000198, -0.000504 
202497330459777, 0.000198, 0.000198, -0.000504 
202497350296202, 0.000198, 0.000198, -0.000504 
202497370102111, 0.000198, 0.000198, -0.000504 
202497389908019, -0.001038, -0.001038, -0.000504 
202497409744445, 0.000198, -0.001038, -0.000504 
202497429550353, 0.000198, 0.000198, -0.000504 
202497449356261, 0.000198, 0.000198, -0.000504 
202497469192687, -0.001038, 0.000198, 0.000717 
202497488998595, -0.001038, 0.000198, -0.000504 
202497508835021, 0.000198, 0.000198, -0.000504 
202497528671447, 0.000198, 0.001419, -0.000504 
202497548477355, 0.000198, -0.001038, -0.000504 
202497568283263, 0.000198, -0.001038, -0.000504 
202497588119689, 0.000198, 0.000198, -0.000504 
202497607925597, 0.000198, 0.001419, -0.000504 
202497627731505, -0.001038, 0.000198, -0.000504 
202497647567931, 0.000198, -0.001038, -0.000504 
202497667373839, 0.000198, -0.001038, -0.000504 
202497687210265, 0.000198, -0.001038, -0.000504 
202497707016173, -0.001038, -0.001038, 0.000717 
202497726822081, -0.001038, 0.000198, 0.000717 
202497746658507, 0.000198, 0.000198, -0.000504 
202497766464415, 0.000198, 0.000198, -0.000504 
202497786300841, -0.001038, -0.001038, 0.000717 
202497806137267, -0.001038, 0.000198, 0.001938 
202497825943175, 0.000198, 0.000198, 0.001938 
202497845749083, -0.001038, 0.000198, 0.001938 
202497865585509, 0.000198, 0.000198, 0.001938 
202497885391417, -0.002258, 0.000198, 0.001938 
202497905197326, 0.000198, 0.001419, -0.000504 
202497925033751, 0.000198, -0.001038, 0.000717 
202497944839660, 0.000198, -0.001038, 0.000717 
202497964676085, -0.001038, 0.000198, 0.001938 
202497984481993, 0.000198, -0.001038, 0.000717 
202498004287902, 0.000198, 0.000198, 0.000717 
202498024124327, -0.001038, 0.001419, 0.000717 
202498043930236, 0.000198, 0.000198, -0.000504 
202498063766661, -0.001038, 0.000198, -0.001724 
202498083603087, 0.000198, 0.000198, 0.000717 
202498103408995, 0.000198, 0.000198, 0.000717 
202498123214904, 0.000198, -0.001038, -0.000504 
202498143051329, 0.000198, 0.000198, -0.000504 
202498162857238, -0.001038, 0.000198, -0.000504 
202498182663146, -0.001038, -0.001038, -0.000504 
202498202499572, -0.001038, -0.001038, -0.000504 
202498222305480, -0.001038, -0.001038, -0.000504 
202498242111388, 0.000198, 0.001419, 0.000717 
202498261947814, -0.001038, 0.000198, -0.000504 
202498281753722, 0.000198, 0.000198, -0.000504 
202498301590148, 0.000198, 0.001419, -0.000504 
202498321396056, 0.000198, 0.000198, -0.000504 
202498341201964, 0.000198, -0.001038, 0.000717 
202498361038390, 0.000198, 0.000198, 0.000717 
202498380874816, 0.000198, 0.000198, -0.000504 
202498400680724, 0.000198, 0.000198, 0.000717 
202498420517150, 0.001404, -0.001038, 0.000717 
202498440323058, 0.000198, -0.001038, 0.000717 
202498460128966, -0.001038, -0.001038, -0.000504 
202498479965392, 0.000198, 0.000198, -0.000504 
202498499771300, 0.000198, 0.000198, -0.000504 
202498519577208, -0.001038, 0.000198, 0.000717 
202498539413634, 0.000198, 0.000198, -0.000504 
202498559219542, 0.000198, 0.000198, -0.000504 
202498579025451, -0.001038, 0.000198, -0.000504 
202498598861876, 0.000198, 0.000198, -0.000504 
202498618667785, -0.001038, 0.001419, -0.000504 
202498638504210, 0.000198, 0.000198, 0.000717 
202498658340636, 0.000198, 0.000198, 0.000717 
202498678146544, 0.000198, 0.000198, 0.000717 
202498697982970, 0.000198, -0.001038, 0.000717 
202498717788878, 0.000198, 0.000198, -0.000504 
202498737594786, 0.000198, 0.000198, -0.000504 
202498757431212, 0.000198, 0.000198, -0.000504 
202498777237120, 0.000198, -0.001038, -0.000504 
202498797043029, 0.000198, 0.000198, 0.000717 
202498816879454, 0.000198, 0.000198, -0.000504 
202498836685363, 0.000198, -0.001038, 0.000717 
202498856491271, -0.001038, -0.001038, 0.000717 
202498876327697, 0.000198, 0.000198, -0.000504 
202498896133605, 0.000198, 0.000198, -0.000504 
202498915939513, 0.000198, 0.000198, -0.000504 
202498935775939, 0.000198, 0.000198, -0.000504 
202498955612365, 0.000198, 0.000198, -0.000504 
202498975418273, 0.000198, 0.000198, -0.000504 
202498995254699, -0.001038, 0.000198, 0.000717 
202499015060607, 0.000198, 0.001419, 0.000717 
202499034897033, 0.000198, 0.000198, 0.000717 
202499054702941, 0.000198, -0.001038, -0.000504 
202499074508849, 0.000198, 0.000198, -0.000504 
202499094345275, 0.000198, -0.001038, -0.000504 
202499114151183, -0.001038, 0.000198, -0.000504 
202499133957091, 0.000198, 0.001419, -0.000504 
202499153793517, 0.000198, 0.000198, -0.000504 
202499173599425, -0.001038, -0.001038, -0.000504 
202499193405333, 0.001404, 0.000198, -0.000504 
202499213241759, 0.000198, 0.000198, 0.000717 
202499233078185, 0.000198, 0.000198, -0.000504 
202499252884093, -0.001038, 0.000198, -0.000504 
202499272720519, 0.000198, 0.000198, -0.000504 
202499292526427, -0.001038, 0.000198, 0.001938 
202499312332335, -0.001038, -0.001038, 0.000717 
202499332168761, 0.000198, 0.000198, -0.000504 
202499351974669, 0.000198, 0.000198, -0.000504 
202499371811095, 0.000198, -0.001038, -0.000504 
202499391617003, 0.000198, 0.000198, 0.000717 
202499411422911, -0.001038, 0.000198, -0.000504 
202499431259337, -0.001038, 0.000198, 0.000717 
202499451065245, 0.000198, -0.001038, 0.000717 
202499470871154, 0.000198, -0.001038, 0.000717 
202499490707579, -0.001038, 0.000198, 0.000717 
202499510544005, 0.000198, 0.000198, -0.000504 
202499530349913, 0.000198, -0.001038, 0.000717 
202499550186339, -0.001038, 0.000198, -0.000504 
202499569992247, -0.001038, 0.000198, 0.001938 
202499589798156, -0.001038, -0.001038, 0.000717 
202499609634581, 0.000198, 0.000198, 0.000717 
202499629440490, 0.000198, 0.000198, 0.000717 
202499649276915, -0.001038, 0.000198, -0.000504 
202499669082824, 0.000198, 0.000198, -0.000504 
202499688888732, 0.000198, 0.000198, -0.000504 
202499708725158, 0.000198, 0.000198, -0.000504 
202499728531066, 0.000198, 0.000198, -0.000504 
202499748336734, 0.000198, 0.000198, -0.000504 
202499768173160, 0.000198, 0.000198, 0.000717 
202499788009586, 0.000198, 0.000198, -0.000504 
202499807815494, 0.000198, -0.001038, -0.000504 
202499827651920, 0.000198, 0.000198, 0.000717 
202499847457828, 0.000198, 0.000198, -0.000504 
202499867263736, 0.000198, 0.000198, -0.001724 
202499887100162, 0.000198, 0.000198, -0.001724 
202499906906070, 0.000198, -0.001038, 0.000717 
202499926711978, 0.000198, -0.001038, -0.000504 
202499946548404, 0.000198, -0.001038, 0.000717 
202499966354312, 0.000198, -0.001038, 0.000717 
202499986190738, 0.000198, -0.001038, 0.000717 
202500005996646, -0.001038, 0.000198, 0.000717 
202500025802554, 0.000198, -0.001038, -0.000504 
202500045638980, -0.001038, 0.000198, 0.000717 
202500065475406, 0.000198, 0.000198, -0.000504 
202500085281314, -0.001038, 0.000198, 0.000717 
202500105117740, 0.000198, -0.001038, 0.000717 
202500124923648, -0.001038, 0.001419, -0.000504 
202500144729556, 0.000198, 0.000198, -0.000504 
202500164565982, 0.000198, 0.000198, -0.000504 
202500184371890, 0.000198, 0.000198, -0.000504 
202500204177798, -0.001038, 0.001419, -0.000504 
202500224014224, 0.000198, 0.000198, -0.000504 
202500243820132, 0.000198, 0.000198, 0.000717 
202500263626041, 0.000198, -0.001038, -0.000504 
202500283462466, 0.000198, 0.001419, 0.000717 
202500303268375, -0.001038, 0.000198, 0.001938 
202500323104800, 0.000198, 0.000198, 0.000717 
202500342910709, -0.001038, 0.000198, 0.000717 
202500362747134, 0.000198, 0.000198, -0.000504 
202500382583560, 0.000198, 0.000198, 0.000717 
202500402389468, 0.000198, 0.000198, 0.000717 
202500422195377, 0.000198, 0.000198, 0.000717 
202500442031802, 0.000198, 0.000198, 0.000717 
202500461837711, 0.000198, -0.001038, 0.000717 
202500481643619, 0.000198, 0.000198, 0.000717 
202500501480045, 0.001404, -0.002243, 0.000717 
202500521285953, -0.002258, 0.002640, -0.000504 
202500541091861, 0.000198, 0.000198, 0.000717 
202500560928287, -0.001038, -0.001038, -0.000504 
202500580734195, -0.001038, 0.002640, -0.000504 
202500600540103, 0.001404, -0.002243, 0.000717 
202500620376529, -0.001038, 0.000198, -0.000504 
202500640212955, -0.003479, 0.001419, -0.001724 
202500660049380, -0.002258, 0.003876, -0.001724 
202500679855289, 0.000198, 0.001419, 0.000717 
202500699661197, 0.000198, 0.000198, 0.000717 
202500719497623, 0.000198, 0.000198, 0.000717 
202500739303531, 0.000198, 0.000198, -0.000504 
202500759109439, 0.000198, 0.000198, 0.000717 
202500778945865, 0.000198, 0.000198, -0.000504 
202500798751773, 0.000198, 0.000198, -0.000504 
202500818557681, -0.001038, 0.000198, 0.000717 
202500838394107, 0.000198, -0.001038, 0.000717 
202500858200015, -0.001038, 0.000198, 0.000717 
202500878005923, 0.000198, 0.000198, 0.000717 
202500897842349, 0.000198, -0.001038, -0.000504 
202500917648257, 0.000198, 0.000198, 0.000717 
202500937484683, -0.001038, 0.000198, 0.000717 
202500957321109, -0.001038, 0.000198, 0.000717 
202500977127017, 0.001404, 0.000198, 0.000717 
202500996963443, 0.001404, 0.000198, 0.000717 
202501016769351, 0.000198, 0.000198, 0.000717 
202501036575259, 0.000198, -0.001038, 0.000717 
202501056411685, 0.000198, 0.000198, -0.000504 
202501076217593, -0.001038, 0.000198, -0.000504 
202501096023502, 0.000198, 0.000198, -0.000504 
202501115859927, 0.000198, 0.000198, -0.000504 
202501135665836, -0.001038, -0.001038, 0.000717 
202501155471744, 0.000198, 0.000198, 0.000717 
202501175308170, 0.000198, 0.000198, -0.000504 
202501195114078, 0.000198, 0.000198, 0.000717 
202501214950503, 0.001404, 0.000198, -0.000504 
202501234786929, 0.001404, -0.001038, 0.000717 
202501254592837, -0.002258, -0.001038, 0.000717 
202501274398746, -0.001038, 0.000198, 0.000717 
202501294235171, 0.000198, 0.000198, 0.000717 
