# Created at Tue Jun 08 20:54:14 GMT+02:00 2021 in Copenhagen 
18810376049492, -0.116558, -0.133636, 9.805047 
18810395855400, -0.117295, -0.133229, 9.805044 
18810415661309, -0.117765, -0.133398, 9.805035 
18810435497734, -0.117502, -0.133884, 9.805033 
18810455303643, -0.116609, -0.134128, 9.805040 
18810475140068, -0.115751, -0.133710, 9.805056 
18810494945977, -0.116042, -0.133223, 9.805058 
18810514751885, -0.117206, -0.132675, 9.805053 
18810534588311, -0.118325, -0.132150, 9.805046 
18810554394219, -0.118674, -0.132527, 9.805037 
18810574230645, -0.118289, -0.133445, 9.805028 
18810594067070, -0.118208, -0.133507, 9.805029 
18810613872979, -0.117406, -0.135303, 9.805015 
18810633709404, -0.118124, -0.134413, 9.805017 
18810653515313, -0.118122, -0.134192, 9.805021 
18810673321221, -0.118177, -0.134347, 9.805017 
18810693157647, -0.117852, -0.134926, 9.805014 
18810712963555, -0.117169, -0.135765, 9.805011 
18810732799981, -0.116553, -0.137352, 9.804996 
18810752605889, -0.115993, -0.139668, 9.804970 
18810772411797, -0.118560, -0.137674, 9.804967 
18810792248223, -0.118799, -0.136376, 9.804981 
18810812054131, -0.119021, -0.135985, 9.804984 
18810831890557, -0.118961, -0.137546, 9.804964 
18810851726983, -0.118071, -0.138803, 9.804957 
18810871532891, -0.117895, -0.137456, 9.804977 
18810891369316, -0.117233, -0.138307, 9.804975 
18810911175225, -0.117236, -0.138166, 9.804976 
18810930981133, -0.117235, -0.138258, 9.804975 
18810950817559, -0.117709, -0.137303, 9.804982 
18810970623467, -0.117533, -0.136626, 9.804994 
18810990459893, -0.117127, -0.137001, 9.804994 
18811010265801, -0.116810, -0.137605, 9.804989 
18811030102227, -0.116825, -0.138592, 9.804975 
18811049908135, -0.117077, -0.139075, 9.804965 
18811069714043, -0.116852, -0.138904, 9.804970 
18811089550469, -0.116301, -0.137943, 9.804990 
18811109356377, -0.115997, -0.137319, 9.805002 
18811129162285, -0.116040, -0.136796, 9.805009 
18811148998711, -0.116480, -0.136849, 9.805004 
18811168835137, -0.117223, -0.137618, 9.804984 
18811188671563, -0.117456, -0.138035, 9.804975 
18811208477471, -0.116881, -0.138043, 9.804981 
18811228283379, -0.116250, -0.137738, 9.804994 
18811248119805, -0.115960, -0.137442, 9.805001 
18811267925713, -0.116076, -0.137552, 9.804998 
18811287731621, -0.116428, -0.137660, 9.804993 
18811307568047, -0.116210, -0.138084, 9.804989 
18811327373955, -0.115829, -0.138894, 9.804982 
18811347210381, -0.115310, -0.139275, 9.804984 
18811367016289, -0.114974, -0.138931, 9.804993 
18811386822197, -0.115126, -0.137643, 9.805008 
18811406658623, -0.115996, -0.136630, 9.805012 
18811426495049, -0.116650, -0.136502, 9.805006 
18811446331475, -0.115707, -0.136574, 9.805017 
18811466137383, -0.117526, -0.138902, 9.804962 
18811485943291, -0.115260, -0.137837, 9.805004 
18811505779717, -0.115952, -0.138398, 9.804988 
18811525585625, -0.117774, -0.138522, 9.804964 
18811545391533, -0.116229, -0.136522, 9.805011 
18811565227959, -0.116313, -0.136320, 9.805013 
18811585033867, -0.118283, -0.137712, 9.804970 
18811604870293, -0.116414, -0.137026, 9.805002 
18811624676201, -0.115461, -0.137605, 9.805005 
18811644482109, -0.117714, -0.139499, 9.804952 
18811664318535, -0.116894, -0.137870, 9.804984 
18811684124443, -0.115714, -0.136832, 9.805013 
18811703960869, -0.117098, -0.137825, 9.804983 
18811723797295, -0.114648, -0.136112, 9.805036 
18811743603203, -0.114467, -0.137118, 9.805023 
18811763439629, -0.116659, -0.138791, 9.804975 
18811783245537, -0.114671, -0.137335, 9.805017 
18811803081963, -0.115474, -0.137835, 9.805001 
18811822887871, -0.117150, -0.137907, 9.804980 
18811842693779, -0.114972, -0.135431, 9.805040 
18811862530205, -0.116624, -0.136401, 9.805008 
18811882336113, -0.117145, -0.136431, 9.805001 
18811902142022, -0.115046, -0.135196, 9.805044 
18811921978447, -0.116956, -0.137472, 9.804990 
18811941784356, -0.115774, -0.137119, 9.805008 
18811961620781, -0.114341, -0.136329, 9.805036 
18811981426690, -0.117078, -0.137859, 9.804983 
18812001263115, -0.115729, -0.136043, 9.805024 
18812021099541, -0.115915, -0.135772, 9.805025 
18812040905449, -0.118048, -0.137324, 9.804978 
18812060741875, -0.115527, -0.136148, 9.805024 
18812080547783, -0.116756, -0.137729, 9.804988 
18812100353691, -0.117272, -0.138580, 9.804970 
18812120190117, -0.115482, -0.137098, 9.805012 
18812139996025, -0.118165, -0.138344, 9.804962 
18812159801934, -0.117417, -0.137309, 9.804986 
18812179638359, -0.116419, -0.136905, 9.805003 
18812199444268, -0.118299, -0.138896, 9.804953 
18812219280693, -0.116240, -0.137828, 9.804994 
18812239086602, -0.116413, -0.138862, 9.804976 
18812258892510, -0.117901, -0.139372, 9.804951 
18812278728936, -0.116171, -0.137231, 9.805002 
18812298565361, -0.118436, -0.138159, 9.804961 
18812318371270, -0.117916, -0.137546, 9.804976 
18812338207695, -0.116116, -0.136972, 9.805006 
18812358013604, -0.118163, -0.139363, 9.804947 
18812377850029, -0.116041, -0.137663, 9.804997 
18812397655938, -0.116604, -0.138303, 9.804981 
18812417461846, -0.118083, -0.138820, 9.804957 
18812437298272, -0.116105, -0.137254, 9.805002 
18812457104180, -0.118358, -0.138978, 9.804951 
18812476940606, -0.117760, -0.138583, 9.804963 
18812496746514, -0.116425, -0.138076, 9.804987 
18812516552422, -0.118856, -0.139793, 9.804934 
18812536388848, -0.116882, -0.138292, 9.804979 
18812556194756, -0.117372, -0.138993, 9.804962 
18812576031182, -0.118600, -0.139246, 9.804944 
18812595867608, -0.116462, -0.137668, 9.804992 
18812615673516, -0.119112, -0.139383, 9.804935 
18812635509941, -0.118408, -0.138252, 9.804960 
18812655315850, -0.117381, -0.138236, 9.804974 
18812675121758, -0.119079, -0.140035, 9.804927 
18812694958184, -0.116694, -0.138375, 9.804979 
18812714764092, -0.118205, -0.139242, 9.804949 
18812734600518, -0.118912, -0.138929, 9.804945 
18812754406426, -0.116920, -0.137609, 9.804988 
18812774212334, -0.119335, -0.139414, 9.804934 
18812794048760, -0.117274, -0.138036, 9.804976 
18812813854668, -0.117331, -0.138820, 9.804966 
18812833691094, -0.118954, -0.139969, 9.804930 
18812853527520, -0.117122, -0.138051, 9.804979 
18812873333428, -0.119597, -0.139190, 9.804933 
18812893169854, -0.118739, -0.138234, 9.804956 
18812912975762, -0.117228, -0.138212, 9.804975 
18812932781670, -0.118537, -0.139858, 9.804935 
18812952618096, -0.116322, -0.138534, 9.804981 
18812972424004, -0.117614, -0.139720, 9.804950 
18812992260430, -0.118908, -0.139493, 9.804936 
18813012066338, -0.117548, -0.137680, 9.804979 
18813031872246, -0.119935, -0.139005, 9.804931 
18813051708672, -0.118412, -0.137572, 9.804971 
18813071514580, -0.117564, -0.138215, 9.804971 
18813091351006, -0.118952, -0.139392, 9.804938 
18813111156914, -0.115842, -0.137815, 9.804997 
18813130962822, -0.117416, -0.138876, 9.804963 
18813150799248, -0.117671, -0.138256, 9.804970 
18813170635674, -0.116760, -0.137201, 9.804995 
18813190472100, -0.119039, -0.138486, 9.804949 
18813210278008, -0.116806, -0.137198, 9.804995 
18813230083916, -0.117372, -0.138275, 9.804973 
18813249920342, -0.117732, -0.138811, 9.804960 
18813269726250, -0.115784, -0.137263, 9.805006 
18813289532158, -0.118409, -0.138925, 9.804952 
18813309368584, -0.117572, -0.137729, 9.804978 
18813329174492, -0.117221, -0.137815, 9.804981 
18813349010918, -0.118311, -0.139091, 9.804950 
18813368816826, -0.115543, -0.137375, 9.805008 
18813388622734, -0.117452, -0.138623, 9.804967 
18813408459160, -0.116988, -0.137375, 9.804990 
18813428295586, -0.115795, -0.136515, 9.805016 
18813448101494, -0.117953, -0.137817, 9.804973 
18813467937920, -0.115542, -0.136499, 9.805019 
18813487743828, -0.116471, -0.138079, 9.804987 
18813507580254, -0.116615, -0.138215, 9.804982 
18813527386162, -0.114867, -0.136771, 9.805024 
18813547192070, -0.117928, -0.137922, 9.804971 
18813567028496, -0.116068, -0.135787, 9.805023 
18813586834404, -0.116657, -0.136500, 9.805006 
18813606670830, -0.117442, -0.137423, 9.804984 
18813626476738, -0.114860, -0.136878, 9.805022 
18813646282647, -0.117028, -0.138478, 9.804975 
18813666119072, -0.116087, -0.137302, 9.805002 
18813685924981, -0.116178, -0.136763, 9.805008 
18813705761406, -0.118019, -0.136807, 9.804985 
18813725597832, -0.115654, -0.134926, 9.805039 
18813745403740, -0.117556, -0.136990, 9.804988 
18813765240166, -0.116610, -0.136594, 9.805006 
18813785046074, -0.115501, -0.136962, 9.805013 
18813804851983, -0.118225, -0.137937, 9.804967 
18813824688408, -0.115704, -0.135549, 9.805030 
18813844494316, -0.117363, -0.136056, 9.805003 
18813864330742, -0.117300, -0.136178, 9.805003 
18813884136650, -0.115846, -0.136081, 9.805022 
18813903942559, -0.117769, -0.137887, 9.804974 
18813923778984, -0.115283, -0.136547, 9.805021 
18813943584893, -0.116393, -0.137653, 9.804993 
18813963421318, -0.117102, -0.136923, 9.804996 
18813983227227, -0.115167, -0.135269, 9.805040 
18814003063652, -0.117497, -0.136774, 9.804993 
18814022900078, -0.115250, -0.135800, 9.805033 
18814042705986, -0.116113, -0.137795, 9.804995 
18814062511895, -0.117137, -0.138585, 9.804972 
18814082348320, -0.115203, -0.137280, 9.805013 
18814102154229, -0.117778, -0.138551, 9.804964 
18814121990654, -0.115924, -0.136229, 9.805018 
18814141796563, -0.116356, -0.136608, 9.805008 
18814161602471, -0.117065, -0.137193, 9.804992 
18814181438897, -0.114984, -0.136727, 9.805023 
18814201244805, -0.117391, -0.139214, 9.804959 
18814221050713, -0.115942, -0.138070, 9.804993 
18814240887139, -0.116526, -0.138296, 9.804983 
18814260693047, -0.117774, -0.137958, 9.804974 
18814280529473, -0.115416, -0.135870, 9.805030 
18814300365899, -0.113365, -0.133856, 9.805080 
18814320171807, -0.112287, -0.133053, 9.805104 
18814340008233, -0.112665, -0.134412, 9.805082 
18814359814141, -0.114432, -0.135635, 9.805045 
18814379650566, -0.112496, -0.134659, 9.805080 
18814399456475, -0.114970, -0.135930, 9.805034 
18814419262383, -0.113932, -0.134112, 9.805071 
18814439098809, -0.113763, -0.133733, 9.805078 
18814458904717, -0.116137, -0.135121, 9.805032 
18814478741143, -0.114163, -0.133532, 9.805077 
18814498547051, -0.115132, -0.135190, 9.805042 
18814518352959, -0.116253, -0.136129, 9.805017 
18814538189385, -0.114258, -0.135132, 9.805054 
18814557995293, -0.116291, -0.136455, 9.805011 
18814577831719, -0.115123, -0.134620, 9.805051 
18814597668145, -0.115322, -0.134710, 9.805047 
18814617474053, -0.117021, -0.135746, 9.805013 
18814637310479, -0.114687, -0.134922, 9.805052 
18814657116387, -0.116440, -0.136870, 9.805003 
18814676922295, -0.116324, -0.137181, 9.805000 
18814696758721, -0.114803, -0.136231, 9.805032 
18814716564629, -0.116988, -0.137230, 9.804992 
18814736401055, -0.115307, -0.135098, 9.805042 
18814756206963, -0.115915, -0.135894, 9.805023 
18814776012871, -0.116801, -0.136974, 9.804997 
18814795849297, -0.114793, -0.136593, 9.805027 
18814815655205, -0.116945, -0.138901, 9.804969 
18814835491631, -0.115683, -0.137867, 9.804999 
18814855328057, -0.115158, -0.137531, 9.805009 
18814875133965, -0.117174, -0.138225, 9.804976 
18814894970391, -0.114600, -0.136211, 9.805035 
18814914776299, -0.116743, -0.137793, 9.804987 
18814934612725, -0.116684, -0.138157, 9.804983 
18814954418633, -0.115074, -0.137890, 9.805005 
18814974224541, -0.117083, -0.139708, 9.804955 
18814994060967, -0.114997, -0.137809, 9.805007 
18815013866875, -0.116476, -0.138446, 9.804981 
18815033672783, -0.116912, -0.137770, 9.804985 
18815053509209, -0.115290, -0.136798, 9.805018 
18815073315117, -0.117913, -0.138874, 9.804957 
18815093151543, -0.116185, -0.137647, 9.804996 
18815112957451, -0.116675, -0.138767, 9.804974 
18815132763359, -0.117353, -0.139264, 9.804958 
18815152599785, -0.115801, -0.137849, 9.804997 
18815172436211, -0.117930, -0.139328, 9.804952 
18815192242119, -0.116294, -0.137700, 9.804994 
18815212078545, -0.116452, -0.137610, 9.804993 
18815231884453, -0.117628, -0.138325, 9.804969 
18815251720879, -0.115356, -0.137024, 9.805014 
18815271526787, -0.117805, -0.139073, 9.804956 
18815291332695, -0.116425, -0.137948, 9.804988 
18815311169121, -0.116571, -0.137925, 9.804988 
18815330975029, -0.118290, -0.139020, 9.804951 
18815350811455, -0.116137, -0.137453, 9.804999 
18815370617363, -0.118237, -0.139244, 9.804948 
18815390423272, -0.117092, -0.137959, 9.804980 
18815410259697, -0.116268, -0.138097, 9.804989 
18815430096123, -0.118011, -0.139184, 9.804953 
18815449932549, -0.116109, -0.137367, 9.805000 
18815469738457, -0.118452, -0.139163, 9.804947 
18815489544365, -0.117534, -0.138112, 9.804973 
18815509380791, -0.116856, -0.138008, 9.804983 
18815529186699, -0.118806, -0.138794, 9.804948 
18815549023125, -0.117131, -0.136994, 9.804994 
18815568829033, -0.119924, -0.138889, 9.804934 
18815588634941, -0.118887, -0.138166, 9.804955 
18815608471367, -0.118245, -0.138779, 9.804955 
18815628277275, -0.119354, -0.139386, 9.804933 
18815648083184, -0.117172, -0.137494, 9.804986 
18815667919609, -0.119243, -0.138643, 9.804945 
18815687725518, -0.119028, -0.138182, 9.804955 
18815707561943, -0.117826, -0.137681, 9.804976 
18815727398369, -0.119984, -0.138719, 9.804934 
18815747204277, -0.117488, -0.137175, 9.804987 
18815767040703, -0.119309, -0.138821, 9.804942 
18815786846611, -0.117920, -0.137885, 9.804972 
18815806683037, -0.117076, -0.137882, 9.804982 
18815826488945, -0.118707, -0.138844, 9.804949 
18815846294854, -0.117999, -0.135620, 9.805003 
18815866131279, -0.119381, -0.134880, 9.804996 
18815885937188, -0.120003, -0.134631, 9.804992 
18815905743096, -0.116666, -0.135009, 9.805027 
18815925579522, -0.118804, -0.137704, 9.804963 
18815945385430, -0.120061, -0.136140, 9.804971 
18815965221856, -0.118568, -0.133207, 9.805028 
18815985027764, -0.120081, -0.136839, 9.804960 
18816004864190, -0.118628, -0.135918, 9.804991 
18816024700615, -0.116724, -0.130521, 9.805087 
18816044506524, -0.119018, -0.131217, 9.805050 
18816064342949, -0.121429, -0.133935, 9.804984 
18816084148858, -0.119046, -0.131988, 9.805039 
18816103954766, -0.117218, -0.131399, 9.805069 
18816123791191, -0.119007, -0.135591, 9.804991 
18816143597100, -0.119818, -0.138465, 9.804940 
18816163403008, -0.117875, -0.134376, 9.805021 
18816183239434, -0.117840, -0.131541, 9.805059 
18816203045342, -0.120819, -0.134222, 9.804988 
18816222851250, -0.124064, -0.132642, 9.804968 
18816242687676, -0.118318, -0.132828, 9.805037 
18816262493584, -0.116613, -0.133597, 9.805046 
18816282330010, -0.118620, -0.137211, 9.804973 
