# Created at Tue Jun 01 15:49:38 GMT+02:00 2021 in Burnaby Canada 
1580864631544 -0.097750 -0.102679 9.805625 
1580884467969 -0.097648 -0.102644 9.805627 
1580904273878 -0.097471 -0.102452 9.805631 
1580924110303 -0.097850 -0.102188 9.805630 
1580943916212 -0.098133 -0.102094 9.805628 
1580963722120 -0.097938 -0.102162 9.805629 
1580983558546 -0.097750 -0.102468 9.805628 
1581003364454 -0.097719 -0.102685 9.805626 
1581023170362 -0.097459 -0.102734 9.805628 
1581042976270 -0.097755 -0.103093 9.805621 
1581062812696 -0.097963 -0.103353 9.805616 
1581082649122 -0.098324 -0.103453 9.805611 
1581102485548 -0.098361 -0.103629 9.805609 
1581122291456 -0.098399 -0.103568 9.805609 
1581142097364 -0.098037 -0.103581 9.805614 
1581161933790 -0.098161 -0.103749 9.805611 
1581181739698 -0.098271 -0.103440 9.805612 
1581201545606 -0.097990 -0.103695 9.805613 
1581221382032 -0.098106 -0.104019 9.805608 
1581241187940 -0.098059 -0.104332 9.805605 
1581260993848 -0.098413 -0.104476 9.805599 
1581280830274 -0.098437 -0.104537 9.805598 
1581300636182 -0.098620 -0.104755 9.805595 
1581320442091 -0.098885 -0.104975 9.805591 
1581340278516 -0.098729 -0.104931 9.805593 
1581360084425 -0.098738 -0.105130 9.805590 
1581379920850 -0.099234 -0.104706 9.805590 
1581399757276 -0.099553 -0.105647 9.805575 
1581419563184 -0.099856 -0.105114 9.805578 
1581439369093 -0.099994 -0.104840 9.805579 
1581459205518 -0.100058 -0.104408 9.805583 
1581479011427 -0.100590 -0.104239 9.805580 
1581498817335 -0.100317 -0.104473 9.805580 
1581518653760 -0.100452 -0.103823 9.805586 
1581538459669 -0.100258 -0.103912 9.805587 
1581558265577 -0.100232 -0.103836 9.805589 
1581578102003 -0.100440 -0.103545 9.805589 
1581597907911 -0.100638 -0.103242 9.805591 
1581617713819 -0.100746 -0.103039 9.805591 
1581637550245 -0.100627 -0.103075 9.805592 
1581657386671 -0.100429 -0.103106 9.805594 
1581677192579 -0.100317 -0.102976 9.805596 
1581697029005 -0.100209 -0.102851 9.805598 
1581716834913 -0.099717 -0.102894 9.805603 
1581736640821 -0.100018 -0.102852 9.805600 
1581756477247 -0.099680 -0.103048 9.805602 
1581776283155 -0.099439 -0.102840 9.805608 
1581796089063 -0.099507 -0.102716 9.805607 
1581815925489 -0.099505 -0.102599 9.805609 
1581835731397 -0.099583 -0.102798 9.805605 
1581855537305 -0.099257 -0.102755 9.805609 
1581875373731 -0.099415 -0.102492 9.805611 
1581895179639 -0.099315 -0.102224 9.805614 
1581915016065 -0.101167 -0.103675 9.805580 
1581934852491 -0.097100 -0.100302 9.805656 
1581954658399 -0.101062 -0.105032 9.805567 
1581974494825 -0.098048 -0.101974 9.805630 
1581994300733 -0.097069 -0.100224 9.805657 
1582014106641 -0.100843 -0.103901 9.805581 
1582033943067 -0.100134 -0.104298 9.805584 
1582053748975 -0.096712 -0.100166 9.805661 
1582073554884 -0.098621 -0.101876 9.805625 
1582093391309 -0.100782 -0.105214 9.805567 
1582113197218 -0.097120 -0.101552 9.805643 
1582133003126 -0.097285 -0.101472 9.805643 
1582152839552 -0.097929 -0.101852 9.805633 
1582172645460 -0.097453 -0.101190 9.805644 
1582192451368 -0.097444 -0.100873 9.805647 
1582212287794 -0.098147 -0.101288 9.805635 
1582232124219 -0.097794 -0.101044 9.805642 
1582251930128 -0.097235 -0.100858 9.805649 
1582271766553 -0.097938 -0.101259 9.805638 
1582291572462 -0.097811 -0.101089 9.805641 
1582311378370 -0.097431 -0.101078 9.805646 
1582331214796 -0.098085 -0.101938 9.805630 
1582351020704 -0.097732 -0.101753 9.805635 
1582370826612 -0.097353 -0.101551 9.805641 
1582390663038 -0.098029 -0.102208 9.805628 
1582410468946 -0.097632 -0.101786 9.805635 
1582430274854 -0.097525 -0.101832 9.805636 
1582450111280 -0.097730 -0.102448 9.805628 
1582469917188 -0.097567 -0.101966 9.805634 
1582489723096 -0.096767 -0.100865 9.805654 
1582509559522 -0.097670 -0.101566 9.805637 
1582529395948 -0.098162 -0.101253 9.805636 
1582549201856 -0.098832 -0.101397 9.805628 
1582569038282 -0.100179 -0.102308 9.805605 
1582588844190 -0.100561 -0.102601 9.805597 
1582608650098 -0.101103 -0.103125 9.805587 
1582628486524 -0.100998 -0.104004 9.805578 
1582648292432 -0.100163 -0.102953 9.805598 
1582668098341 -0.101096 -0.102921 9.805589 
1582687934766 -0.101115 -0.103493 9.805582 
1582707740675 -0.099572 -0.102609 9.805608 
1582727546583 -0.099658 -0.102484 9.805608 
1582747383009 -0.100348 -0.103225 9.805593 
1582767188917 -0.099252 -0.102283 9.805614 
1582787025343 -0.099707 -0.103004 9.805602 
1582806861768 -0.099773 -0.103134 9.805600 
1582826667677 -0.099136 -0.102438 9.805614 
1582846504102 -0.099690 -0.102842 9.805604 
1582866310010 -0.099589 -0.102518 9.805609 
1582886115919 -0.099022 -0.101919 9.805620 
1582905952344 -0.099701 -0.102449 9.805608 
1582925758253 -0.099675 -0.102151 9.805612 
1582945564161 -0.099474 -0.101910 9.805617 
1582965400587 -0.100190 -0.102355 9.805604 
1582985206495 -0.099742 -0.101862 9.805614 
1583005012403 -0.099450 -0.101767 9.805618 
1583024848829 -0.100121 -0.102437 9.805604 
1583044654737 -0.099776 -0.101953 9.805613 
1583064460645 -0.099726 -0.101834 9.805614 
1583084297071 -0.100337 -0.102235 9.805605 
1583104133497 -0.099653 -0.101596 9.805617 
1583123939405 -0.099972 -0.101735 9.805613 
1583143775831 -0.100402 -0.102215 9.805603 
1583163581739 -0.099986 -0.101303 9.805617 
1583183387647 -0.100522 -0.101638 9.805608 
1583203224073 -0.100782 -0.101902 9.805603 
1583223029981 -0.100409 -0.101270 9.805613 
1583242835889 -0.101066 -0.101814 9.805601 
1583262672315 -0.101093 -0.101798 9.805600 
1583282478223 -0.100385 -0.101260 9.805613 
1583302284132 -0.100860 -0.101696 9.805604 
1583322120557 -0.100145 -0.101402 9.805614 
1583341926466 -0.099721 -0.101104 9.805621 
1583361732374 -0.100330 -0.101800 9.805609 
1583381568800 -0.099708 -0.101004 9.805623 
1583401405225 -0.099717 -0.101049 9.805622 
1583421211134 -0.100408 -0.101591 9.805610 
1583441047559 -0.099958 -0.100623 9.805625 
1583460853468 -0.100409 -0.100740 9.805618 
1583480659376 -0.100645 -0.100812 9.805615 
1583500495802 -0.099798 -0.100413 9.805629 
1583520301710 -0.100174 -0.100996 9.805618 
1583540107618 -0.100157 -0.100716 9.805622 
1583559944044 -0.099976 -0.100242 9.805628 
1583579749952 -0.100939 -0.101180 9.805608 
1583599555860 -0.100709 -0.100619 9.805616 
1583619392286 -0.100294 -0.100385 9.805624 
1583639198194 -0.100877 -0.101049 9.805611 
1583659034620 -0.100166 -0.100452 9.805624 
1583678871046 -0.100246 -0.100572 9.805621 
1583698676954 -0.100677 -0.100797 9.805614 
1583718513380 -0.100259 -0.100101 9.805626 
1583738319288 -0.100841 -0.100539 9.805616 
1583758125196 -0.100979 -0.100227 9.805617 
1583777961622 -0.100439 -0.099614 9.805631 
1583797767530 -0.101099 -0.100264 9.805617 
1583817573438 -0.100733 -0.100072 9.805622 
1583837409864 -0.100410 -0.099914 9.805626 
1583857215772 -0.100851 -0.100627 9.805614 
1583877021680 -0.100338 -0.100165 9.805625 
1583896858106 -0.100151 -0.100020 9.805629 
1583916664014 -0.100547 -0.100675 9.805617 
1583936500440 -0.099909 -0.100067 9.805631 
1583956336866 -0.100027 -0.100226 9.805628 
1583976142774 -0.100172 -0.100204 9.805626 
1583995948682 -0.099508 -0.099289 9.805643 
1584015785108 -0.100076 -0.099973 9.805631 
1584035591016 -0.100461 -0.100174 9.805623 
1584055396925 -0.099910 -0.099825 9.805634 
1584075233350 -0.100804 -0.100438 9.805618 
1584095039259 -0.100495 -0.099898 9.805627 
1584114845167 -0.100405 -0.099442 9.805632 
1584134681593 -0.101102 -0.100434 9.805615 
1584154487501 -0.100771 -0.100012 9.805622 
1584174293409 -0.100674 -0.100157 9.805621 
1584194129835 -0.101005 -0.100801 9.805612 
1584213935743 -0.100336 -0.100396 9.805623 
1584233772169 -0.100769 -0.100639 9.805616 
1584253608594 -0.101036 -0.100807 9.805611 
1584273414503 -0.100173 -0.100124 9.805627 
1584293220411 -0.100731 -0.101051 9.805612 
1584313056837 -0.100794 -0.101151 9.805610 
1584332862745 -0.100037 -0.101057 9.805618 
1584352668653 -0.100474 -0.101739 9.805608 
1584372505079 -0.099997 -0.101261 9.805618 
1584392310987 -0.099795 -0.101207 9.805620 
1584412147413 -0.100389 -0.101904 9.805607 
1584431953321 -0.099502 -0.101339 9.805621 
1584451759229 -0.099759 -0.101684 9.805614 
1584471565137 -0.100162 -0.102152 9.805606 
1584491401563 -0.099695 -0.101450 9.805618 
1584511237989 -0.100327 -0.101920 9.805607 
1584531043897 -0.100367 -0.101746 9.805608 
1584550880323 -0.099647 -0.101221 9.805622 
1584570686231 -0.100372 -0.101917 9.805607 
1584590522657 -0.100057 -0.101453 9.805615 
1584610328565 -0.099764 -0.101373 9.805619 
1584630134473 -0.100227 -0.101975 9.805607 
1584649970899 -0.099788 -0.101273 9.805620 
1584669776807 -0.099800 -0.101290 9.805619 
1584689582716 -0.100570 -0.101628 9.805607 
1584709419141 -0.099926 -0.100962 9.805621 
1584729225050 -0.100557 -0.101482 9.805610 
1584749030958 -0.100323 -0.101470 9.805613 
1584768867384 -0.100153 -0.101232 9.805615 
1584788673292 -0.100840 -0.101731 9.805605 
1584808509718 -0.100240 -0.101288 9.805614 
1584828346143 -0.100181 -0.101475 9.805614 
1584848152052 -0.100669 -0.101817 9.805604 
1584867957960 -0.099967 -0.101103 9.805618 
1584887794385 -0.100527 -0.101535 9.805609 
1584907600294 -0.100127 -0.101458 9.805614 
1584927406202 -0.099871 -0.101125 9.805620 
1584947242628 -0.100563 -0.101804 9.805607 
1584967048536 -0.099503 -0.100916 9.805627 
1584986854444 -0.098917 -0.100746 9.805634 
1585006690870 -0.100108 -0.101576 9.805613 
1585026496778 -0.099206 -0.100654 9.805633 
1585046302686 -0.099047 -0.100630 9.805634 
1585066139112 -0.099599 -0.100843 9.805626 
1585085975538 -0.098625 -0.100299 9.805642 
1585105781446 -0.099519 -0.101261 9.805622 
1585125617872 -0.098975 -0.100637 9.805634 
1585145423780 -0.098564 -0.100516 9.805638 
1585165229688 -0.099651 -0.101408 9.805619 
1585185066114 -0.098558 -0.100575 9.805639 
1585204872022 -0.098608 -0.100693 9.805637 
1585224677930 -0.098892 -0.100581 9.805635 
1585244514356 -0.099148 -0.101090 9.805627 
1585264320264 -0.099460 -0.101536 9.805619 
1585284156690 -0.099589 -0.101644 9.805618 
1585303962598 -0.098863 -0.101118 9.805631 
1585323768507 -0.099318 -0.101800 9.805618 
1585343604932 -0.098809 -0.101457 9.805628 
1585363410841 -0.098637 -0.101294 9.805631 
1585383247266 -0.099482 -0.101688 9.805617 
1585403083692 -0.098797 -0.101064 9.805632 
1585422889600 -0.098116 -0.100442 9.805644 
1585442695509 -0.098398 -0.100513 9.805642 
1585462531934 -0.097775 -0.099886 9.805654 
1585482337843 -0.098258 -0.100532 9.805643 
1585502143751 -0.098112 -0.100616 9.805642 
1585521980177 -0.098333 -0.100597 9.805641 
1585541786085 -0.098721 -0.100848 9.805634 
1585561591993 -0.097557 -0.099757 9.805656 
1585581428419 -0.097740 -0.100004 9.805654 
1585601234327 -0.098521 -0.100583 9.805639 
1585621040235 -0.098667 -0.100453 9.805639 
1585640876661 -0.099821 -0.101336 9.805618 
1585660713087 -0.099869 -0.100856 9.805623 
1585680518995 -0.099669 -0.100400 9.805630 
1585700355421 -0.100313 -0.100614 9.805621 
1585720161329 -0.100122 -0.100218 9.805627 
1585739967237 -0.101041 -0.101008 9.805609 
1585759803663 -0.100997 -0.100994 9.805611 
1585779609571 -0.100453 -0.100377 9.805622 
1585799415479 -0.101108 -0.100814 9.805611 
1585819251905 -0.100948 -0.100424 9.805616 
1585839057813 -0.100642 -0.100132 9.805622 
1585858863721 -0.101291 -0.100625 9.805611 
1585878700147 -0.100410 -0.099807 9.805628 
1585898506055 -0.100508 -0.100195 9.805623 
1585918311964 -0.101628 -0.100869 9.805605 
1585938148389 -0.101439 -0.100668 9.805609 
1585957984815 -0.102798 -0.101736 9.805584 
1585977790723 -0.103132 -0.101837 9.805579 
1585997627149 -0.103303 -0.101976 9.805575 
1586017433057 -0.104426 -0.102955 9.805553 
1586037238966 -0.103992 -0.102598 9.805562 
1586057075391 -0.104595 -0.103266 9.805549 
1586076881300 -0.105343 -0.103626 9.805537 
1586096717725 -0.105158 -0.103447 9.805541 
1586116523634 -0.106312 -0.104517 9.805518 
1586136329542 -0.106126 -0.104270 9.805521 
1586156165968 -0.105144 -0.103973 9.805535 
1586175971876 -0.105750 -0.104445 9.805524 
1586195777784 -0.105221 -0.104221 9.805532 
1586215614210 -0.104979 -0.104552 9.805532 
1586235450635 -0.105355 -0.104763 9.805525 
1586255256544 -0.104801 -0.104151 9.805537 
1586275092969 -0.105534 -0.104878 9.805521 
1586294898878 -0.105169 -0.104190 9.805532 
1586314704786 -0.105122 -0.104362 9.805532 
1586334541212 -0.105583 -0.104853 9.805521 
1586354347120 -0.104710 -0.103810 9.805541 
1586374153028 -0.105829 -0.101832 9.805550 
1586393989454 -0.106006 -0.102782 9.805538 
1586413795362 -0.104936 -0.103763 9.805539 
1586433601270 -0.104883 -0.104427 9.805534 
1586453437696 -0.105332 -0.105086 9.805521 
1586473243604 -0.104578 -0.104422 9.805536 
1586493049512 -0.104066 -0.104233 9.805544 
1586512885938 -0.105139 -0.104867 9.805526 
1586532722364 -0.104774 -0.104410 9.805534 
1586552528272 -0.105187 -0.104508 9.805529 
1586572364698 -0.106725 -0.105144 9.805506 
1586592170606 -0.106326 -0.104529 9.805516 
1586611976514 -0.106359 -0.104869 9.805512 
1586631812940 -0.106223 -0.104657 9.805516 
1586651618848 -0.106146 -0.104438 9.805519 
1586671424757 -0.106022 -0.104251 9.805523 
1586691261182 -0.105555 -0.104569 9.805525 
1586711067091 -0.105503 -0.104557 9.805525 
1586730872999 -0.105451 -0.104402 9.805528 
1586750709425 -0.105391 -0.104549 9.805528 
1586770515333 -0.105103 -0.104456 9.805531 
1586790321241 -0.104823 -0.104219 9.805536 
1586810157667 -0.104864 -0.104302 9.805534 
