# Created at Tue Jun 01 15:49:38 GMT+02:00 2021 in Burnaby Canada 
1580864631544 -0.001099 -0.000534 0.000854 
1580884467969 0.000137 -0.000534 0.000854 
1580904273878 0.000137 -0.000534 0.000854 
1580924110303 0.000137 0.000687 0.000854 
1580943916212 0.000137 0.000687 -0.000366 
1580963722120 0.000137 -0.000534 -0.000366 
1580983558546 0.000137 -0.000534 -0.000366 
1581003364454 0.000137 0.000687 -0.000366 
1581023170362 0.000137 -0.000534 -0.000366 
1581042976270 -0.001099 0.000687 -0.000366 
1581062812696 -0.002319 0.000687 -0.000366 
1581082649122 -0.001099 0.000687 -0.000366 
1581102485548 -0.001099 -0.000534 -0.000366 
1581122291456 0.000137 -0.000534 -0.000366 
1581142097364 -0.001099 -0.000534 -0.000366 
1581161933790 -0.001099 -0.000534 -0.000366 
1581181739698 0.000137 0.000687 -0.000366 
1581201545606 -0.001099 -0.000534 -0.000366 
1581221382032 -0.001099 0.000687 -0.000366 
1581241187940 -0.001099 0.000687 -0.000366 
1581260993848 -0.001099 0.000687 -0.000366 
1581280830274 -0.001099 0.000687 -0.000366 
1581300636182 -0.001099 0.000687 -0.000366 
1581320442091 -0.001099 0.000687 -0.000366 
1581340278516 0.000137 -0.000534 -0.000366 
1581360084425 -0.001099 0.000687 -0.000366 
1581379920850 -0.001099 0.001907 -0.000366 
1581399757276 0.000137 0.000687 -0.000366 
1581419563184 0.000137 0.000687 -0.000366 
1581439369093 0.000137 0.000687 0.000854 
1581459205518 -0.001099 -0.000534 0.000854 
1581479011427 0.000137 0.000687 0.000854 
1581498817335 0.000137 -0.000534 0.000854 
1581518653760 0.000137 -0.000534 0.000854 
1581538459669 0.000137 -0.000534 -0.000366 
1581558265577 0.000137 -0.000534 0.000854 
1581578102003 0.001343 0.000687 -0.000366 
1581597907911 0.000137 0.000687 0.000854 
1581617713819 0.001343 0.000687 0.000854 
1581637550245 0.000137 -0.000534 0.000854 
1581657386671 0.000137 -0.000534 0.000854 
1581677192579 0.000137 -0.000534 0.000854 
1581697029005 0.000137 -0.000534 0.000854 
1581716834913 0.000137 -0.001770 0.000854 
1581736640821 0.000137 0.000687 0.000854 
1581756477247 0.000137 -0.000534 0.000854 
1581776283155 0.000137 -0.001770 0.000854 
1581796089063 0.000137 0.000687 0.000854 
1581815925489 0.000137 -0.000534 0.000854 
1581835731397 -0.001099 -0.000534 0.000854 
1581855537305 0.000137 -0.000534 0.000854 
1581875373731 0.001343 0.000687 0.000854 
1581895179639 0.001343 0.000687 0.000854 
1581915016065 0.001343 0.000687 0.000854 
1581934852491 0.001343 -0.002975 0.002075 
1581954658399 -0.001099 0.000687 0.000854 
1581974494825 0.001343 -0.000534 -0.000366 
1581994300733 0.000137 -0.000534 -0.001587 
1582014106641 0.000137 0.000687 -0.000366 
1582033943067 0.001343 -0.000534 -0.000366 
1582053748975 0.000137 -0.001770 -0.000366 
1582073554884 0.000137 -0.000534 -0.000366 
1582093391309 0.000137 0.000687 -0.000366 
1582113197218 -0.001099 -0.000534 -0.000366 
1582133003126 0.000137 0.000687 0.000854 
1582152839552 0.001343 0.000687 -0.001587 
1582172645460 0.001343 -0.000534 -0.000366 
1582192451368 0.000137 0.000687 -0.000366 
1582212287794 0.001343 0.000687 -0.000366 
1582232124219 0.000137 -0.000534 -0.000366 
1582251930128 -0.001099 -0.001770 -0.000366 
1582271766553 0.001343 0.000687 -0.000366 
1582291572462 0.000137 0.000687 -0.000366 
1582311378370 -0.002319 -0.000534 -0.000366 
1582331214796 -0.001099 0.000687 -0.000366 
1582351020704 0.000137 -0.000534 -0.000366 
1582370826612 -0.001099 -0.000534 -0.000366 
1582390663038 0.000137 0.000687 -0.001587 
1582410468946 0.001343 -0.000534 0.000854 
1582430274854 -0.002319 0.000687 -0.000366 
1582450111280 0.000137 -0.001770 0.000854 
1582469917188 0.001343 0.000687 -0.000366 
1582489723096 0.003784 -0.002975 0.000854 
1582509559522 0.000137 0.001907 -0.002823 
1582529395948 0.000137 0.004349 -0.002823 
1582549201856 -0.002319 0.004349 -0.000366 
1582569038282 -0.001099 0.004349 -0.000366 
1582588844190 -0.003540 0.004349 -0.001587 
1582608650098 -0.003540 0.003143 -0.002823 
1582628486524 -0.001099 -0.002975 -0.000366 
1582648292432 0.002579 -0.001770 0.002075 
1582668098341 0.000137 0.004349 -0.002823 
1582687934766 0.000137 -0.001770 -0.001587 
1582707740675 0.001343 -0.005417 0.002075 
1582727546583 0.001343 -0.000534 0.000854 
1582747383009 -0.001099 0.001907 -0.001587 
1582767188917 0.001343 -0.002975 0.000854 
1582787025343 -0.002319 0.000687 -0.000366 
1582806861768 0.001343 -0.000534 0.000854 
1582826667677 0.000137 -0.000534 -0.000366 
1582846504102 0.000137 0.000687 -0.000366 
1582866310010 0.002579 -0.000534 0.000854 
1582886115919 0.000137 -0.000534 -0.000366 
1582905952344 0.000137 0.000687 -0.000366 
1582925758253 0.001343 0.000687 -0.000366 
1582945564161 -0.001099 0.000687 -0.000366 
1582965400587 0.001343 0.000687 -0.000366 
1582985206495 0.001343 -0.000534 -0.000366 
1583005012403 -0.001099 -0.000534 -0.000366 
1583024848829 0.000137 0.000687 -0.000366 
1583044654737 0.000137 0.000687 0.000854 
1583064460645 0.000137 -0.000534 0.000854 
1583084297071 0.001343 0.000687 -0.000366 
1583104133497 0.000137 -0.000534 -0.000366 
1583123939405 0.000137 0.000687 -0.000366 
1583143775831 0.000137 0.000687 -0.000366 
1583163581739 0.001343 0.000687 -0.000366 
1583183387647 0.000137 0.000687 -0.000366 
1583203224073 0.000137 0.000687 -0.000366 
1583223029981 0.000137 0.000687 -0.000366 
1583242835889 0.000137 0.000687 -0.000366 
1583262672315 0.000137 0.000687 -0.000366 
1583282478223 0.000137 -0.001770 -0.000366 
1583302284132 0.001343 -0.000534 -0.000366 
1583322120557 0.000137 -0.001770 -0.000366 
1583341926466 0.000137 -0.001770 0.000854 
1583361732374 0.000137 0.000687 -0.000366 
1583381568800 0.001343 -0.000534 -0.000366 
1583401405225 0.000137 -0.000534 -0.000366 
1583421211134 0.000137 0.001907 -0.000366 
1583441047559 0.001343 0.000687 -0.000366 
1583460853468 0.001343 0.000687 -0.000366 
1583480659376 0.001343 0.000687 -0.000366 
1583500495802 -0.001099 -0.001770 -0.000366 
1583520301710 0.000137 -0.000534 -0.000366 
1583540107618 0.001343 0.000687 -0.000366 
1583559944044 0.000137 0.000687 -0.000366 
1583579749952 -0.001099 0.001907 -0.000366 
1583599555860 0.001343 0.000687 -0.000366 
1583619392286 0.000137 -0.001770 0.000854 
1583639198194 0.000137 0.000687 -0.000366 
1583659034620 0.000137 -0.000534 -0.000366 
1583678871046 0.000137 -0.000534 -0.000366 
1583698676954 0.001343 0.000687 0.000854 
1583718513380 0.000137 0.000687 -0.000366 
1583738319288 0.000137 0.000687 -0.000366 
1583758125196 0.002579 0.000687 -0.000366 
1583777961622 0.000137 -0.000534 -0.000366 
1583797767530 0.000137 0.000687 -0.000366 
1583817573438 0.000137 -0.000534 0.000854 
1583837409864 -0.001099 -0.000534 -0.000366 
1583857215772 0.000137 -0.000534 -0.000366 
1583877021680 0.000137 -0.000534 0.000854 
1583896858106 0.000137 -0.000534 -0.000366 
1583916664014 0.000137 -0.000534 -0.000366 
1583936500440 0.000137 -0.000534 -0.000366 
1583956336866 0.000137 -0.000534 -0.000366 
1583976142774 0.002579 -0.000534 -0.000366 
1583995948682 0.001343 -0.000534 -0.000366 
1584015785108 -0.001160 0.000671 -0.002075 
1584035591016 0.000076 0.001892 -0.000854 
1584055396925 -0.001160 -0.000549 -0.000854 
1584075233350 0.000076 0.001892 -0.000854 
1584095039259 0.002518 -0.000549 -0.000854 
1584114845167 0.000076 0.000671 -0.000854 
1584134681593 -0.001160 0.000671 -0.000854 
1584154487501 0.000076 0.000671 -0.000854 
1584174293409 -0.001160 -0.000549 -0.000854 
1584194129835 0.000076 -0.000549 -0.000854 
1584213935743 -0.001160 -0.000549 -0.000854 
1584233772169 0.000076 0.000671 -0.000854 
1584253608594 0.001282 0.000671 -0.000854 
1584273414503 0.000076 -0.001785 -0.000854 
1584293220411 -0.002380 0.000671 -0.000854 
1584313056837 0.000076 0.000671 -0.000854 
1584332862745 -0.002380 -0.001785 -0.000854 
1584352668653 0.000076 -0.000549 -0.000854 
1584372505079 0.001282 -0.000549 -0.000854 
1584392310987 -0.001160 -0.000549 -0.000854 
1584412147413 0.000076 0.000671 -0.000854 
1584431953321 0.000076 -0.001785 0.000366 
1584451759229 -0.001160 0.000671 -0.000854 
1584471565137 0.000076 0.000671 -0.000854 
1584491401563 0.000076 0.000671 -0.000854 
1584511237989 0.000076 0.000671 -0.000854 
1584531043897 0.001282 0.000671 -0.000854 
1584550880323 0.000076 -0.001785 -0.000854 
1584570686231 0.000076 0.000671 -0.000854 
1584590522657 0.000076 0.000671 -0.000854 
1584610328565 0.000076 -0.001785 0.000366 
1584630134473 0.000076 0.000671 -0.000854 
1584649970899 0.000076 0.000671 0.000366 
1584669776807 0.001282 -0.001785 0.000366 
1584689582716 0.000076 0.003128 -0.000854 
1584709419141 0.000076 -0.000549 0.000366 
1584729225050 0.000076 0.000671 -0.000854 
1584749030958 0.000076 -0.000549 -0.000854 
1584768867384 -0.001160 0.000671 0.000366 
1584788673292 0.001282 0.000671 -0.000854 
1584808509718 0.000076 -0.000549 0.000366 
1584828346143 -0.001160 -0.000549 -0.000854 
1584848152052 0.001282 0.000671 0.000366 
1584867957960 0.000076 -0.000549 0.000366 
1584887794385 0.000076 0.000671 0.000366 
1584907600294 0.001282 -0.001785 -0.000854 
1584927406202 -0.001160 0.000671 -0.000854 
1584947242628 0.000076 0.000671 0.001587 
1584967048536 0.002518 -0.002991 -0.000854 
1584986854444 -0.001160 -0.000549 -0.002075 
1585006690870 -0.001160 0.004333 0.000366 
1585026496778 0.001282 -0.001785 0.000366 
1585046302686 0.002518 -0.002991 -0.000854 
1585066139112 0.001282 0.000671 0.000366 
1585085975538 0.000076 -0.002991 -0.000854 
1585105781446 -0.001160 0.001892 -0.000854 
1585125617872 0.001282 -0.000549 0.000366 
1585145423780 0.000076 -0.001785 -0.000854 
1585165229688 -0.001160 0.003128 -0.000854 
1585185066114 0.001282 -0.002991 0.000366 
1585204872022 0.000076 -0.000549 0.000366 
1585224677930 0.001282 0.000671 -0.000854 
1585244514356 0.000076 -0.000549 -0.000854 
1585264320264 0.000076 -0.000549 -0.000854 
1585284156690 0.000076 0.000671 -0.000854 
1585303962598 0.000076 -0.001785 0.000366 
1585323768507 0.000076 -0.000549 -0.000854 
1585343604932 0.000076 -0.000549 -0.000854 
1585363410841 0.000076 -0.000549 -0.000854 
1585383247266 0.001282 0.001892 -0.002075 
1585403083692 0.000076 -0.000549 -0.000854 
1585422889600 0.000076 -0.000549 -0.000854 
1585442695509 0.001282 0.000671 0.000366 
1585462531934 0.000076 -0.000549 0.000366 
1585482337843 0.000076 -0.000549 0.000366 
1585502143751 -0.001160 0.000671 -0.000854 
1585521980177 -0.001160 0.001892 0.000366 
1585541786085 0.002518 -0.000549 -0.000854 
1585561591993 0.002518 -0.002991 -0.000854 
1585581428419 0.000076 -0.000549 -0.002075 
1585601234327 -0.001160 0.003128 0.000366 
1585621040235 -0.002380 0.003128 0.000366 
1585640876661 -0.001160 0.003128 0.000366 
1585660713087 0.001282 0.001892 0.000366 
1585680518995 0.001282 -0.000549 0.000366 
1585700355421 0.002518 0.000671 0.000366 
1585720161329 -0.001160 0.001892 0.000366 
1585739967237 -0.002380 0.003128 -0.000854 
1585759803663 0.001282 -0.000549 -0.000854 
1585779609571 0.000076 -0.000549 -0.000854 
1585799415479 0.001282 0.000671 -0.000854 
1585819251905 0.001282 0.000671 -0.000854 
1585839057813 0.000076 -0.000549 -0.000854 
1585858863721 0.001282 0.000671 -0.000854 
1585878700147 0.001282 -0.001785 0.000366 
1585898506055 -0.001160 -0.000549 -0.000854 
1585918311964 -0.001160 0.004333 0.000366 
1585938148389 -0.002380 0.001892 0.000366 
1585957984815 -0.002380 0.004333 0.000366 
1585977790723 -0.001160 0.003128 0.000366 
1585997627149 -0.002380 0.001892 0.000366 
1586017433057 -0.001160 0.003128 -0.000854 
1586037238966 -0.001160 0.000671 0.000366 
1586057075391 -0.002380 0.001892 0.000366 
1586076881300 0.000076 0.003128 0.000366 
1586096717725 -0.002380 0.001892 0.000366 
1586116523634 -0.002380 0.003128 -0.000854 
1586136329542 0.000076 0.000671 -0.000854 
1586156165968 0.000076 -0.004227 -0.000854 
1586175971876 0.001282 0.000671 0.000366 
1586195777784 -0.002380 0.000671 -0.000854 
1586215614210 0.000076 -0.002991 -0.000854 
1586235450635 0.000076 0.001892 0.000366 
1586255256544 0.000076 -0.000549 -0.000854 
1586275092969 0.000076 0.000671 -0.000854 
1586294898878 0.001282 0.000671 -0.000854 
1586314704786 -0.001160 -0.000549 -0.000854 
1586334541212 0.000076 0.000671 -0.000854 
1586354347120 0.001282 -0.001785 -0.000854 
1586374153028 0.012283 0.004333 -0.009399 
1586393989454 -0.001160 -0.000549 -0.000854 
1586413795362 -0.008484 -0.002991 0.006485 
1586433601270 -0.004822 0.000671 -0.000854 
1586453437696 0.000076 -0.000549 -0.002075 
1586473243604 0.001282 -0.001785 -0.000854 
1586493049512 -0.001160 -0.000549 -0.000854 
1586512885938 0.000076 0.003128 -0.000854 
1586532722364 0.000076 0.000671 -0.000854 
1586552528272 -0.001160 0.001892 -0.000854 
1586572364698 0.000076 0.005569 -0.002075 
1586592170606 0.000076 0.000671 -0.000854 
1586611976514 -0.001160 -0.000549 -0.000854 
1586631812940 0.001282 -0.000549 0.000366 
1586651618848 0.001282 -0.000549 -0.000854 
1586671424757 0.001282 -0.000549 0.000366 
1586691261182 0.000076 -0.000549 0.000366 
1586711067091 0.000076 -0.000549 0.000366 
1586730872999 0.001282 -0.000549 -0.000854 
1586750709425 -0.001160 0.000671 0.000366 
1586770515333 0.000076 -0.000549 0.000366 
1586790321241 0.001282 -0.000549 0.000366 
1586810157667 0.000076 0.000671 -0.000854 
