# Created at Tue Jun 01 15:49:38 GMT+02:00 2021 in Burnaby Canada 
1580868629346 0.004996 0.005269 -0.999966 0.003850 
1580888496290 0.004994 0.005268 -0.999966 0.003852 
1580908363233 0.004983 0.005250 -0.999966 0.003860 
1580928230177 0.005006 0.005225 -0.999966 0.003842 
1580948097120 0.005020 0.005218 -0.999966 0.003832 
1580967964063 0.005008 0.005228 -0.999966 0.003841 
1580987861524 0.004996 0.005262 -0.999966 0.003850 
1581007728468 0.004978 0.005286 -0.999966 0.003864 
1581027595411 0.004961 0.005291 -0.999966 0.003877 
1581047462354 0.004977 0.005304 -0.999966 0.003865 
1581067329298 0.004984 0.005284 -0.999966 0.003859 
1581087226759 0.005007 0.005274 -0.999966 0.003841 
1581107093702 0.005021 0.005272 -0.999966 0.003831 
1581126991163 0.005033 0.005270 -0.999966 0.003821 
1581146858106 0.005004 0.005253 -0.999966 0.003844 
1581166725050 0.005025 0.005252 -0.999966 0.003827 
1581186591993 0.005021 0.005227 -0.999966 0.003831 
1581206458936 0.005000 0.005236 -0.999966 0.003846 
1581226325880 0.004998 0.005253 -0.999966 0.003849 
1581246192823 0.004978 0.005268 -0.999966 0.003863 
1581266090284 0.005002 0.005266 -0.999966 0.003846 
1581285957227 0.004991 0.005257 -0.999966 0.003854 
1581305824171 0.004997 0.005264 -0.999966 0.003849 
1581325691114 0.005012 0.005272 -0.999966 0.003838 
1581345558057 0.005007 0.005277 -0.999966 0.003842 
1581365455518 0.004995 0.005282 -0.999966 0.003851 
1581385322462 0.005011 0.005224 -0.999966 0.003839 
1581405219923 0.005032 0.005331 -0.999966 0.003822 
1581425086866 0.005051 0.005285 -0.999966 0.003807 
1581444953809 0.005053 0.005266 -0.999966 0.003806 
1581464820753 0.005072 0.005207 -0.999966 0.003791 
1581484687696 0.005114 0.005202 -0.999966 0.003759 
1581504554639 0.005095 0.005237 -0.999966 0.003773 
1581524452100 0.005120 0.005181 -0.999966 0.003755 
1581544319044 0.005109 0.005202 -0.999966 0.003763 
1581564185987 0.005115 0.005204 -0.999966 0.003758 
1581584052930 0.005122 0.005208 -0.999966 0.003753 
1581603919874 0.005127 0.005186 -0.999966 0.003749 
1581623786817 0.005124 0.005197 -0.999966 0.003751 
1581643714796 0.005121 0.005209 -0.999966 0.003753 
1581663581739 0.005110 0.005219 -0.999966 0.003762 
1581683448682 0.005108 0.005213 -0.999966 0.003763 
1581703315626 0.005107 0.005206 -0.999966 0.003765 
1581723182569 0.005089 0.005217 -0.999966 0.003778 
1581743049512 0.005105 0.005219 -0.999966 0.003766 
1581762946973 0.005078 0.005245 -0.999966 0.003786 
1581782813917 0.005087 0.005228 -0.999966 0.003780 
1581802680860 0.005078 0.005221 -0.999966 0.003787 
1581822547803 0.005086 0.005214 -0.999966 0.003781 
1581842414747 0.005102 0.005216 -0.999966 0.003768 
1581862281690 0.005076 0.005217 -0.999966 0.003788 
1581882179151 0.005076 0.005219 -0.999966 0.003788 
1581902046094 0.005051 0.005219 -0.999966 0.003808 
1581921913038 0.005226 0.005394 -0.999965 0.003673 
1581941810499 0.004862 0.005070 -0.999968 0.003954 
1581961677442 0.005257 0.005536 -0.999964 0.003648 
1581981574903 0.004951 0.005239 -0.999966 0.003885 
1582001441846 0.004864 0.005062 -0.999968 0.003952 
1582021308790 0.005241 0.005444 -0.999965 0.003662 
1582041175733 0.005170 0.005502 -0.999965 0.003717 
1582061042677 0.004850 0.005072 -0.999968 0.003965 
1582080909620 0.005059 0.005252 -0.999966 0.003804 
1582100807081 0.005263 0.005593 -0.999964 0.003647 
1582120674024 0.004890 0.005184 -0.999967 0.003935 
1582140540968 0.004914 0.005150 -0.999967 0.003918 
1582160407911 0.005265 0.005586 -0.999964 0.003647 
1582180274854 0.004992 0.005287 -0.999966 0.003858 
1582200141798 0.004894 0.005081 -0.999967 0.003935 
1582220069776 0.005286 0.005545 -0.999964 0.003633 
1582239936719 0.005096 0.005373 -0.999965 0.003780 
1582259803663 0.004941 0.005088 -0.999967 0.003901 
1582279670606 0.005329 0.005542 -0.999964 0.003602 
1582299537550 0.005128 0.005420 -0.999965 0.003758 
1582319435010 0.004931 0.005091 -0.999967 0.003911 
1582339301954 0.005286 0.005536 -0.999964 0.003638 
1582359168897 0.005096 0.005407 -0.999965 0.003787 
1582379035841 0.004901 0.005111 -0.999967 0.003942 
1582398902784 0.005274 0.005579 -0.999964 0.003657 
1582418769727 0.005053 0.005447 -0.999965 0.003832 
1582438636671 0.004885 0.005157 -0.999967 0.003966 
1582458534132 0.005260 0.005598 -0.999964 0.003681 
1582478401075 0.005040 0.005424 -0.999965 0.003856 
1582498268018 0.004880 0.005159 -0.999967 0.003985 
1582518165479 0.005249 0.005651 -0.999963 0.003705 
1582538032423 0.004995 0.005422 -0.999965 0.003907 
1582557899366 0.004880 0.005199 -0.999967 0.004003 
1582577766309 0.005232 0.005672 -0.999963 0.003738 
1582597663770 0.004913 0.005376 -0.999965 0.003992 
1582617530714 0.004886 0.005255 -0.999966 0.004021 
1582637397657 0.005223 0.005709 -0.999963 0.003769 
1582657264600 0.004878 0.005310 -0.999966 0.004045 
1582677131544 0.004959 0.005300 -0.999966 0.003992 
1582696998487 0.005218 0.005702 -0.999963 0.003802 
1582716895948 0.004873 0.005254 -0.999966 0.004080 
1582736762891 0.005013 0.005346 -0.999965 0.003984 
1582756629835 0.005235 0.005697 -0.999963 0.003832 
1582776496778 0.004871 0.005207 -0.999966 0.004127 
1582796394239 0.005102 0.005393 -0.999965 0.003963 
1582816261182 0.005213 0.005651 -0.999963 0.003892 
1582836128126 0.004841 0.005171 -0.999966 0.004196 
1582855995069 0.005140 0.005468 -0.999964 0.003981 
1582875862012 0.005135 0.005574 -0.999963 0.004003 
1582895759473 0.004815 0.005163 -0.999966 0.004269 
1582915626417 0.005201 0.005544 -0.999963 0.003935 
1582935493360 0.005084 0.005497 -0.999964 0.004032 
1582955360303 0.004856 0.005171 -0.999966 0.004215 
1582975227247 0.005266 0.005653 -0.999963 0.003905 
1582995094190 0.005020 0.005466 -0.999964 0.004104 
1583014991651 0.004895 0.005240 -0.999965 0.004209 
1583034858594 0.005271 0.005711 -0.999962 0.003927 
1583054725538 0.004932 0.005370 -0.999965 0.004198 
1583074622999 0.004977 0.005298 -0.999965 0.004174 
1583094489942 0.005308 0.005742 -0.999962 0.003928 
1583114356885 0.004899 0.005291 -0.999965 0.004256 
1583134223829 0.005037 0.005397 -0.999964 0.004161 
1583154121290 0.005242 0.005728 -0.999962 0.004014 
1583173988233 0.004860 0.005251 -0.999965 0.004260 
1583193855177 0.005149 0.005491 -0.999964 0.003984 
1583213722120 0.005233 0.005669 -0.999963 0.003864 
1583233589063 0.004883 0.005227 -0.999966 0.004079 
1583253456007 0.005255 0.005610 -0.999964 0.003731 
1583273322950 0.005175 0.005590 -0.999964 0.003731 
1583293220411 0.004925 0.005216 -0.999967 0.003861 
1583313087354 0.005330 0.005685 -0.999964 0.003435 
1583332954298 0.005064 0.005471 -0.999966 0.003576 
1583352821241 0.005009 0.005268 -0.999967 0.003549 
1583372718702 0.005338 0.005752 -0.999964 0.003221 
1583392585645 0.004970 0.005350 -0.999967 0.003433 
1583412483106 0.005054 0.005386 -0.999967 0.003290 
1583432350050 0.005275 0.005757 -0.999965 0.003038 
1583452216993 0.004867 0.005238 -0.999969 0.003271 
1583472083936 0.005099 0.005486 -0.999967 0.003005 
1583491950880 0.005170 0.005688 -0.999966 0.002863 
1583511817823 0.004825 0.005236 -0.999970 0.002969 
1583531684766 0.005168 0.005643 -0.999967 0.002774 
1583551582227 0.005061 0.005597 -0.999967 0.002930 
1583571449171 0.004851 0.005263 -0.999970 0.002994 
1583591316114 0.005271 0.005745 -0.999966 0.002564 
1583611183057 0.005016 0.005501 -0.999969 0.002662 
1583631019483 0.004974 0.005337 -0.999970 0.002593 
1583650916944 0.005290 0.005790 -0.999967 0.002038 
1583670814405 0.004869 0.005359 -0.999972 0.002060 
1583690681348 0.005011 0.005441 -0.999971 0.001640 
1583710548292 0.005220 0.005750 -0.999969 0.001166 
1583730415235 0.004841 0.005253 -0.999974 0.001158 
1583750282178 0.005167 0.005555 -0.999971 0.000597 
1583770149122 0.005171 0.005653 -0.999971 0.000290 
1583790046583 0.004874 0.005217 -0.999974 0.000224 
1583809944044 -0.005251 -0.005664 0.999970 0.000242 
1583829810987 -0.005066 -0.005516 0.999972 0.000261 
1583849677930 -0.004921 -0.005236 0.999974 0.000171 
1583869544874 -0.005306 -0.005727 0.999969 0.000501 
1583889411817 -0.005015 -0.005394 0.999973 0.000294 
1583909278760 -0.004965 -0.005294 0.999974 0.000278 
1583929145704 -0.005316 -0.005742 0.999969 0.000580 
1583949073682 -0.004940 -0.005307 0.999974 0.000302 
1583968940626 -0.005101 -0.005418 0.999972 0.000452 
1583988807569 -0.005272 -0.005719 0.999970 0.000609 
1584008674512 -0.004879 -0.005235 0.999974 0.000316 
1584028541456 0.005190 0.005534 -0.999971 0.000067 
1584048408399 0.005195 0.005653 -0.999970 0.000670 
1584068305860 0.004886 0.005230 -0.999973 0.001332 
1584088172803 0.005258 0.005647 -0.999969 0.001434 
1584108009229 0.005110 0.005578 -0.999970 0.001934 
1584127876173 0.004960 0.005247 -0.999971 0.002420 
1584147743116 0.005355 0.005757 -0.999966 0.002449 
1584167610059 0.005027 0.005440 -0.999968 0.002860 
1584187477003 0.005043 0.005362 -0.999969 0.002640 
1584207374464 0.005347 0.005791 -0.999967 0.002211 
1584227271925 0.004953 0.005319 -0.999971 0.002343 
1584247138868 0.005171 0.005479 -0.999970 0.001998 
1584267036329 0.005263 0.005738 -0.999968 0.001759 
1584286903272 0.004905 0.005243 -0.999972 0.001891 
1584306770216 0.005211 0.005549 -0.999970 0.001509 
1584326637159 0.005161 0.005600 -0.999970 0.001417 
1584346534620 0.004881 0.005193 -0.999973 0.001512 
1584366401563 0.005267 0.005662 -0.999970 0.001082 
1584386268507 0.005006 0.005473 -0.999972 0.001172 
1584406135450 0.004948 0.005262 -0.999973 0.001106 
1584426002393 0.005275 0.005737 -0.999969 0.000738 
1584445869337 0.004895 0.005328 -0.999973 0.000941 
1584465736280 0.004995 0.005398 -0.999973 0.000766 
1584485633741 0.005189 0.005710 -0.999970 0.000513 
1584505531202 0.004778 0.005209 -0.999975 0.000755 
1584525398145 0.005142 0.005534 -0.999971 0.000384 
1584545265089 0.005080 0.005560 -0.999972 0.000357 
1584565132032 0.004829 0.005188 -0.999975 0.000487 
1584585029493 0.005250 0.005670 -0.999970 0.000691 
1584604896436 0.004934 0.005336 -0.999972 0.001651 
1584624763380 0.004977 0.005285 -0.999972 0.002077 
1584644660841 0.005215 0.005694 -0.999969 0.001499 
1584664527784 0.004821 0.005193 -0.999974 0.001452 
1584684394727 0.005083 0.005370 -0.999972 0.000905 
1584704261671 0.005199 0.005593 -0.999971 0.000496 
1584724128614 0.004828 0.005123 -0.999975 0.000497 
1584743995557 -0.005191 -0.005485 0.999972 0.000072 
1584763862501 -0.005102 -0.005464 0.999972 0.000262 
1584783729444 -0.004899 -0.005130 0.999975 0.000339 
1584803626905 -0.005296 -0.005635 0.999970 0.000886 
1584823493848 -0.004949 -0.005315 0.999973 0.000819 
1584843360792 -0.004995 -0.005277 0.999973 0.001054 
1584863258253 -0.005248 -0.005669 0.999969 0.001444 
1584883125196 -0.004834 -0.005163 0.999974 0.001283 
1584902992139 -0.005145 -0.005465 0.999971 0.001485 
1584922859083 -0.005108 -0.005561 0.999970 0.001410 
1584942726026 -0.004845 -0.005156 0.999974 0.001155 
1584962592969 -0.005244 -0.005627 0.999969 0.001437 
1584982490430 -0.004908 -0.005326 0.999973 0.001129 
1585002357374 -0.004956 -0.005288 0.999973 0.001132 
1585022224317 -0.005202 -0.005688 0.999969 0.001302 
1585042091260 -0.004815 -0.005198 0.999974 0.000960 
1585061958204 -0.005118 -0.005505 0.999971 0.001180 
1585081886182 -0.005100 -0.005591 0.999971 0.001142 
1585101753126 -0.004830 -0.005201 0.999974 0.000902 
1585121620069 -0.005205 -0.005694 0.999970 0.001184 
1585141487012 -0.004897 -0.005404 0.999973 0.000916 
1585161353956 -0.004864 -0.005312 0.999974 0.000873 
1585181220899 -0.005206 -0.005751 0.999969 0.001135 
1585201118360 -0.004842 -0.005320 0.999974 0.000195 
1585220985303 0.004958 0.005400 -0.999973 0.000312 
1585240852247 0.005208 0.005740 -0.999970 0.000669 
1585260719190 0.004834 0.005273 -0.999973 0.001491 
1585280586134 0.005127 0.005636 -0.999969 0.001741 
1585300453077 0.004861 0.005261 -0.999971 0.002408 
1585320350538 0.005254 0.005728 -0.999967 0.002305 
1585340217481 0.004966 0.005470 -0.999969 0.002735 
1585360084425 0.004926 0.005350 -0.999969 0.002952 
1585379981885 0.005255 0.005778 -0.999963 0.003698 
1585399848829 0.004847 0.005325 -0.999965 0.004340 
1585419746290 0.005052 0.005545 -0.999962 0.004470 
1585439613233 0.005149 0.005736 -0.999960 0.004462 
1585459480177 0.004788 0.005281 -0.999963 0.004818 
1585479347120 0.005198 0.005720 -0.999960 0.004548 
1585499214063 0.004997 0.005586 -0.999961 0.004765 
1585519111524 0.004896 0.005392 -0.999961 0.004891 
1585538978468 0.005239 0.005877 -0.999958 0.004658 
1585558845411 0.004826 0.005417 -0.999961 0.005028 
1585578712354 0.005032 0.005573 -0.999959 0.005106 
1585598579298 0.005145 0.005787 -0.999956 0.005242 
1585618476759 0.004823 0.005345 -0.999958 0.005713 
1585638343702 0.005205 0.005781 -0.999954 0.005600 
1585658241163 0.004977 0.005586 -0.999954 0.005970 
1585678108106 0.004918 0.005418 -0.999954 0.006199 
1585697975050 0.005273 0.005878 -0.999950 0.006078 
1585717872510 0.004882 0.005410 -0.999952 0.006557 
1585737739454 0.005112 0.005612 -0.999954 0.005883 
1585757606397 0.005163 0.005735 -0.999960 0.004540 
1585777473341 0.004865 0.005288 -0.999962 0.004840 
1585797340284 0.005235 0.005743 -0.999958 0.004802 
1585817207227 0.005031 0.005608 -0.999958 0.005220 
1585837104688 0.004902 0.005389 -0.999958 0.005560 
1585856971632 0.005266 0.005875 -0.999954 0.005476 
1585876838575 0.004893 0.005442 -0.999955 0.005996 
1585896705518 0.005045 0.005531 -0.999954 0.006068 
1585916572462 0.005238 0.005813 -0.999951 0.006087 
1585936500440 0.004854 0.005321 -0.999952 0.006573 
1585956367384 0.005224 0.005725 -0.999949 0.006428 
1585976234327 0.005039 0.005608 -0.999950 0.006516 
1585996101270 0.004919 0.005365 -0.999951 0.006762 
1586015968214 0.005290 0.005870 -0.999947 0.006596 
1586035835157 0.004910 0.005433 -0.999953 0.006400 
1586055732618 0.005097 0.005560 -0.999955 0.005773 
1586075599561 0.005209 0.005796 -0.999956 0.005239 
1586095466505 0.004847 0.005327 -0.999961 0.005121 
1586115333448 0.005255 0.005736 -0.999960 0.004401 
1586135200391 0.005053 0.005550 -0.999963 0.004206 
1586155097852 0.004966 0.005343 -0.999964 0.004358 
1586174964796 0.005312 0.005832 -0.999960 0.004149 
1586194831739 0.004870 0.005334 -0.999963 0.004580 
1586214698682 0.005131 0.005568 -0.999961 0.004443 
1586234596143 0.005149 0.005708 -0.999960 0.004499 
1586254463087 0.004863 0.005275 -0.999966 0.004164 
1586274360548 0.005306 0.005780 -0.999963 0.003486 
1586294227491 0.004976 0.005451 -0.999967 0.003457 
1586314094434 0.005044 0.005405 -0.999968 0.003126 
1586333961378 0.005292 0.005741 -0.999966 0.002667 
1586353828321 0.004941 0.005173 -0.999971 0.002711 
1586373695264 0.005172 0.005437 -0.999969 0.002300 
1586393592725 0.005381 0.005911 -0.999966 0.001921 
1586413459669 0.005038 0.005429 -0.999971 0.002002 
1586433326612 0.004937 0.005236 -0.999972 0.001902 
1586453193555 0.005346 0.005696 -0.999969 0.001402 
1586473060499 0.005070 0.005389 -0.999972 0.001464 
1586492927442 0.005041 0.005290 -0.999972 0.001337 
1586512824903 0.005379 0.005730 -0.999969 0.000925 
1586532691846 0.005039 0.005405 -0.999972 0.001491 
1586552558790 0.005092 0.005315 -0.999971 0.001721 
1586572425733 0.005423 0.005756 -0.999967 0.001709 
1586592292677 0.005058 0.005328 -0.999968 0.003294 
1586612190137 0.005175 0.005409 -0.999966 0.003563 
1586632057081 0.005167 0.005434 -0.999963 0.004119 
1586651954542 0.005190 0.005460 -0.999950 0.006506 
1586671821485 0.005177 0.005507 -0.999933 0.008761 
1586691688428 0.005147 0.005535 -0.999925 0.009619 
1586711555372 0.005160 0.005529 -0.999917 0.010387 
1586731452833 0.005172 0.005532 -0.999910 0.011103 
1586751319776 0.005159 0.005518 -0.999902 0.011787 
1586771186719 0.005148 0.005504 -0.999897 0.012200 
1586791053663 0.005140 0.005496 -0.999898 0.012163 
