3283631886757 -0.095215 -0.121536 9.748245  
3283651723183 -0.133499 -0.095215 9.769791  
3283671529091 -0.119141 -0.104782 9.779358  
3283691335000 -0.092819 -0.123932 9.769791  
3283711171425 -0.138275 -0.104782 9.762604  
3283730977334 -0.126312 -0.109573 9.784149  
3283750783242 -0.092819 -0.123932 9.776962  
3283770619667 -0.147842 -0.095215 9.748245  
3283790425576 -0.121521 -0.104782 9.784149  
3283810262001 -0.099991 -0.119141 9.788925  
3283830067910 -0.145462 -0.102402 9.741074  
3283849873818 -0.119141 -0.114365 9.784149  
3283869710244 -0.095215 -0.121536 9.788925  
3283889546669 -0.150238 -0.090424 9.750641  
3283909352578 -0.111954 -0.111969 9.803284  
3283929189003 -0.104782 -0.119141 9.781754  
3283948994912 -0.147842 -0.102402 9.745865  
3283968800820 -0.114349 -0.109573 9.812851  
3283988637246 -0.107178 -0.116745 9.774567  
3284008443154 -0.150238 -0.102402 9.764999  
3284028279580 -0.107178 -0.116745 9.805679  
3284048085488 -0.107178 -0.111969 9.769791  
3284067891396 -0.152634 -0.090424 9.793716  
3284087727822 -0.099991 -0.123932 9.812851  
3284107533730 -0.104782 -0.109573 9.760208  
3284127339638 -0.150238 -0.090424 9.815247  
3284147176064 -0.097595 -0.126328 9.808075  
3284167012490 -0.114349 -0.116745 9.767395  
3284186818398 -0.152634 -0.097610 9.836792  
3284206654824 -0.097595 -0.128708 9.784149  
3284226460732 -0.123917 -0.109573 9.798492  
3284246297158 -0.138275 -0.107178 9.820038  
3284266103066 -0.090424 -0.119141 9.769791  
3284285908974 -0.119141 -0.107178 9.815247  
3284305745400 -0.126312 -0.109573 9.812851  
3284325551308 -0.088028 -0.121536 9.786530  
3284345357216 -0.133499 -0.102402 9.798492  
3284365193642 -0.131104 -0.107178 9.803284  
3284384999550 -0.104782 -0.114365 9.803284  
3284404805459 -0.133499 -0.095215 9.784149  
3284424641884 -0.114349 -0.116745 9.788925  
3284444478310 -0.092819 -0.119141 9.815247  
3284464314736 -0.138275 -0.097610 9.760208  
3284484120644 -0.114349 -0.111969 9.815247  
3284503926552 -0.102386 -0.119141 9.798492  
3284523762978 -0.155029 -0.095215 9.776962  
3284543568886 -0.109558 -0.119141 9.827209  
3284563374794 -0.097595 -0.116745 9.774567  
3284583211220 -0.145462 -0.095215 9.793716  
3284603017128 -0.102386 -0.123932 9.810471  
3284622853554 -0.116745 -0.116745 9.769791  
3284642659462 -0.150238 -0.102402 9.817642  
3284662465371 -0.097595 -0.128708 9.796112  
3284682301796 -0.123917 -0.107178 9.791321  
3284702107705 -0.135880 -0.107178 9.829605  
3284721944130 -0.102386 -0.123932 9.788925  
3284741780556 -0.128708 -0.100006 9.827209  
3284761586464 -0.138275 -0.109573 9.810471  
3284781392373 -0.104782 -0.123932 9.796112  
3284801228798 -0.133499 -0.104782 9.810471  
3284821034707 -0.128708 -0.100006 9.810471  
3284840840615 -0.090424 -0.131104 9.812851  
3284860677041 -0.131104 -0.100006 9.776962  
3284880482949 -0.123917 -0.111969 9.803284  
3284900288857 -0.107178 -0.123932 9.812851  
3284920125283 -0.138275 -0.100006 9.772186  
3284939931191 -0.116745 -0.109573 9.810471  
3284959767617 -0.092819 -0.119141 9.820038  
3284979573525 -0.138275 -0.102402 9.762604  
3284999409951 -0.119141 -0.114365 9.815247  
3285019246376 -0.104782 -0.116745 9.788925  
3285039052285 -0.135880 -0.097610 9.781754  
3285058888710 -0.109558 -0.121536 9.808075  
3285078694619 -0.107178 -0.119141 9.753036  
3285098500527 -0.145462 -0.097610 9.817642  
3285118336953 -0.102386 -0.111969 9.808075  
3285138142861 -0.116745 -0.107178 9.774567  
3285157948769 -0.135880 -0.107178 9.824814  
3285177785195 -0.107178 -0.131104 9.784149  
3285197591103 -0.123917 -0.116745 9.798492  
3285217397011 -0.135880 -0.102402 9.812851  
3285237233437 -0.092819 -0.128708 9.774567  
3285257039345 -0.123917 -0.102402 9.822433  
3285276875771 -0.133499 -0.104782 9.820038  
3285296712197 -0.097595 -0.131104 9.824814  
3285316518105 -0.147842 -0.102402 9.776962  
3285336354531 -0.123917 -0.109573 9.817642  
3285356160439 -0.095215 -0.123932 9.817642  
3285375966347 -0.143066 -0.107178 9.784149  
3285395802773 -0.114349 -0.126328 9.824814  
3285415608681 -0.104782 -0.114365 9.788925  
3285435414589 -0.150238 -0.092819 9.791321  
3285455251015 -0.104782 -0.126328 9.822433  
3285475056923 -0.111954 -0.109573 9.760208  
3285494893349 -0.145462 -0.107178 9.822433  
3285514699257 -0.104782 -0.126328 9.791321  
3285534505166 -0.116745 -0.104782 9.805679  
3285554341591 -0.140671 -0.104782 9.815247  
3285574178017 -0.090424 -0.133499 9.781754  
3285593983925 -0.133499 -0.109573 9.812851  
3285613820351 -0.143066 -0.100006 9.796112  
