# Created at Tue Jun 01 16:16:58 GMT+02:00 2021 in Burnaby Canada 
3220137378238 0.000000 0.000000 0.000000 
3220157245182 0.000000 0.000000 0.000000 
3220177112125 0.000000 0.000000 0.000000 
3220196979068 0.000000 0.000000 0.000000 
3220216846012 0.000000 0.000000 0.000000 
3220236712955 0.000000 0.000000 0.000000 
3220256579899 0.000000 0.000000 0.000000 
3220276477359 0.000000 0.000000 0.000000 
3220296344303 0.000000 0.000000 0.000000 
3220316211246 0.000000 0.000000 0.000000 
3220336108707 0.000000 0.000000 0.000000 
3220355975651 0.000000 0.000000 0.000000 
3220375842594 0.000000 0.000000 0.000000 
3220395709537 0.000000 0.000000 0.000000 
3220415606998 0.000000 0.000000 0.000000 
3220435473942 0.000000 0.000000 0.000000 
3220455340885 0.000000 0.000000 0.000000 
3220475207828 0.000000 0.000000 0.000000 
3220495074772 0.000000 0.000000 0.000000 
3220514941715 0.000000 0.000000 0.000000 
3220534808658 0.000000 0.000000 0.000000 
3220554675602 0.000000 0.000000 0.000000 
3220574542545 0.000000 0.000000 0.000000 
3220594440006 0.000000 0.000000 0.000000 
3220614337467 0.000000 0.000000 0.000000 
3220634204410 0.000000 0.000000 0.000000 
3220654071354 0.000000 0.000000 0.000000 
3220673938297 0.000000 0.000000 0.000000 
3220693805240 0.000000 0.000000 0.000000 
3220713672184 0.000000 0.000000 0.000000 
3220733539127 0.000000 0.000000 0.000000 
3220753406070 0.000000 0.000000 0.000000 
3220773273014 0.000000 0.000000 0.000000 
3220793139957 0.000000 0.000000 0.000000 
3220813006901 0.000000 0.000000 0.000000 
3220832904361 0.000000 0.000000 0.000000 
3220852771305 0.000000 0.000000 0.000000 
3220872638248 0.000000 0.000000 0.000000 
3220892505192 0.000000 0.000000 0.000000 
3220912402652 0.000000 0.000000 0.000000 
3220932269596 0.000000 0.000000 0.000000 
3220952136539 0.000000 0.000000 0.000000 
3220972003483 0.000000 0.000000 0.000000 
3220991900943 0.000000 0.000000 0.000000 
3221011767887 0.000000 0.000000 0.000000 
3221031634830 0.000000 0.000000 0.000000 
3221051501774 0.000000 0.000000 0.000000 
3221071368717 0.000000 0.000000 0.000000 
3221091235660 0.000000 0.000000 0.000000 
3221111102604 0.000000 0.000000 0.000000 
3221130969547 0.000000 0.000000 0.000000 
3221150867008 0.000000 0.000000 0.000000 
3221170733951 0.000000 0.000000 0.000000 
3221190631412 0.000000 0.000000 0.000000 
3221210498356 0.000000 0.000000 0.000000 
3221230365299 0.000000 0.000000 0.000000 
3221250232242 0.000000 0.000000 0.000000 
3221270099186 0.000000 0.000000 0.000000 
3221289966129 0.000000 0.000000 0.000000 
3221309863590 0.000000 0.000000 0.000000 
3221329730533 0.000000 0.000000 0.000000 
3221349597477 0.000000 0.000000 0.000000 
3221369464420 0.000000 0.000000 0.000000 
3221389331363 0.000000 0.000000 0.000000 
3221409198307 0.000000 0.000000 0.000000 
3221429065250 0.000000 0.000000 0.000000 
3221448932193 0.000000 0.000000 0.000000 
3221468799137 0.000000 0.000000 0.000000 
3221488727115 0.000000 0.000000 0.000000 
3221508594059 0.000000 0.000000 0.000000 
3221528461002 0.000000 0.000000 0.000000 
3221548327945 0.000000 0.000000 0.000000 
3221568194889 0.000000 0.000000 0.000000 
3221588061832 0.000000 0.000000 0.000000 
3221607928776 0.000000 0.000000 0.000000 
3221627795719 0.000000 0.000000 0.000000 
3221647693180 0.000000 0.000000 0.000000 
3221667560123 0.000000 0.000000 0.000000 
3221687427067 0.000000 0.000000 0.000000 
3221707294010 0.000000 0.000000 0.000000 
3221727160953 0.000000 0.000000 0.000000 
3221747027897 0.000000 0.000000 0.000000 
3221766925358 0.000000 0.000000 0.000000 
3221786822818 0.000000 0.000000 0.000000 
3221806689762 0.000000 0.000000 0.000000 
3221826556705 0.000000 0.000000 0.000000 
3221846423649 0.000000 0.000000 0.000000 
3221866290592 0.000000 0.000000 0.000000 
3221886157535 0.000000 0.000000 0.000000 
3221906024479 0.000000 0.000000 0.000000 
3221925891422 0.000000 0.000000 0.000000 
3221945758365 0.000000 0.000000 0.000000 
3221965655826 0.000000 0.000000 0.000000 
3221985522770 0.000000 0.000000 0.000000 
3222005389713 0.000000 0.000000 0.000000 
3222025256656 0.000000 0.000000 0.000000 
3222045154117 0.000000 0.000000 0.000000 
3222065051578 0.000000 0.000000 0.000000 
3222084918522 0.000000 0.000000 0.000000 
3222104785465 0.000000 0.000000 0.000000 
3222124652408 0.000000 0.000000 0.000000 
3222144519352 0.000000 0.000000 0.000000 
3222164386295 0.000000 0.000000 0.000000 
3222184253238 0.000000 0.000000 0.000000 
3222204120182 0.000000 0.000000 0.000000 
3222223987125 0.000000 0.000000 0.000000 
3222243884586 0.000000 0.000000 0.000000 
3222263751529 0.000000 0.000000 0.000000 
3222283618473 0.000000 0.000000 0.000000 
3222303485416 0.000000 0.000000 0.000000 
3222323352359 0.000000 0.000000 0.000000 
3222343249820 0.000000 0.000000 0.000000 
3222363116764 0.000000 0.000000 0.000000 
3222382983707 0.000000 0.000000 0.000000 
3222402850651 0.000000 0.000000 0.000000 
3222422748111 0.000000 0.000000 0.000000 
3222442615055 0.000000 0.000000 0.000000 
3222462481998 0.000000 0.000000 0.000000 
3222482348942 0.000000 0.000000 0.000000 
3222502215885 0.000000 0.000000 0.000000 
3222522082828 0.000000 0.000000 0.000000 
3222541949772 0.000000 0.000000 0.000000 
3222561816715 0.000000 0.000000 0.000000 
3222581683658 0.000000 0.000000 0.000000 
3222601581119 0.000000 0.000000 0.000000 
3222621478580 0.000000 0.000000 0.000000 
3222641345524 0.000000 0.000000 0.000000 
3222661212467 0.000000 0.000000 0.000000 
3222681079410 0.000000 0.000000 0.000000 
3222700946354 0.000000 0.000000 0.000000 
3222720813297 0.000000 0.000000 0.000000 
3222740680240 0.000000 0.000000 0.000000 
3222760547184 0.000000 0.000000 0.000000 
3222780444645 0.000000 0.000000 0.000000 
3222800311588 0.000000 0.000000 0.000000 
3222820178531 0.000000 0.000000 0.000000 
3222840045475 0.000000 0.000000 0.000000 
3222859912418 0.000000 0.000000 0.000000 
3222879779361 0.000000 0.000000 0.000000 
3222899646305 0.000000 0.000000 0.000000 
3222919543766 0.000000 0.000000 0.000000 
3222939410709 0.000000 0.000000 0.000000 
3222959308170 0.000000 0.000000 0.000000 
3222979175113 0.000000 0.000000 0.000000 
3222999042057 0.000000 0.000000 0.000000 
3223018909000 0.000000 0.000000 0.000000 
3223038775943 0.000000 0.000000 0.000000 
3223058642887 0.000000 0.000000 0.000000 
3223078509830 0.000000 0.000000 0.000000 
3223098376774 0.000000 0.000000 0.000000 
3223118243717 0.000000 0.000000 0.000000 
3223138110660 0.000000 0.000000 0.000000 
3223158008121 0.000000 0.000000 0.000000 
3223177875065 0.000000 0.000000 0.000000 
3223197772526 0.000000 0.000000 0.000000 
3223217639469 0.000000 0.000000 0.000000 
3223237506412 0.000000 0.000000 0.000000 
3223257373356 0.000000 0.000000 0.000000 
3223277270817 0.000000 0.000000 0.000000 
3223297107242 0.000000 0.000000 0.000000 
3223316974186 0.000000 0.000000 0.000000 
3223336841129 0.000000 0.000000 0.000000 
3223356708072 0.000000 0.000000 0.000000 
3223376575016 0.000000 0.000000 0.000000 
3223396441959 0.000000 0.000000 0.000000 
3223416339420 0.000000 0.000000 0.000000 
3223436206363 0.000000 0.000000 0.000000 
3223456103824 0.000000 0.000000 0.000000 
3223476001285 0.000000 0.000000 0.000000 
3223495868229 0.000000 0.000000 0.000000 
3223515735172 0.000000 0.000000 0.000000 
3223535602115 0.000000 0.000000 0.000000 
3223555469059 0.000000 0.000000 0.000000 
3223575366520 0.000000 0.000000 0.000000 
3223595233463 0.000000 0.000000 0.000000 
3223615100406 0.000000 0.000000 0.000000 
3223634967350 0.000000 0.000000 0.000000 
3223654834293 0.000000 0.000000 0.000000 
3223674701236 0.000000 0.000000 0.000000 
3223694568180 0.000000 0.000000 0.000000 
3223714435123 0.000000 0.000000 0.000000 
3223734302067 0.000000 0.000000 0.000000 
3223754199527 0.000000 0.000000 0.000000 
3223774096988 0.000000 0.000000 0.000000 
3223793963932 0.000000 0.000000 0.000000 
3223813830875 0.000000 0.000000 0.000000 
3223833697818 0.000000 0.000000 0.000000 
3223853564762 0.000000 0.000000 0.000000 
3223873431705 0.000000 0.000000 0.000000 
3223893298649 0.000000 0.000000 0.000000 
3223913196109 0.000000 0.000000 0.000000 
3223933063053 0.000000 0.000000 0.000000 
3223952929996 0.000000 0.000000 0.000000 
3223972796940 0.000000 0.000000 0.000000 
3223992663883 0.000000 0.000000 0.000000 
3224012530826 0.000000 0.000000 0.000000 
3224032397770 0.000000 0.000000 0.000000 
3224052295231 0.000000 0.000000 0.000000 
3224072162174 0.000000 0.000000 0.000000 
3224092059635 0.000000 0.000000 0.000000 
3224111926578 0.000000 0.000000 0.000000 
3224131793522 0.000000 0.000000 0.000000 
3224151660465 0.000000 0.000000 0.000000 
3224171527408 0.000000 0.000000 0.000000 
3224191394352 0.000000 0.000000 0.000000 
3224211261295 0.000000 0.000000 0.000000 
3224231128238 0.000000 0.000000 0.000000 
3224251025699 0.000000 0.000000 0.000000 
3224270892643 0.000000 0.000000 0.000000 
3224290759586 0.000000 0.000000 0.000000 
3224310626529 0.000000 0.000000 0.000000 
3224330493473 0.000000 0.000000 0.000000 
3224350390934 0.000000 0.000000 0.000000 
3224370257877 0.000000 0.000000 0.000000 
3224390124820 0.000000 0.000000 0.000000 
3224409991764 0.000000 0.000000 0.000000 
3224429889225 0.000000 0.000000 0.000000 
3224449756168 0.000000 0.000000 0.000000 
3224469623111 0.000000 0.000000 0.000000 
3224489490055 0.000000 0.000000 0.000000 
3224509356998 0.000000 0.000000 0.000000 
3224529223942 0.000000 0.000000 0.000000 
3224549090885 0.000000 0.000000 0.000000 
3224568957828 0.000000 0.000000 0.000000 
3224588824772 0.000000 0.000000 0.000000 
3224608722233 0.000000 0.000000 0.000000 
3224628619693 0.000000 0.000000 0.000000 
3224648486637 0.000000 0.000000 0.000000 
3224668353580 0.000000 0.000000 0.000000 
3224688220524 0.000000 0.000000 0.000000 
3224708087467 0.000000 0.000000 0.000000 
3224727954410 0.000000 0.000000 0.000000 
3224747821354 0.000000 0.000000 0.000000 
3224767688297 0.000000 0.000000 0.000000 
3224787585758 0.000000 0.000000 0.000000 
3224807452701 0.000000 0.000000 0.000000 
3224827319645 0.000000 0.000000 0.000000 
3224847186588 0.000000 0.000000 0.000000 
3224867053531 0.000000 0.000000 0.000000 
3224886920475 0.000000 0.000000 0.000000 
3224906817936 0.000000 0.000000 0.000000 
3224926684879 0.000000 0.000000 0.000000 
3224946582340 0.000000 0.000000 0.000000 
3224966449283 0.000000 0.000000 0.000000 
3224986316227 0.000000 0.000000 0.000000 
3225006183170 0.000000 0.000000 0.000000 
3225026050113 0.000000 0.000000 0.000000 
3225045917057 0.000000 0.000000 0.000000 
3225065784000 0.000000 0.000000 0.000000 
3225085650943 0.000000 0.000000 0.000000 
3225105517887 0.000000 0.000000 0.000000 
3225125384830 0.000000 0.000000 0.000000 
3225145282291 0.000000 0.000000 0.000000 
3225165149234 0.000000 0.000000 0.000000 
3225185016178 0.000000 0.000000 0.000000 
3225204913639 0.000000 0.000000 0.000000 
3225224780582 0.000000 0.000000 0.000000 
3225244647526 0.000000 0.000000 0.000000 
3225264514469 0.000000 0.000000 0.000000 
3225284381412 0.000000 0.000000 0.000000 
3225304278873 0.000000 0.000000 0.000000 
3225324145817 0.000000 0.000000 0.000000 
3225344012760 0.000000 0.000000 0.000000 
3225363879703 0.000000 0.000000 0.000000 
3225383746647 0.000000 0.000000 0.000000 
3225403613590 0.000000 0.000000 0.000000 
3225423480533 0.000000 0.000000 0.000000 
3225443347477 0.000000 0.000000 0.000000 
3225463214420 0.000000 0.000000 0.000000 
3225483111881 0.000000 0.000000 0.000000 
3225503009342 0.000000 0.000000 0.000000 
3225522845768 0.000000 0.000000 0.000000 
3225542712711 0.000000 0.000000 0.000000 
3225562579654 0.000000 0.000000 0.000000 
3225582446598 0.000000 0.000000 0.000000 
3225602313541 0.000000 0.000000 0.000000 
3225622180484 0.000000 0.000000 0.000000 
3225642047428 0.000000 0.000000 0.000000 
3225661914371 0.000000 0.000000 0.000000 
3225681811832 0.000000 0.000000 0.000000 
3225701709293 0.000000 0.000000 0.000000 
3225721576236 0.000000 0.000000 0.000000 
3225741443180 0.000000 0.000000 0.000000 
3225761310123 0.000000 0.000000 0.000000 
3225781207584 0.000000 0.000000 0.000000 
3225801074527 0.000000 0.000000 0.000000 
3225820941471 0.000000 0.000000 0.000000 
3225840808414 0.000000 0.000000 0.000000 
3225860675358 0.000000 0.000000 0.000000 
3225880542301 0.000000 0.000000 0.000000 
3225900409244 0.000000 0.000000 0.000000 
3225920306705 0.000000 0.000000 0.000000 
3225940173649 0.000000 0.000000 0.000000 
3225960040592 0.000000 0.000000 0.000000 
3225979907535 0.000000 0.000000 0.000000 
3225999774479 0.000000 0.000000 0.000000 
3226019641422 0.000000 0.000000 0.000000 
3226039508365 0.000000 0.000000 0.000000 
3226059405826 0.000000 0.000000 0.000000 
3226079272770 0.000000 0.000000 0.000000 
3226099170231 0.000000 0.000000 0.000000 
3226119037174 0.000000 0.000000 0.000000 
3226138904117 0.000000 0.000000 0.000000 
3226158771061 0.000000 0.000000 0.000000 
3226178638004 0.000000 0.000000 0.000000 
3226198504947 0.000000 0.000000 0.000000 
3226218371891 0.000000 0.000000 0.000000 
3226238238834 0.000000 0.000000 0.000000 
