# Created at Tue Jun 01 15:51:16 GMT+02:00 2021 in Burnaby Canada 
1678494109028 -0.005396 0.005600 -0.000034 0.999970 
1678513914936 -0.005389 0.005593 -0.000034 0.999970 
1678533720844 -0.005402 0.005598 -0.000034 0.999970 
1678553557270 -0.005411 0.005603 -0.000034 0.999970 
1678573363178 -0.005420 0.005604 -0.000034 0.999970 
1678593169086 -0.005436 0.005624 -0.000034 0.999969 
1678613005512 -0.005452 0.005616 -0.000034 0.999969 
1678632811420 -0.005455 0.005604 -0.000034 0.999969 
1678652647846 -0.005454 0.005596 -0.000034 0.999969 
1678672484272 -0.005458 0.005608 -0.000034 0.999969 
1678692290180 -0.005473 0.005620 -0.000034 0.999969 
1678712126606 -0.005471 0.005632 -0.000034 0.999969 
1678731932514 -0.005478 0.005639 -0.000034 0.999969 
1678751738422 -0.005476 0.005638 -0.000034 0.999969 
1678771574848 -0.005472 0.005645 -0.000034 0.999969 
1678791380756 -0.005478 0.005660 -0.000034 0.999969 
1678811186664 -0.005489 0.005651 -0.000034 0.999969 
1678831023090 -0.005491 0.005650 -0.000034 0.999969 
1678850828998 -0.005485 0.005648 -0.000034 0.999969 
1678870634907 -0.005499 0.005651 -0.000034 0.999969 
1678890471332 -0.005501 0.005638 -0.000034 0.999969 
1678910277241 -0.005499 0.005650 -0.000034 0.999969 
1678930083149 -0.005485 0.005641 -0.000034 0.999969 
1678949919575 -0.005499 0.005640 -0.000034 0.999969 
1678969756000 -0.005501 0.005636 -0.000034 0.999969 
1678989561909 -0.005507 0.005624 -0.000034 0.999969 
1679009398334 -0.005525 0.005632 -0.000035 0.999969 
1679029204243 -0.005519 0.005628 -0.000035 0.999969 
1679049010151 -0.005516 0.005620 -0.000035 0.999969 
1679068846577 -0.005490 0.005625 -0.000034 0.999969 
1679088652485 -0.005485 0.005628 -0.000034 0.999969 
1679108458393 -0.005488 0.005645 -0.000034 0.999969 
1679128294819 -0.005451 0.005648 -0.000034 0.999969 
1679148100727 -0.005431 0.005644 -0.000034 0.999969 
1679167906635 -0.005440 0.005667 -0.000034 0.999969 
1679187743061 -0.005432 0.005682 -0.000034 0.999969 
1679207548969 -0.005422 0.005697 -0.000034 0.999969 
1679227385395 -0.005427 0.005695 -0.000034 0.999969 
1679247221821 -0.005424 0.005705 -0.000034 0.999969 
1679267027729 -0.005424 0.005719 -0.000034 0.999969 
1679286833637 -0.005405 0.005735 -0.000033 0.999969 
1679306670063 -0.005427 0.005736 -0.000033 0.999969 
1679326475971 -0.005428 0.005748 -0.000033 0.999969 
1679346281879 -0.005436 0.005764 -0.000033 0.999969 
1679366118305 -0.005421 0.005760 -0.000033 0.999969 
1679385924213 -0.005430 0.005760 -0.000033 0.999969 
1679405760639 -0.005431 0.005752 -0.000033 0.999969 
1679425566547 -0.005436 0.005756 -0.000033 0.999969 
1679445372455 -0.005437 0.005772 -0.000033 0.999969 
1679465208881 -0.005433 0.005767 -0.000033 0.999969 
1679485014789 -0.005434 0.005763 -0.000033 0.999969 
1679504851215 -0.005419 0.005764 -0.000033 0.999969 
1679524657123 -0.005494 0.005825 -0.000033 0.999968 
1679544493549 -0.005528 0.005847 -0.000034 0.999968 
1679564299457 -0.005352 0.005655 -0.000033 0.999970 
1679584105366 -0.005523 0.005871 -0.000033 0.999968 
1679603941791 -0.005500 0.005806 -0.000034 0.999968 
1679623747700 -0.005344 0.005635 -0.000033 0.999970 
1679643584125 -0.005446 0.005810 -0.000033 0.999968 
1679663390034 -0.005508 0.005853 -0.000033 0.999968 
1679683195942 -0.005324 0.005660 -0.000033 0.999970 
1679703032368 -0.005433 0.005772 -0.000033 0.999969 
1679722838276 -0.005539 0.005853 -0.000034 0.999968 
1679742644184 -0.005343 0.005633 -0.000033 0.999970 
1679762480610 -0.005432 0.005726 -0.000034 0.999969 
1679782286518 -0.005562 0.005829 -0.000034 0.999968 
1679802122944 -0.005519 0.005793 -0.000034 0.999968 
1679821959369 -0.005511 0.005792 -0.000034 0.999968 
1679841765278 -0.005544 0.005818 -0.000034 0.999968 
1679861571186 -0.005540 0.005784 -0.000034 0.999968 
1679881407612 -0.005561 0.005813 -0.000034 0.999968 
1679901213520 -0.005559 0.005827 -0.000034 0.999968 
1679921019428 -0.005535 0.005802 -0.000034 0.999968 
1679940855854 -0.005562 0.005839 -0.000034 0.999968 
1679960661762 -0.005547 0.005826 -0.000034 0.999968 
1679980467670 -0.005537 0.005826 -0.000034 0.999968 
1680000304096 -0.005538 0.005868 -0.000034 0.999967 
1680020110004 -0.005509 0.005834 -0.000034 0.999968 
1680039915912 -0.005514 0.005853 -0.000033 0.999968 
1680059752338 -0.005530 0.005875 -0.000033 0.999967 
1680079588764 -0.005498 0.005854 -0.000033 0.999968 
1680099394672 -0.005508 0.005886 -0.000033 0.999968 
1680119231098 -0.005491 0.005878 -0.000033 0.999968 
1680139037006 -0.005465 0.005869 -0.000033 0.999968 
1680158842914 -0.005495 0.005917 -0.000033 0.999967 
1680178679340 -0.005473 0.005893 -0.000033 0.999968 
1680198485248 -0.005444 0.005880 -0.000033 0.999968 
1680218291157 -0.005458 0.005923 -0.000033 0.999968 
1680238127582 -0.005426 0.005888 -0.000033 0.999968 
1680257933491 -0.005454 0.005912 -0.000033 0.999968 
1680277769916 -0.005460 0.005925 -0.000033 0.999968 
1680297575825 -0.005445 0.005888 -0.000033 0.999968 
1680317381733 -0.005473 0.005936 -0.000033 0.999967 
1680337218159 -0.005432 0.005917 -0.000033 0.999968 
1680357024067 -0.005422 0.005904 -0.000033 0.999968 
1680376860493 -0.005436 0.005925 -0.000033 0.999968 
1680396696918 -0.005417 0.005915 -0.000033 0.999968 
1680416502827 -0.005413 0.005899 -0.000033 0.999968 
1680436308735 -0.005421 0.005941 -0.000033 0.999968 
1680456145160 -0.005416 0.005924 -0.000033 0.999968 
1680475951069 -0.005432 0.005950 -0.000033 0.999968 
1680495756977 -0.005405 0.005895 -0.000033 0.999968 
1680515593403 -0.005394 0.005858 -0.000033 0.999968 
1680535399311 -0.005421 0.005880 -0.000033 0.999968 
1680555205219 -0.005401 0.005871 -0.000033 0.999968 
1680575011127 -0.005450 0.005931 -0.000033 0.999968 
1680594847553 -0.005482 0.005982 -0.000033 0.999967 
1680614653461 -0.005489 0.005989 -0.000033 0.999967 
1680634489887 -0.005530 0.006038 -0.000033 0.999967 
1680654326313 -0.005524 0.006015 -0.000033 0.999967 
1680674132221 -0.005540 0.006015 -0.000033 0.999967 
1680693968647 -0.005576 0.006058 -0.000033 0.999966 
1680713774555 -0.005544 0.006036 -0.000033 0.999966 
1680733580463 -0.005570 0.006061 -0.000033 0.999966 
1680753416889 -0.005562 0.006044 -0.000033 0.999966 
1680773222797 -0.005524 0.005980 -0.000033 0.999967 
1680793028705 -0.005554 0.006017 -0.000033 0.999966 
1680812865131 -0.005556 0.006029 -0.000033 0.999966 
1680832671039 -0.005568 0.006025 -0.000033 0.999966 
1680852476948 -0.005600 0.006027 -0.000033 0.999966 
1680872313373 -0.005592 0.006006 -0.000033 0.999966 
1680892119282 -0.005589 0.006000 -0.000033 0.999966 
1680911925190 -0.005595 0.006027 -0.000033 0.999966 
1680931761616 -0.005576 0.005996 -0.000033 0.999967 
1680951598041 -0.005593 0.006006 -0.000033 0.999966 
1680971403950 -0.005576 0.005989 -0.000033 0.999967 
1680991240375 -0.005605 0.006031 -0.000033 0.999966 
1681011046284 -0.005631 0.006062 -0.000033 0.999966 
1681030852192 -0.005601 0.006018 -0.000033 0.999966 
1681050688618 -0.005625 0.006041 -0.000033 0.999966 
1681070494526 -0.005625 0.006047 -0.000033 0.999966 
1681090330952 -0.005623 0.006044 -0.000033 0.999966 
1681110136860 -0.005625 0.006039 -0.000033 0.999966 
1681129942768 -0.005582 0.006006 -0.000033 0.999966 
1681149779194 -0.005618 0.006052 -0.000033 0.999966 
1681169585102 -0.005613 0.006053 -0.000033 0.999966 
1681189391010 -0.005572 0.005977 -0.000033 0.999967 
1681209227436 -0.005578 0.005977 -0.000033 0.999967 
1681229063862 -0.005561 0.005967 -0.000033 0.999967 
1681248869770 -0.005569 0.005984 -0.000033 0.999967 
1681268706196 -0.005593 0.006002 -0.000033 0.999966 
1681288512104 -0.005560 0.005956 -0.000033 0.999967 
1681308318012 -0.005583 0.005975 -0.000033 0.999967 
1681328154438 -0.005579 0.005978 -0.000033 0.999967 
1681347960346 -0.005559 0.005945 -0.000033 0.999967 
1681367766254 -0.005601 0.005980 -0.000033 0.999966 
1681387602680 -0.005584 0.005960 -0.000033 0.999967 
1681407408588 -0.005590 0.005965 -0.000033 0.999967 
1681427214496 -0.005603 0.005983 -0.000033 0.999966 
1681447050922 -0.005585 0.005942 -0.000033 0.999967 
1681466856830 -0.005625 0.005964 -0.000034 0.999966 
1681486662739 -0.005596 0.005956 -0.000033 0.999967 
1681506499164 -0.005577 0.005949 -0.000033 0.999967 
1681526335590 -0.005603 0.005991 -0.000033 0.999966 
1681546141498 -0.005569 0.005945 -0.000033 0.999967 
1681565977924 -0.005597 0.005987 -0.000033 0.999966 
1681585783832 -0.005596 0.005994 -0.000033 0.999966 
1681605589741 -0.005575 0.005973 -0.000033 0.999967 
1681625426166 -0.005604 0.006021 -0.000033 0.999966 
1681645232075 -0.005575 0.005989 -0.000033 0.999967 
1681665037983 -0.005581 0.006005 -0.000033 0.999966 
1681684874409 -0.005582 0.006013 -0.000033 0.999966 
1681704680317 -0.005552 0.005981 -0.000033 0.999967 
1681724486225 -0.005594 0.006017 -0.000033 0.999966 
1681744322651 -0.005577 0.005983 -0.000033 0.999967 
1681764128559 -0.005581 0.005972 -0.000033 0.999967 
1681783934467 -0.005594 0.005979 -0.000033 0.999967 
1681803770893 -0.005548 0.005931 -0.000033 0.999967 
1681823607319 -0.005577 0.005983 -0.000033 0.999967 
1681843413227 -0.005591 0.006006 -0.000033 0.999966 
1681863249653 -0.005555 0.005970 -0.000033 0.999967 
1681883055561 -0.005549 0.005982 -0.000033 0.999967 
1681902861469 -0.005527 0.005968 -0.000033 0.999967 
1681922697895 -0.005515 0.005951 -0.000033 0.999967 
1681942503803 -0.005546 0.006003 -0.000033 0.999967 
1681962309711 -0.005526 0.005956 -0.000033 0.999967 
1681982146137 -0.005551 0.005989 -0.000033 0.999967 
1682001952045 -0.005543 0.005978 -0.000033 0.999967 
1682021757953 -0.005527 0.005962 -0.000033 0.999967 
1682041594379 -0.005544 0.005997 -0.000033 0.999967 
1682061400287 -0.005511 0.005951 -0.000033 0.999967 
1682081236713 -0.005522 0.005950 -0.000033 0.999967 
1682101073139 -0.005532 0.005964 -0.000033 0.999967 
1682120879047 -0.005530 0.005937 -0.000033 0.999967 
1682140684955 -0.005559 0.005972 -0.000033 0.999967 
1682160521381 -0.005538 0.005935 -0.000033 0.999967 
1682180327289 -0.005548 0.005945 -0.000033 0.999967 
1682200133198 -0.005533 0.005955 -0.000033 0.999967 
1682219969623 -0.005502 0.005924 -0.000033 0.999967 
1682239775532 -0.005529 0.005958 -0.000033 0.999967 
1682259581440 -0.005516 0.005941 -0.000033 0.999967 
1682279417866 -0.005507 0.005927 -0.000033 0.999967 
1682299223774 -0.005510 0.005937 -0.000033 0.999967 
1682319060200 -0.005479 0.005913 -0.000033 0.999968 
1682338866108 -0.005518 0.005958 -0.000033 0.999967 
1682358672016 -0.005511 0.005961 -0.000033 0.999967 
1682378508442 -0.005497 0.005934 -0.000033 0.999967 
1682398344868 -0.005540 0.005962 -0.000033 0.999967 
1682418150776 -0.005516 0.005935 -0.000033 0.999967 
1682437987202 -0.005519 0.005936 -0.000033 0.999967 
1682457793110 -0.005525 0.005960 -0.000033 0.999967 
1682477599018 -0.005494 0.005932 -0.000033 0.999967 
1682497435444 -0.005537 0.005955 -0.000033 0.999967 
1682517241352 -0.005519 0.005934 -0.000033 0.999967 
1682537047260 -0.005526 0.005927 -0.000033 0.999967 
1682556883686 -0.005535 0.005943 -0.000033 0.999967 
1682576689594 -0.005504 0.005910 -0.000033 0.999967 
1682596495502 -0.005525 0.005940 -0.000033 0.999967 
1682616331928 -0.005525 0.005959 -0.000033 0.999967 
1682636137836 -0.005502 0.005899 -0.000033 0.999967 
1682655974262 -0.005536 0.005912 -0.000033 0.999967 
1682675810688 -0.005521 0.005884 -0.000033 0.999967 
1682695616596 -0.005528 0.005887 -0.000033 0.999967 
1682715422504 -0.005540 0.005897 -0.000033 0.999967 
1682735258930 -0.005523 0.005867 -0.000033 0.999968 
1682755064838 -0.005553 0.005904 -0.000033 0.999967 
1682774870746 -0.005531 0.005880 -0.000033 0.999967 
1682794707172 -0.005532 0.005878 -0.000033 0.999967 
1682814513080 -0.005537 0.005902 -0.000033 0.999967 
1682834318989 -0.005507 0.005870 -0.000033 0.999968 
1682854155414 -0.005537 0.005905 -0.000033 0.999967 
1682873961323 -0.005518 0.005894 -0.000033 0.999967 
1682893797748 -0.005516 0.005891 -0.000033 0.999967 
1682913603657 -0.005534 0.005916 -0.000033 0.999967 
1682933409565 -0.005515 0.005886 -0.000033 0.999967 
1682953245991 -0.005540 0.005907 -0.000033 0.999967 
1682973082416 -0.005533 0.005894 -0.000033 0.999967 
1682992888325 -0.005511 0.005874 -0.000033 0.999968 
1683012724750 -0.005542 0.005899 -0.000033 0.999967 
1683032530659 -0.005492 0.005845 -0.000033 0.999968 
1683052336567 -0.005482 0.005820 -0.000033 0.999968 
1683072172993 -0.005488 0.005844 -0.000033 0.999968 
1683091978901 -0.005457 0.005802 -0.000033 0.999968 
1683111784809 -0.005499 0.005825 -0.000034 0.999968 
1683131621235 -0.005485 0.005806 -0.000034 0.999968 
1683151427143 -0.005481 0.005801 -0.000034 0.999968 
1683171233051 -0.005504 0.005817 -0.000034 0.999968 
1683191069477 -0.005484 0.005785 -0.000034 0.999968 
1683210875385 -0.005509 0.005805 -0.000034 0.999968 
1683230711811 -0.005504 0.005818 -0.000034 0.999968 
1683250548237 -0.005487 0.005801 -0.000034 0.999968 
1683270354145 -0.005518 0.005838 -0.000034 0.999968 
1683290160053 -0.005488 0.005805 -0.000034 0.999968 
1683309996479 -0.005503 0.005828 -0.000034 0.999968 
1683329802387 -0.005509 0.005842 -0.000033 0.999968 
1683349608295 -0.005496 0.005817 -0.000034 0.999968 
1683369444721 -0.005514 0.005841 -0.000034 0.999968 
1683389250629 -0.005491 0.005814 -0.000034 0.999968 
1683409056537 -0.005508 0.005815 -0.000034 0.999968 
1683428892963 -0.005513 0.005825 -0.000034 0.999968 
1683448698871 -0.005480 0.005796 -0.000034 0.999968 
1683468504780 -0.005512 0.005833 -0.000034 0.999968 
1683488341205 -0.005494 0.005809 -0.000034 0.999968 
1683508147114 -0.005491 0.005806 -0.000034 0.999968 
1683527983539 -0.005511 0.005822 -0.000034 0.999968 
1683547819965 -0.005492 0.005792 -0.000034 0.999968 
1683567625873 -0.005521 0.005817 -0.000034 0.999968 
1683587431782 -0.005505 0.005797 -0.000034 0.999968 
1683607268207 -0.005500 0.005779 -0.000034 0.999968 
1683627074116 -0.005522 0.005808 -0.000034 0.999968 
1683646880024 -0.005490 0.005776 -0.000034 0.999968 
1683666716450 -0.005517 0.005801 -0.000034 0.999968 
1683686522358 -0.005490 0.005794 -0.000034 0.999968 
1683706328266 -0.005475 0.005800 -0.000033 0.999968 
1683726164692 -0.005497 0.005829 -0.000033 0.999968 
1683745970600 -0.005465 0.005797 -0.000033 0.999968 
1683765807026 -0.005504 0.005832 -0.000034 0.999968 
1683785612934 -0.005507 0.005842 -0.000033 0.999968 
1683805449360 -0.005491 0.005827 -0.000033 0.999968 
1683825285785 -0.005507 0.005861 -0.000033 0.999968 
1683845091694 -0.005479 0.005831 -0.000033 0.999968 
1683864897602 -0.005487 0.005838 -0.000033 0.999968 
1683884734028 -0.005487 0.005842 -0.000033 0.999968 
1683904539936 -0.005448 0.005816 -0.000033 0.999968 
1683924345844 -0.005469 0.005856 -0.000033 0.999968 
1683944182270 -0.005443 0.005815 -0.000033 0.999968 
1683963988178 -0.005451 0.005821 -0.000033 0.999968 
1683983794086 -0.005446 0.005839 -0.000033 0.999968 
1684003630512 -0.005173 0.005762 -0.000118 0.999970 
1684023436420 -0.005294 0.005847 -0.000118 0.999969 
1684043242328 -0.005489 0.005887 -0.000119 0.999968 
1684063078754 -0.005375 0.005713 -0.000119 0.999969 
1684082915180 -0.005463 0.005791 -0.000119 0.999968 
1684102721088 -0.005594 0.005924 -0.000120 0.999967 
1684122557514 -0.005587 0.005906 -0.000120 0.999967 
1684142363422 -0.005603 0.005940 -0.000120 0.999967 
1684162169330 -0.005521 0.005840 -0.000119 0.999968 
1684182005756 -0.005478 0.005827 -0.000119 0.999968 
1684201811664 -0.005630 0.005980 -0.000120 0.999966 
1684221617573 -0.005585 0.005946 -0.000119 0.999967 
1684241453998 -0.005599 0.005979 -0.000119 0.999966 
1684261259907 -0.005574 0.005975 -0.000119 0.999967 
1684281065815 -0.005580 0.005967 -0.000119 0.999967 
1684300902241 -0.005605 0.005998 -0.000119 0.999966 
1684320708149 -0.005591 0.005983 -0.000119 0.999967 
1684340514057 -0.005602 0.006013 -0.000119 0.999966 
1684360350483 -0.005596 0.006007 -0.000119 0.999966 
1684380186909 -0.005577 0.006004 -0.000119 0.999966 
1684399992817 -0.005572 0.005993 -0.000119 0.999967 
1684419829243 -0.005558 0.005991 -0.000119 0.999967 
1684439635151 -0.005561 0.005997 -0.000119 0.999967 
1684459441059 -0.005536 0.006014 -0.000119 0.999967 
1684479277485 -0.005536 0.006020 -0.000119 0.999967 
1684499083393 -0.005544 0.006025 -0.000119 0.999967 
1684518889301 -0.005539 0.006010 -0.000119 0.999967 
1684538725727 -0.005534 0.006007 -0.000119 0.999967 
