# Created at Tue Jun 01 15:51:16 GMT+02:00 2021 in Burnaby Canada 
1678494109028 -0.109828 -0.105831 9.805464 
1678513914936 -0.109685 -0.105698 9.805467 
1678533720844 -0.109785 -0.105955 9.805463 
1678553557270 -0.109881 -0.106128 9.805460 
1678573363178 -0.109897 -0.106299 9.805458 
1678593169086 -0.110298 -0.106619 9.805450 
1678613005512 -0.110138 -0.106930 9.805449 
1678632811420 -0.109903 -0.106996 9.805451 
1678652647846 -0.109753 -0.106980 9.805452 
1678672484272 -0.109993 -0.107045 9.805449 
1678692290180 -0.110227 -0.107341 9.805442 
1678712126606 -0.110456 -0.107314 9.805441 
1678731932514 -0.110594 -0.107443 9.805438 
1678751738422 -0.110580 -0.107411 9.805438 
1678771574848 -0.110713 -0.107315 9.805438 
1678791380756 -0.111007 -0.107449 9.805433 
1678811186664 -0.110823 -0.107652 9.805433 
1678831023090 -0.110803 -0.107694 9.805433 
1678850828998 -0.110779 -0.107579 9.805434 
1678870634907 -0.110832 -0.107863 9.805430 
1678890471332 -0.110580 -0.107898 9.805433 
1678910277241 -0.110803 -0.107856 9.805431 
1678930083149 -0.110630 -0.107584 9.805436 
1678949919575 -0.110619 -0.107863 9.805433 
1678969756000 -0.110535 -0.107900 9.805433 
1678989561909 -0.110293 -0.108019 9.805435 
1679009398334 -0.110454 -0.108370 9.805429 
1679029204243 -0.110378 -0.108240 9.805430 
1679049010151 -0.110223 -0.108192 9.805434 
1679068846577 -0.110309 -0.107687 9.805439 
1679088652485 -0.110384 -0.107576 9.805438 
1679108458393 -0.110702 -0.107635 9.805434 
1679128294819 -0.110766 -0.106908 9.805443 
1679148100727 -0.110684 -0.106526 9.805447 
1679167906635 -0.111149 -0.106697 9.805440 
1679187743061 -0.111442 -0.106546 9.805438 
1679207548969 -0.111727 -0.106335 9.805437 
1679227385395 -0.111682 -0.106440 9.805437 
1679247221821 -0.111878 -0.106374 9.805435 
1679267027729 -0.112152 -0.106387 9.805431 
1679286833637 -0.112484 -0.106008 9.805432 
1679306670063 -0.112492 -0.106435 9.805427 
1679326475971 -0.112733 -0.106461 9.805425 
1679346281879 -0.113051 -0.106627 9.805418 
1679366118305 -0.112969 -0.106322 9.805423 
1679385924213 -0.112965 -0.106503 9.805421 
1679405760639 -0.112805 -0.106521 9.805423 
1679425566547 -0.112887 -0.106618 9.805421 
1679445372455 -0.113196 -0.106632 9.805417 
1679465208881 -0.113104 -0.106565 9.805419 
1679485014789 -0.113032 -0.106586 9.805420 
1679504851215 -0.113044 -0.106290 9.805423 
1679524657123 -0.114241 -0.107757 9.805392 
1679544493549 -0.114670 -0.108426 9.805380 
1679564299457 -0.110902 -0.104971 9.805461 
1679584105366 -0.115134 -0.108330 9.805376 
1679603941791 -0.113860 -0.107868 9.805395 
1679623747700 -0.110520 -0.104824 9.805467 
1679643584125 -0.113941 -0.106821 9.805407 
1679663390034 -0.114790 -0.108026 9.805384 
1679683195942 -0.110998 -0.104428 9.805467 
1679703032368 -0.113204 -0.106568 9.805418 
1679722838276 -0.114796 -0.108644 9.805377 
1679742644184 -0.110467 -0.104791 9.805468 
1679762480610 -0.112300 -0.106535 9.805428 
1679782286518 -0.114309 -0.109090 9.805377 
1679802122944 -0.113613 -0.108252 9.805395 
1679821959369 -0.113602 -0.108095 9.805397 
1679841765278 -0.114105 -0.108734 9.805385 
1679861571186 -0.113430 -0.108655 9.805391 
1679881407612 -0.114010 -0.109063 9.805382 
1679901213520 -0.114289 -0.109031 9.805378 
1679921019428 -0.113792 -0.108560 9.805388 
1679940855854 -0.114506 -0.109092 9.805375 
1679960661762 -0.114258 -0.108800 9.805381 
1679980467670 -0.114250 -0.108607 9.805384 
1680000304096 -0.115082 -0.108622 9.805373 
1680020110004 -0.114418 -0.108042 9.805388 
1680039915912 -0.114796 -0.108151 9.805383 
1680059752338 -0.115226 -0.108463 9.805373 
1680079588764 -0.114807 -0.107832 9.805385 
1680099394672 -0.115428 -0.108027 9.805376 
1680119231098 -0.115278 -0.107700 9.805381 
1680139037006 -0.115094 -0.107194 9.805388 
1680158842914 -0.116039 -0.107773 9.805371 
1680178679340 -0.115567 -0.107338 9.805382 
1680198485248 -0.115319 -0.106778 9.805391 
1680218291157 -0.116162 -0.107055 9.805377 
1680238127582 -0.115480 -0.106421 9.805392 
1680257933491 -0.115938 -0.106971 9.805381 
1680277769916 -0.116203 -0.107099 9.805377 
1680297575825 -0.115469 -0.106795 9.805389 
1680317381733 -0.116412 -0.107335 9.805372 
1680337218159 -0.116036 -0.106540 9.805386 
1680357024067 -0.115795 -0.106337 9.805389 
1680376860493 -0.116208 -0.106618 9.805382 
1680396696918 -0.116003 -0.106236 9.805388 
1680416502827 -0.115689 -0.106169 9.805392 
1680436308735 -0.116525 -0.106325 9.805382 
1680456145160 -0.116184 -0.106236 9.805386 
1680475951069 -0.116687 -0.106545 9.805377 
1680495756977 -0.115612 -0.106017 9.805395 
1680515593403 -0.114896 -0.105787 9.805406 
1680535399311 -0.115310 -0.106319 9.805396 
1680555205219 -0.115151 -0.105931 9.805402 
1680575011127 -0.116311 -0.106889 9.805378 
1680594847553 -0.117324 -0.107511 9.805360 
1680614653461 -0.117461 -0.107653 9.805356 
1680634489887 -0.118426 -0.108458 9.805335 
1680654326313 -0.117966 -0.108335 9.805342 
1680674132221 -0.117970 -0.108664 9.805339 
1680693968647 -0.118819 -0.109361 9.805321 
1680713774555 -0.118377 -0.108733 9.805332 
1680733580463 -0.118867 -0.109239 9.805322 
1680753416889 -0.118542 -0.109088 9.805326 
1680773222797 -0.117275 -0.108353 9.805349 
1680793028705 -0.118013 -0.108933 9.805336 
1680812865131 -0.118245 -0.108975 9.805332 
1680832671039 -0.118157 -0.109198 9.805331 
1680852476948 -0.118195 -0.109825 9.805324 
1680872313373 -0.117781 -0.109677 9.805329 
1680892119282 -0.117666 -0.109610 9.805331 
1680911925190 -0.118192 -0.109742 9.805325 
1680931761616 -0.117599 -0.109359 9.805336 
1680951598041 -0.117788 -0.109705 9.805328 
1680971403950 -0.117460 -0.109357 9.805338 
1680991240375 -0.118284 -0.109933 9.805321 
1681011046284 -0.118887 -0.110447 9.805307 
1681030852192 -0.118027 -0.109858 9.805325 
1681050688618 -0.118472 -0.110332 9.805314 
1681070494526 -0.118597 -0.110315 9.805312 
1681090330952 -0.118526 -0.110278 9.805314 
1681110136860 -0.118440 -0.110324 9.805314 
1681129942768 -0.117787 -0.109475 9.805331 
1681149779194 -0.118698 -0.110182 9.805313 
1681169585102 -0.118710 -0.110087 9.805314 
1681189391010 -0.117219 -0.109287 9.805341 
1681209227436 -0.117221 -0.109402 9.805340 
1681229063862 -0.117033 -0.109061 9.805345 
1681248869770 -0.117364 -0.109231 9.805340 
1681268706196 -0.117712 -0.109704 9.805329 
1681288512104 -0.116816 -0.109054 9.805347 
1681308318012 -0.117189 -0.109497 9.805339 
1681328154438 -0.117239 -0.109416 9.805339 
1681347960346 -0.116584 -0.109029 9.805351 
1681367766254 -0.117273 -0.109850 9.805334 
1681387602680 -0.116897 -0.109516 9.805342 
1681407408588 -0.116990 -0.109637 9.805340 
1681427214496 -0.117335 -0.109891 9.805333 
1681447050922 -0.116534 -0.109536 9.805346 
1681466856830 -0.116971 -0.110326 9.805332 
1681486662739 -0.116805 -0.109751 9.805341 
1681506499164 -0.116667 -0.109393 9.805346 
1681526335590 -0.117487 -0.109892 9.805331 
1681546141498 -0.116594 -0.109218 9.805349 
1681565977924 -0.117417 -0.109775 9.805333 
1681585783832 -0.117551 -0.109766 9.805331 
1681605589741 -0.117143 -0.109340 9.805341 
1681625426166 -0.118090 -0.109908 9.805324 
1681645232075 -0.117450 -0.109347 9.805337 
1681665037983 -0.117763 -0.109455 9.805332 
1681684874409 -0.117928 -0.109490 9.805329 
1681704680317 -0.117304 -0.108899 9.805344 
1681724486225 -0.118000 -0.109713 9.805326 
1681744322651 -0.117341 -0.109385 9.805338 
1681764128559 -0.117114 -0.109468 9.805340 
1681783934467 -0.117254 -0.109713 9.805335 
1681803770893 -0.116326 -0.108806 9.805356 
1681823607319 -0.117340 -0.109376 9.805339 
1681843413227 -0.117798 -0.109666 9.805329 
1681863249653 -0.117090 -0.108959 9.805346 
1681883055561 -0.117314 -0.108831 9.805345 
1681902861469 -0.117035 -0.108397 9.805352 
1681922697895 -0.116716 -0.108159 9.805360 
1681942503803 -0.117729 -0.108780 9.805341 
1681962309711 -0.116817 -0.108375 9.805355 
1681982146137 -0.117452 -0.108878 9.805343 
1682001952045 -0.117242 -0.108712 9.805346 
1682021757953 -0.116930 -0.108403 9.805354 
1682041594379 -0.117606 -0.108731 9.805343 
1682061400287 -0.116713 -0.108092 9.805360 
1682081236713 -0.116688 -0.108304 9.805358 
1682101073139 -0.116971 -0.108495 9.805352 
1682120879047 -0.116434 -0.108454 9.805359 
1682140684955 -0.117132 -0.109024 9.805346 
1682160521381 -0.116403 -0.108613 9.805358 
1682180327289 -0.116600 -0.108806 9.805354 
1682200133198 -0.116795 -0.108526 9.805354 
1682219969623 -0.116177 -0.107904 9.805368 
1682239775532 -0.116849 -0.108436 9.805354 
1682259581440 -0.116518 -0.108190 9.805361 
1682279417866 -0.116249 -0.108001 9.805367 
1682299223774 -0.116441 -0.108069 9.805364 
1682319060200 -0.115976 -0.107470 9.805375 
1682338866108 -0.116854 -0.108223 9.805357 
1682358672016 -0.116900 -0.108097 9.805358 
1682378508442 -0.116384 -0.107814 9.805367 
1682398344868 -0.116922 -0.108659 9.805351 
1682418150776 -0.116394 -0.108192 9.805363 
1682437987202 -0.116415 -0.108244 9.805362 
1682457793110 -0.116894 -0.108356 9.805355 
1682477599018 -0.116335 -0.107747 9.805368 
1682497435444 -0.116786 -0.108602 9.805353 
1682517241352 -0.116372 -0.108242 9.805363 
1682537047260 -0.116248 -0.108376 9.805363 
1682556883686 -0.116552 -0.108560 9.805356 
1682576689594 -0.115898 -0.107954 9.805371 
1682596495502 -0.116486 -0.108365 9.805359 
1682616331928 -0.116862 -0.108359 9.805355 
1682636137836 -0.115700 -0.107916 9.805373 
1682655974262 -0.115943 -0.108583 9.805365 
1682675810688 -0.115398 -0.108292 9.805373 
1682695616596 -0.115461 -0.108417 9.805370 
1682715422504 -0.115661 -0.108665 9.805366 
1682735258930 -0.115072 -0.108317 9.805377 
1682755064838 -0.115791 -0.108907 9.805362 
1682774870746 -0.115318 -0.108489 9.805372 
1682794707172 -0.115282 -0.108507 9.805372 
1682814513080 -0.115741 -0.108609 9.805366 
1682834318989 -0.115129 -0.108011 9.805380 
1682854155414 -0.115809 -0.108605 9.805365 
1682873961323 -0.115600 -0.108234 9.805371 
1682893797748 -0.115530 -0.108191 9.805373 
1682913603657 -0.116023 -0.108540 9.805364 
1682933409565 -0.115434 -0.108169 9.805374 
1682953245991 -0.115850 -0.108653 9.805364 
1682973082416 -0.115588 -0.108513 9.805369 
1682992888325 -0.115204 -0.108095 9.805378 
1683012724750 -0.115690 -0.108702 9.805365 
1683032530659 -0.114640 -0.107712 9.805389 
1683052336567 -0.114140 -0.107524 9.805396 
1683072172993 -0.114619 -0.107640 9.805390 
1683091978901 -0.113787 -0.107036 9.805406 
1683111784809 -0.114239 -0.107846 9.805392 
1683131621235 -0.113875 -0.107577 9.805398 
1683151427143 -0.113765 -0.107500 9.805401 
1683171233051 -0.114091 -0.107960 9.805392 
1683191069477 -0.113450 -0.107561 9.805404 
1683210875385 -0.113852 -0.108047 9.805394 
1683230711811 -0.114106 -0.107948 9.805392 
1683250548237 -0.113775 -0.107620 9.805399 
1683270354145 -0.114490 -0.108220 9.805385 
1683290160053 -0.113839 -0.107633 9.805398 
1683309996479 -0.114291 -0.107923 9.805390 
1683329802387 -0.114564 -0.108053 9.805387 
1683349608295 -0.114076 -0.107791 9.805394 
1683369444721 -0.114551 -0.108143 9.805385 
1683389250629 -0.114025 -0.107692 9.805396 
1683409056537 -0.114044 -0.108026 9.805392 
1683428892963 -0.114248 -0.108129 9.805388 
1683448698871 -0.113665 -0.107488 9.805402 
1683468504780 -0.114399 -0.108108 9.805387 
1683488341205 -0.113925 -0.107751 9.805396 
1683508147114 -0.113874 -0.107698 9.805398 
1683527983539 -0.114178 -0.108082 9.805389 
1683547819965 -0.113599 -0.107715 9.805401 
1683567625873 -0.114085 -0.108285 9.805388 
1683587431782 -0.113698 -0.107977 9.805396 
1683607268207 -0.113337 -0.107875 9.805402 
1683627074116 -0.113913 -0.108308 9.805390 
1683646880024 -0.113287 -0.107677 9.805405 
1683666716450 -0.113765 -0.108209 9.805393 
1683686522358 -0.113628 -0.107681 9.805400 
1683706328266 -0.113752 -0.107385 9.805403 
1683726164692 -0.114316 -0.107806 9.805391 
1683745970600 -0.113688 -0.107189 9.805406 
1683765807026 -0.114375 -0.107950 9.805389 
1683785612934 -0.114580 -0.108015 9.805386 
1683805449360 -0.114284 -0.107695 9.805393 
1683825285785 -0.114954 -0.108008 9.805382 
1683845091694 -0.114355 -0.107453 9.805394 
1683864897602 -0.114497 -0.107620 9.805391 
1683884734028 -0.114581 -0.107614 9.805390 
1683904539936 -0.114054 -0.106861 9.805405 
1683924345844 -0.114840 -0.107263 9.805391 
1683944182270 -0.114050 -0.106752 9.805406 
1683963988178 -0.114168 -0.106910 9.805403 
1683983794086 -0.114509 -0.106813 9.805400 
1684003630512 -0.112998 -0.101477 9.805474 
1684023436420 -0.114655 -0.103842 9.805430 
1684043242328 -0.115444 -0.107659 9.805379 
1684063078754 -0.112032 -0.105441 9.805444 
1684082915180 -0.113555 -0.107149 9.805407 
1684102721088 -0.116170 -0.109722 9.805347 
1684122557514 -0.115813 -0.109585 9.805354 
1684142363422 -0.116486 -0.109912 9.805343 
1684162169330 -0.114515 -0.108293 9.805385 
1684182005756 -0.114268 -0.107444 9.805396 
1684201811664 -0.117271 -0.110435 9.805326 
1684221617573 -0.116602 -0.109550 9.805346 
1684241453998 -0.117258 -0.109828 9.805334 
1684261259907 -0.117174 -0.109343 9.805340 
1684281065815 -0.117006 -0.109462 9.805342 
1684300902241 -0.117623 -0.109934 9.805329 
1684320708149 -0.117322 -0.109677 9.805334 
1684340514057 -0.117927 -0.109880 9.805326 
1684360350483 -0.117791 -0.109762 9.805328 
1684380186909 -0.117741 -0.109401 9.805332 
1684399992817 -0.117526 -0.109289 9.805337 
1684419829243 -0.117479 -0.109023 9.805341 
1684439635151 -0.117594 -0.109086 9.805338 
1684459441059 -0.117946 -0.108599 9.805340 
1684479277485 -0.118048 -0.108592 9.805339 
1684499083393 -0.118154 -0.108738 9.805336 
1684518889301 -0.117858 -0.108645 9.805340 
1684538725727 -0.117801 -0.108556 9.805342 
