# Created at Tue Jun 08 20:09:35 GMT+02:00 2021 in Copenhagen 
16131738456902, -43.647766, -53.036499, -96.890259 
16131758323845, -43.647766, -53.036499, -96.890259 
16131778221306, -43.649292, -52.885437, -96.891785 
16131798118767, -43.647766, -53.036499, -96.890259 
16131817985710, -43.647766, -53.036499, -96.890259 
16131837852653, -43.649292, -52.734375, -96.891785 
16131857719597, -43.652344, -52.134705, -96.894836 
16131877617058, -43.954468, -51.982117, -96.896362 
16131897484001, -43.954468, -52.131653, -97.193909 
16131917350944, -43.955994, -52.130127, -97.790527 
16131937217888, -43.957520, -52.127075, -98.388672 
16131957084831, -44.107056, -52.127075, -98.388672 
16131976982292, -44.258118, -52.127075, -98.237610 
16131996849235, -44.258118, -52.127075, -98.237610 
16132016716179, -44.107056, -52.128601, -98.237610 
16132036583122, -44.107056, -52.128601, -98.237610 
16132056450066, -44.105530, -52.278137, -98.236084 
16132076378044, -44.105530, -52.278137, -98.236084 
16132096244987, -44.105530, -52.278137, -98.236084 
16132116111931, -44.104004, -52.279663, -97.789001 
16132135978874, -43.954468, -52.430725, -97.491455 
16132155845818, -43.952942, -52.430725, -97.341919 
16132175712761, -43.952942, -52.432251, -96.894836 
16132195610222, -43.952942, -52.432251, -96.894836 
16132215477165, -43.952942, -52.430725, -97.192383 
16132235344109, -43.951416, -52.731323, -97.190857 
16132255211052, -43.649292, -52.732849, -97.189331 
16132275077995, -43.650818, -52.432251, -97.190857 
16132294975456, -43.650818, -52.432251, -97.190857 
16132314842400, -43.650818, -52.432251, -97.340393 
16132334709343, -43.650818, -52.432251, -97.340393 
16132354576286, -43.650818, -52.432251, -97.340393 
16132374473747, -43.649292, -52.732849, -97.338867 
16132394371208, -43.649292, -52.732849, -97.338867 
16132414238152, -43.649292, -52.732849, -97.189331 
16132434105095, -43.649292, -52.732849, -97.189331 
16132453972038, -43.499756, -52.734375, -97.189331 
16132473869499, -43.499756, -52.885437, -97.189331 
16132493736443, -43.649292, -52.883911, -97.189331 
16132513572868, -43.649292, -52.883911, -97.189331 
16132533439812, -43.649292, -52.883911, -97.189331 
16132553306755, -43.649292, -52.883911, -97.189331 
16132573204216, -43.649292, -52.883911, -97.189331 
16132593071159, -43.649292, -52.883911, -97.189331 
16132612938103, -43.951416, -52.882385, -97.190857 
16132632805046, -43.951416, -52.882385, -97.340393 
16132652702507, -44.100952, -52.882385, -97.340393 
16132672630485, -43.501282, -52.433777, -97.340393 
16132692497429, -43.501282, -52.433777, -97.340393 
16132712364372, -43.952942, -52.430725, -97.341919 
16132732231316, -43.952942, -52.430725, -97.341919 
16132752098259, -43.952942, -52.430725, -97.341919 
16132771995720, -43.952942, -52.430725, -97.192383 
16132791862663, -43.952942, -52.430725, -97.192383 
16132811729607, -43.952942, -52.430725, -97.192383 
16132831596550, -43.951416, -52.882385, -97.190857 
16132851463493, -43.951416, -52.882385, -97.190857 
16132871330437, -43.951416, -52.731323, -97.190857 
16132891227898, -43.951416, -52.731323, -97.190857 
16132911094841, -43.951416, -52.731323, -97.190857 
16132930992302, -43.951416, -52.731323, -97.340393 
16132950859245, -43.951416, -52.731323, -97.340393 
16132970726189, -43.951416, -52.731323, -97.340393 
16132990623650, -43.649292, -52.732849, -97.338867 
16133010490593, -43.649292, -52.732849, -97.338867 
16133030357536, -43.649292, -52.732849, -97.338867 
16133050224480, -43.951416, -52.882385, -97.340393 
16133070091423, -43.949890, -53.182983, -97.189331 
16133089988884, -43.951416, -52.883911, -96.893311 
16133109855827, -43.949890, -53.182983, -97.189331 
16133129722771, -43.948364, -53.332520, -97.338867 
16133149589714, -43.948364, -53.332520, -97.338867 
16133169456657, -43.948364, -53.332520, -97.189331 
16133189354118, -43.948364, -53.332520, -97.189331 
16133209221062, -43.948364, -53.332520, -97.189331 
16133229118523, -43.948364, -53.332520, -97.189331 
16133248985466, -43.948364, -53.332520, -97.189331 
16133268852409, -43.949890, -53.182983, -97.189331 
16133288749870, -43.951416, -52.882385, -97.190857 
16133308616814, -43.951416, -52.882385, -97.190857 
16133328483757, -44.100952, -52.882385, -97.190857 
16133348350700, -44.100952, -52.882385, -97.190857 
16133368217644, -44.100952, -52.882385, -97.190857 
16133388115105, -44.100952, -52.882385, -97.190857 
16133407982048, -44.100952, -52.882385, -97.190857 
16133427848991, -44.100952, -52.882385, -97.190857 
16133447715935, -44.100952, -52.882385, -97.190857 
16133467613396, -44.100952, -52.882385, -97.190857 
16133487480339, -44.102478, -52.882385, -97.489929 
16133507377800, -44.102478, -52.731323, -97.489929 
16133527244743, -44.102478, -52.731323, -97.489929 
16133547111687, -44.102478, -52.731323, -97.489929 
16133567009148, -44.102478, -52.731323, -97.489929 
16133586876091, -44.102478, -52.731323, -97.489929 
16133606743034, -44.102478, -52.731323, -97.489929 
16133626609978, -44.102478, -52.731323, -97.489929 
16133646507439, -44.102478, -52.882385, -97.489929 
16133666374382, -44.102478, -52.731323, -97.489929 
16133686241325, -44.100952, -52.731323, -97.340393 
16133706108269, -44.100952, -52.731323, -97.340393 
16133725975212, -44.100952, -52.731323, -97.340393 
16133745872673, -44.100952, -52.731323, -97.340393 
16133765739616, -44.100952, -52.731323, -97.340393 
16133785637077, -44.100952, -52.731323, -97.340393 
16133805504021, -44.100952, -52.731323, -97.340393 
16133825401482, -44.100952, -52.731323, -97.340393 
16133845268425, -44.102478, -52.430725, -97.341919 
16133865135368, -44.102478, -52.281189, -97.341919 
16133885002312, -44.107056, -51.829529, -97.642517 
16133904869255, -44.105530, -51.979065, -97.640991 
16133924766716, -44.105530, -51.979065, -97.640991 
16133944633659, -44.105530, -52.130127, -97.640991 
16133964500603, -44.105530, -52.130127, -97.640991 
16133984367546, -44.105530, -52.130127, -97.640991 
16134004234489, -44.105530, -52.130127, -97.640991 
16134024131950, -44.255066, -52.427673, -97.639465 
16134043998894, -44.705200, -52.877808, -97.639465 
16134063865837, -44.253540, -52.880859, -97.489929 
16134083763298, -44.250488, -53.031921, -97.338867 
16134103630241, -44.250488, -53.031921, -97.189331 
16134123527702, -44.250488, -53.031921, -97.189331 
16134143394646, -44.250488, -53.031921, -97.189331 
16134163261589, -44.250488, -53.031921, -97.189331 
16134183128532, -44.250488, -53.031921, -97.189331 
16134202995476, -44.552612, -52.880859, -97.192383 
16134222892937, -44.552612, -52.880859, -97.192383 
16134242759880, -44.252014, -52.729797, -97.190857 
16134262626823, -44.252014, -52.729797, -97.190857 
16134282493767, -44.253540, -52.429199, -97.192383 
16134302360710, -44.252014, -52.729797, -97.190857 
16134322227653, -44.252014, -52.729797, -97.190857 
16134342125114, -43.951416, -52.731323, -97.190857 
16134362022575, -44.252014, -52.729797, -97.190857 
16134381889519, -43.951416, -52.882385, -97.340393 
16134401756462, -43.647766, -53.184509, -97.187805 
16134421653923, -43.647766, -53.184509, -97.187805 
16134441520866, -43.647766, -53.184509, -97.187805 
16134461387810, -43.647766, -53.184509, -97.187805 
16134481254753, -43.647766, -53.184509, -97.337341 
16134501121696, -43.647766, -53.184509, -97.337341 
16134520988640, -43.647766, -53.184509, -97.337341 
16134540886101, -43.647766, -53.034973, -97.337341 
16134560753044, -43.650818, -52.432251, -97.190857 
16134580619987, -43.650818, -52.432251, -97.190857 
16134600486931, -43.649292, -52.732849, -97.189331 
16134620353874, -43.649292, -52.732849, -97.189331 
16134640251335, -43.649292, -52.732849, -97.189331 
16134660148796, -43.649292, -52.732849, -97.189331 
16134680015739, -43.649292, -52.732849, -97.189331 
16134699882683, -43.649292, -52.732849, -97.189331 
16134719749626, -43.501282, -52.433777, -97.190857 
16134739616569, -43.650818, -52.432251, -97.190857 
16134759514030, -43.649292, -52.732849, -97.189331 
16134779380974, -43.951416, -52.731323, -97.340393 
16134799247917, -43.951416, -52.731323, -97.340393 
16134819114860, -43.952942, -52.731323, -97.489929 
16134838981804, -44.705200, -52.728271, -97.491455 
16134858848747, -44.705200, -52.728271, -97.491455 
16134878746208, -44.102478, -52.882385, -97.489929 
16134898613152, -44.100952, -52.882385, -97.340393 
16134918480095, -44.100952, -52.882385, -97.340393 
16134938377556, -44.100952, -52.882385, -97.340393 
16134958244499, -44.100952, -52.882385, -97.340393 
16134978111443, -43.951416, -52.882385, -97.340393 
16134998008903, -43.951416, -52.882385, -97.340393 
16135017875847, -43.951416, -52.882385, -97.340393 
16135037742790, -43.951416, -52.882385, -97.340393 
16135057609734, -43.951416, -52.882385, -97.340393 
16135077476677, -43.951416, -52.882385, -97.340393 
16135097343620, -43.951416, -52.882385, -97.340393 
16135117241081, -43.951416, -52.882385, -97.340393 
16135137108025, -44.100952, -52.882385, -97.340393 
16135156974968, -44.100952, -52.882385, -97.340393 
16135176841911, -44.252014, -52.880859, -97.340393 
16135196708855, -44.252014, -52.880859, -97.340393 
16135216636833, -44.252014, -52.880859, -97.340393 
16135236503777, -44.100952, -52.882385, -97.340393 
16135256370720, -44.100952, -52.882385, -97.190857 
16135276237663, -44.100952, -52.882385, -97.190857 
16135296104607, -44.100952, -52.882385, -97.190857 
16135316002068, -43.499756, -52.885437, -97.189331 
16135335869011, -43.649292, -52.883911, -97.189331 
16135355735954, -43.649292, -52.883911, -97.189331 
16135375602898, -43.649292, -52.883911, -97.189331 
16135395469841, -43.649292, -52.883911, -97.189331 
16135415336784, -43.649292, -52.883911, -97.189331 
16135435234245, -43.649292, -52.883911, -97.189331 
16135455101189, -44.252014, -52.880859, -97.190857 
16135474968132, -44.099426, -53.033447, -97.189331 
16135494835075, -44.099426, -53.033447, -97.189331 
16135514732536, -44.250488, -53.031921, -97.189331 
16135534629997, -44.250488, -53.031921, -97.189331 
16135554496941, -44.250488, -53.031921, -97.189331 
16135574363884, -44.250488, -53.031921, -97.189331 
16135594230827, -44.250488, -53.031921, -97.338867 
16135614097771, -44.253540, -52.429199, -97.341919 
16135633995232, -44.258118, -51.377869, -97.346497 
16135653862175, -44.256592, -51.829529, -97.344971 
16135673729118, -44.255066, -52.130127, -97.193909 
16135693596062, -44.255066, -52.130127, -97.193909 
16135713463005, -44.255066, -52.130127, -97.343445 
16135733360466, -44.255066, -52.130127, -97.343445 
16135753227409, -44.253540, -52.279663, -97.341919 
16135773094353, -44.253540, -52.279663, -97.341919 
16135792991814, -44.253540, -52.279663, -97.341919 
16135812858757, -44.253540, -52.279663, -97.341919 
16135832756218, -44.253540, -52.279663, -97.341919 
16135852623161, -44.253540, -52.429199, -97.341919 
16135872490105, -44.253540, -52.429199, -97.341919 
16135892357048, -44.253540, -52.429199, -97.341919 
16135912223991, -44.253540, -52.429199, -97.341919 
16135932121452, -44.252014, -52.729797, -97.340393 
16135951988396, -44.252014, -52.729797, -97.190857 
16135971855339, -44.252014, -52.729797, -97.190857 
16135991722282, -44.248962, -53.480530, -97.187805 
16136011589226, -44.248962, -53.480530, -97.187805 
16136031486687, -44.248962, -53.480530, -97.187805 
16136051353630, -44.248962, -53.480530, -97.187805 
16136071220573, -44.097900, -53.482056, -97.187805 
16136091118034, -44.097900, -53.482056, -97.187805 
16136110984978, -44.097900, -53.482056, -97.337341 
16136130882439, -44.097900, -53.332520, -97.338867 
16136150749382, -44.100952, -52.882385, -97.340393 
16136170616325, -44.252014, -52.880859, -97.340393 
16136190483269, -44.252014, -52.880859, -97.340393 
16136210350212, -44.252014, -52.880859, -97.340393 
16136230217155, -44.703674, -52.879333, -97.341919 
16136250114616, -44.703674, -52.879333, -97.341919 
16136269981560, -44.703674, -52.728271, -97.341919 
16136289848503, -44.703674, -52.728271, -97.341919 
16136309715446, -44.703674, -52.879333, -97.341919 
16136329582390, -44.703674, -52.879333, -97.341919 
16136349479851, -44.703674, -52.879333, -97.341919 
16136369377312, -44.552612, -52.880859, -97.341919 
16136389244255, -43.649292, -52.883911, -97.338867 
16136409111198, -44.100952, -52.882385, -97.340393 
16136428978142, -44.100952, -52.882385, -97.340393 
16136448875603, -43.952942, -52.430725, -97.341919 
16136468742546, -43.952942, -52.430725, -97.341919 
16136488640007, -43.948364, -53.332520, -97.338867 
16136508506950, -43.951416, -52.731323, -97.340393 
16136528373894, -43.951416, -52.731323, -97.340393 
16136548271355, -43.952942, -52.430725, -97.341919 
16136568138298, -43.952942, -52.430725, -97.341919 
16136588005241, -43.952942, -52.430725, -97.192383 
16136607872185, -43.650818, -52.432251, -97.190857 
16136627769646, -43.650818, -52.432251, -97.190857 
16136647636589, -43.649292, -52.732849, -97.189331 
16136667503532, -43.647766, -53.184509, -97.187805 
16136687370476, -43.647766, -53.184509, -97.187805 
16136707267937, -43.647766, -53.184509, -97.187805 
16136727134880, -43.647766, -53.184509, -97.187805 
16136747001823, -43.647766, -53.184509, -97.187805 
16136766868767, -43.647766, -53.034973, -97.187805 
16136786735710, -43.951416, -52.731323, -97.190857 
16136806602653, -43.951416, -52.731323, -97.190857 
16136826469597, -43.949890, -53.182983, -97.189331 
16136846336540, -43.951416, -52.731323, -97.190857 
16136866203484, -43.954468, -52.131653, -97.193909 
16136886100944, -43.954468, -52.131653, -97.193909 
16136905967888, -43.954468, -52.131653, -97.193909 
16136925834831, -43.954468, -52.131653, -97.193909 
16136945732292, -43.954468, -52.133179, -96.896362 
16136965629753, -43.954468, -52.133179, -96.896362 
16136985496696, -43.650818, -52.136230, -96.743774 
16137005394157, -43.650818, -52.136230, -96.743774 
16137025261101, -43.650818, -52.136230, -96.446228 
16137045128044, -43.948364, -53.036499, -96.443176 
16137064994987, -43.946838, -53.335571, -96.443176 
16137084861931, -43.948364, -53.186035, -96.443176 
16137104759392, -43.948364, -53.186035, -96.443176 
16137124626335, -43.948364, -53.186035, -96.592712 
16137144493278, -43.948364, -53.036499, -96.592712 
16137164390739, -43.647766, -53.036499, -96.890259 
16137184257683, -43.647766, -53.036499, -96.890259 
16137204124626, -43.949890, -53.033447, -97.189331 
16137224022087, -43.949890, -53.034973, -96.891785 
16137243919548, -43.949890, -53.034973, -96.891785 
16137263786491, -44.099426, -53.034973, -96.891785 
16137283653435, -44.252014, -52.731323, -96.893311 
16137303520378, -44.552612, -52.731323, -96.894836 
16137323387321, -44.703674, -52.880859, -96.894836 
16137343284782, -44.854736, -52.880859, -96.894836 
16137363151726, -44.854736, -52.880859, -96.894836 
16137383018669, -44.552612, -52.882385, -96.894836 
