# Created at Tue Jun 01 16:19:29 GMT+02:00 2021 in Burnaby Canada 
3371276346296 -0.000656 0.005432 0.011902 
3371296152204 -0.000656 0.005432 0.011902 
3371315958113 -0.000656 0.005432 0.011902 
3371335794538 0.000549 0.005432 0.011902 
3371355600447 -0.000656 0.005432 0.011902 
3371375406355 -0.000656 0.005432 0.011902 
3371395242781 -0.000656 0.004211 0.013123 
3371415079206 -0.000656 0.004211 0.013123 
3371434885115 -0.000656 0.005432 0.011902 
3371454721540 -0.000656 0.004211 0.011902 
3371474527449 -0.001892 0.004211 0.011902 
3371494363874 -0.000656 0.007889 0.010681 
3371514169783 -0.032425 0.009094 0.010681 
3371533975691 0.027435 0.000534 0.010681 
3371553812116 0.000549 0.006653 0.010681 
3371573618025 -0.000656 0.006653 0.010681 
3371593423933 -0.014099 0.009094 0.010681 
3371613260359 -0.018982 0.005432 0.010681 
3371633066267 -0.011658 0.006653 0.010681 
3371652902693 -0.005554 -0.000671 0.011902 
3371672708601 -0.004333 0.010330 0.010681 
3371692514509 -0.001892 0.004211 0.010681 
3371712350935 -0.001892 0.001770 0.010681 
3371732187361 0.021317 0.011536 0.010681 
3371751993269 -0.021423 -0.001907 0.010681 
3371771829695 0.002991 -0.001907 0.011902 
3371791635603 -0.004333 0.007889 0.010681 
3371811441511 -0.000656 0.004211 0.010681 
3371831277937 -0.003113 0.005432 0.010681 
3371851083845 -0.001892 0.009094 0.010681 
3371870920271 -0.004333 0.012772 0.010681 
3371890726179 -0.004333 0.010330 0.010681 
3371910532087 -0.001892 0.004211 0.010681 
3371930368513 -0.000656 0.000534 0.010681 
3371950174421 -0.003113 0.004211 0.010681 
3371969980329 -0.004333 0.009094 0.010681 
3371989816755 0.000549 0.009094 0.011902 
3372009653181 0.000549 0.005432 0.010681 
3372029459089 -0.001892 0.002975 0.011902 
3372049295515 -0.001892 0.004211 0.011902 
3372069101423 0.000549 0.006653 0.011902 
3372088907331 -0.000656 0.007889 0.011902 
3372108743757 -0.003113 0.005432 0.011902 
3372128549665 -0.000656 0.002975 0.011902 
3372148386091 0.000549 0.004211 0.011902 
3372168191999 -0.001892 0.006653 0.011902 
3372187997908 -0.001892 0.007889 0.011902 
3372207834333 0.000549 0.005432 0.011902 
3372227640241 0.000549 0.002975 0.011902 
3372247446150 -0.000656 0.004211 0.011902 
3372267282575 -0.000656 0.006653 0.010681 
3372287119001 0.000549 0.007889 0.011902 
3372306924909 -0.000656 0.005432 0.011902 
3372326761335 -0.000656 0.002975 0.011902 
3372346567243 -0.000656 0.004211 0.011902 
3372366403669 -0.000656 0.006653 0.011902 
3372386209577 -0.001892 0.007889 0.011902 
3372406015486 -0.001892 0.005432 0.011902 
3372425851911 -0.000656 0.004211 0.011902 
3372445657820 0.000549 0.004211 0.013123 
3372465463728 -0.001892 0.005432 0.011902 
3372485300154 -0.001892 0.009094 0.014343 
3372505106062 -0.000656 0.006653 0.011902 
3372524911970 -0.000656 0.004211 0.011902 
3372544748396 -0.000656 0.005432 0.011902 
3372564584822 -0.000656 0.006653 0.011902 
3372584421247 -0.000656 0.006653 0.011902 
3372604227156 -0.000656 0.006653 0.011902 
3372624033064 -0.000656 0.005432 0.010681 
3372643869490 -0.001892 0.005432 0.011902 
3372663675398 -0.003113 0.007889 0.011902 
3372683481306 -0.001892 0.006653 0.011902 
3372703317732 -0.000656 0.005432 0.011902 
3372723123640 -0.000656 0.004211 0.011902 
3372742929548 0.000549 0.004211 0.011902 
3372762765974 -0.001892 0.005432 0.011902 
3372782571882 0.000549 0.002975 0.011902 
3372802408308 0.000549 0.004211 0.011902 
3372822214216 -0.001892 0.005432 0.010681 
3372842050642 -0.001892 0.004211 0.011902 
3372861887068 -0.000656 0.005432 0.011902 
3372881692976 -0.000656 0.006653 0.011902 
3372901498884 -0.000656 0.005432 0.011902 
3372921335310 0.000549 0.004211 0.011902 
3372941141218 -0.000656 0.005432 0.011902 
3372960947126 -0.000656 0.005432 0.011902 
3372980783552 -0.000656 0.005432 0.011902 
3373000589460 -0.000656 0.005432 0.011902 
3373020395368 -0.001892 0.005432 0.011902 
3373040231794 -0.000656 0.004211 0.011902 
3373060037702 -0.000656 0.005432 0.011902 
3373079843611 -0.000656 0.006653 0.010681 
3373099680036 -0.000656 0.006653 0.011902 
3373119485945 -0.000656 0.005432 0.010681 
3373139322370 -0.000656 0.005432 0.010681 
3373159158796 -0.001892 0.005432 0.011902 
3373178964704 -0.001892 0.004211 0.011902 
3373198801130 -0.001892 0.005432 0.011902 
3373218607038 0.000549 0.005432 0.011902 
3373238412947 -0.000656 0.005432 0.011902 
3373258249372 -0.001892 0.004211 0.011902 
3373278055281 -0.000656 0.005432 0.011902 
3373297861189 -0.000656 0.006653 0.011902 
3373317697615 -0.000656 0.005432 0.011902 
3373337503523 -0.001892 0.004211 0.011902 
3373357339949 -0.000656 0.005432 0.011902 
3373377145857 0.000549 0.005432 0.011902 
3373396951765 -0.001892 0.005432 0.011902 
3373416788191 -0.000656 0.005432 0.011902 
3373436624616 -0.000656 0.005432 0.011902 
3373456430525 -0.001892 0.005432 0.011902 
3373476266950 -0.000656 0.006653 0.011902 
3373496072859 -0.000656 0.005432 0.011902 
3373515878767 -0.000656 0.005432 0.011902 
3373535715193 -0.001892 0.005432 0.011902 
3373555521101 -0.000656 0.004211 0.011902 
3373575327009 -0.000656 0.005432 0.011902 
3373595163435 -0.000656 0.004211 0.011902 
3373614969343 -0.001892 0.004211 0.011902 
3373634805769 0.000549 0.005432 0.011902 
3373654611677 0.000549 0.005432 0.011902 
3373674417585 -0.000656 0.005432 0.011902 
3373694254011 -0.000656 0.006653 0.011902 
3373714090437 -0.000656 0.005432 0.011902 
3373733926863 -0.001892 0.005432 0.011902 
3373753732771 -0.000656 0.005432 0.011902 
3373773538679 -0.000656 0.005432 0.011902 
3373793375105 -0.001892 0.005432 0.011902 
3373813181013 -0.000656 0.005432 0.011902 
3373832986921 -0.001892 0.005432 0.010681 
3373852823347 -0.000656 0.005432 0.010681 
3373872629255 -0.000656 0.005432 0.011902 
3373892435163 -0.000656 0.005432 0.011902 
3373912271589 -0.000656 0.006653 0.011902 
3373932077497 -0.000656 0.005432 0.011902 
3373951913923 -0.000656 0.005432 0.011902 
3373971719831 -0.000656 0.005432 0.011902 
3373991556257 0.000549 0.005432 0.011902 
3374011392683 -0.000656 0.005432 0.011902 
3374031198591 -0.000656 0.005432 0.011902 
3374051004499 -0.000656 0.004211 0.011902 
3374070840925 -0.000656 0.005432 0.011902 
3374090646833 0.000549 0.005432 0.011902 
3374110452741 -0.000656 0.005432 0.011902 
3374130289167 -0.000656 0.005432 0.011902 
3374150095075 -0.000656 0.005432 0.011902 
3374169931501 -0.000656 0.004211 0.011902 
3374189737409 -0.000656 0.005432 0.011902 
3374209543318 -0.000656 0.005432 0.011902 
3374229379743 -0.000656 0.005432 0.011902 
3374249185652 -0.000656 0.004211 0.011902 
3374269022077 -0.000656 0.006653 0.011902 
3374288858503 -0.000656 0.005432 0.011902 
3374308664411 -0.001892 0.005432 0.011902 
3374328470320 -0.000656 0.005432 0.011902 
3374348306745 -0.000656 0.005432 0.010681 
3374368112654 -0.000656 0.005432 0.011902 
3374387918562 -0.000656 0.005432 0.011902 
3374407754988 0.000549 0.005432 0.011902 
3374427560896 -0.000656 0.005432 0.011902 
3374447366804 -0.000656 0.004211 0.011902 
3374467203230 -0.000656 0.005432 0.011902 
3374487009138 -0.001892 0.005432 0.011902 
3374506845564 -0.000656 0.005432 0.011902 
3374526651472 -0.000656 0.004211 0.011902 
3374546457380 -0.000656 0.005432 0.011902 
3374566293806 -0.001892 0.006653 0.011902 
3374586130232 -0.000656 0.005432 0.011902 
3374605936140 0.000549 0.005432 0.011902 
3374625772566 -0.001892 0.007889 0.011902 
3374645578474 -0.000656 0.005432 0.011902 
3374665414900 -0.000656 0.005432 0.011902 
3374685220808 -0.000656 0.005432 0.011902 
3374705026716 0.000549 0.004211 0.011902 
3374724863142 -0.000656 0.005432 0.011902 
3374744669050 -0.000656 0.005432 0.011902 
3374764474958 -0.001892 0.006653 0.011902 
3374784311384 -0.000656 0.005432 0.011902 
3374804117292 -0.000656 0.004211 0.013123 
3374823923200 -0.000656 0.005432 0.011902 
3374843759626 -0.000656 0.005432 0.011902 
3374863596052 -0.000656 0.005432 0.011902 
3374883432478 -0.000656 0.005432 0.011902 
3374903238386 -0.000656 0.005432 0.011902 
3374923044294 -0.000656 0.005432 0.011902 
3374942880720 -0.000656 0.005432 0.011902 
3374962686628 -0.003113 0.004211 0.011902 
3374982492536 -0.001892 0.005432 0.011902 
3375002328962 -0.000656 0.004211 0.011902 
3375022134870 -0.000656 0.005432 0.011902 
3375041971296 -0.000656 0.005432 0.011902 
3375061777204 -0.000656 0.005432 0.011902 
3375081583113 -0.000656 0.005432 0.011902 
3375101419538 -0.000656 0.005432 0.011902 
3375121225447 -0.000656 0.005432 0.011902 
3375141061872 -0.001892 0.005432 0.011902 
3375160898298 -0.000656 0.005432 0.010681 
3375180704206 -0.000656 0.005432 0.010681 
3375200510115 -0.000656 0.006653 0.011902 
3375220346540 -0.000656 0.006653 0.010681 
3375240152449 -0.000656 0.005432 0.011902 
3375259988874 -0.000656 0.005432 0.011902 
3375279794783 -0.000656 0.006653 0.011902 
3375299600691 -0.000656 0.005432 0.011902 
3375319406599 -0.001892 0.005432 0.011902 
3375339243025 -0.000656 0.005432 0.011902 
3375359048933 -0.000656 0.005432 0.011902 
3375378885359 -0.001892 0.005432 0.011902 
3375398691267 -0.000656 0.005432 0.011902 
3375418527693 -0.000656 0.005432 0.011902 
3375438364118 -0.001892 0.004211 0.011902 
3375458170027 -0.001892 0.005432 0.011902 
3375477975935 -0.001892 0.007889 0.011902 
3375497812361 -0.000656 0.006653 0.011902 
3375517618269 -0.000656 0.006653 0.011902 
3375537454695 -0.000656 0.005432 0.011902 
3375557260603 -0.000656 0.005432 0.011902 
3375577066511 -0.000656 0.005432 0.011902 
3375596902937 -0.001892 0.005432 0.011902 
3375616708845 -0.001892 0.005432 0.011902 
3375636514753 0.000549 0.005432 0.011902 
3375656351179 -0.000656 0.005432 0.011902 
3375676157087 0.000549 0.002975 0.013123 
3375695962995 -0.000656 0.005432 0.011902 
3375715799421 -0.000656 0.005432 0.011902 
3375735635847 -0.001892 0.005432 0.011902 
3375755472273 -0.001892 0.005432 0.011902 
3375775278181 -0.000656 0.005432 0.011902 
3375795084089 -0.000656 0.006653 0.011902 
3375814920515 -0.000656 0.005432 0.011902 
3375834726423 -0.001892 0.005432 0.011902 
3375854532331 -0.001892 0.005432 0.011902 
3375874368757 -0.003113 0.006653 0.011902 
3375894174665 -0.001892 0.005432 0.011902 
3375913980574 -0.000656 0.005432 0.011902 
3375933816999 0.000549 0.005432 0.011902 
3375953622908 -0.000656 0.002975 0.013123 
3375973459333 -0.000656 0.005432 0.011902 
3375993295759 -0.000656 0.005432 0.011902 
3376013101667 -0.000656 0.005432 0.011902 
3376032938093 -0.000656 0.005432 0.011902 
3376052744001 -0.000656 0.005432 0.011902 
3376072549909 -0.000656 0.005432 0.011902 
3376092386335 -0.000656 0.005432 0.011902 
3376112192243 -0.000656 0.004211 0.011902 
3376132028669 -0.000656 0.005432 0.011902 
3376151834577 -0.001892 0.006653 0.011902 
3376171640486 -0.000656 0.005432 0.011902 
3376191476911 -0.001892 0.007889 0.010681 
3376211282820 -0.000656 0.005432 0.011902 
3376231088728 -0.001892 0.005432 0.011902 
3376250925154 -0.001892 0.005432 0.011902 
3376270731062 -0.000656 0.006653 0.011902 
3376290567488 -0.000656 0.006653 0.010681 
3376310403913 -0.000656 0.005432 0.011902 
3376330209822 -0.000656 0.005432 0.011902 
3376350015730 -0.000656 0.005432 0.010681 
3376369852156 -0.001892 0.005432 0.010681 
3376389658064 -0.001892 0.005432 0.010681 
3376409463972 0.000549 0.005432 0.011902 
3376429300398 -0.000656 0.004211 0.011902 
3376449106306 -0.000656 0.005432 0.011902 
3376468942732 -0.001892 0.007889 0.010681 
3376488748640 -0.001892 0.006653 0.011902 
3376508554548 -0.000656 0.005432 0.011902 
3376528390974 -0.001892 0.005432 0.011902 
3376548196882 -0.000656 0.005432 0.011902 
3376568033308 -0.000656 0.006653 0.010681 
3376587869734 -0.001892 0.005432 0.011902 
3376607675642 -0.000656 0.002975 0.013123 
3376627512068 -0.000656 0.005432 0.011902 
3376647317976 -0.000656 0.005432 0.010681 
3376667123884 -0.001892 0.005432 0.011902 
3376686960310 -0.000656 0.005432 0.011902 
3376706766218 -0.000656 0.005432 0.011902 
3376726572126 -0.000656 0.005432 0.011902 
3376746408552 -0.001892 0.005432 0.011902 
3376766214460 -0.000656 0.005432 0.011902 
3376786050886 -0.000656 0.004211 0.011902 
3376805856794 -0.000656 0.004211 0.013123 
3376825662702 -0.000656 0.005432 0.011902 
3376845499128 -0.000656 0.005432 0.011902 
3376865335554 -0.001892 0.005432 0.011902 
3376885141462 -0.000656 0.004211 0.011902 
3376904977888 -0.000656 0.005432 0.011902 
3376924783796 -0.000656 0.005432 0.011902 
3376944589704 -0.000656 0.005432 0.011902 
3376964426130 0.000549 0.005432 0.011902 
3376984232038 -0.000656 0.005432 0.011902 
3377004068464 -0.001892 0.006653 0.010681 
3377023874372 -0.000656 0.006653 0.010681 
3377043680281 -0.000656 0.005432 0.011902 
3377063516706 -0.000656 0.004211 0.011902 
3377083322615 -0.000656 0.004211 0.010681 
3377103128523 -0.000656 0.004211 0.011902 
3377122964949 -0.000656 0.005432 0.011902 
3377142801374 -0.000656 0.005432 0.011902 
3377162607283 -0.000656 0.005432 0.011902 
3377182443708 0.000549 0.005432 0.011902 
3377202249616 0.000549 0.004211 0.011902 
3377222086042 -0.000656 0.004211 0.013123 
3377241891950 -0.000656 0.006653 0.011902 
3377261697859 -0.000656 0.005432 0.011902 
3377281534284 0.000549 0.005432 0.011902 
3377301340193 0.000549 0.007889 0.010681 
3377321146101 0.001785 0.007889 0.013123 
3377340982527 -0.007996 -0.004349 0.011902 
3377360788435 0.000549 -0.003113 0.011902 
3377380594343 0.005432 0.005432 0.010681 
3377400430769 0.010330 0.005432 0.011902 
3377420267195 0.012772 0.010330 0.011902 
3377440103620 0.006668 0.007889 0.011902 
3377459909529 0.000549 0.006653 0.018021 
3377479715437 -0.001892 0.005432 0.014343 
3377499551863 -0.001892 0.005432 0.011902 
3377519357771 -0.000656 0.005432 0.011902 
3377539163679 -0.000656 0.005432 0.011902 
3377559000105 0.000549 0.005432 0.011902 
3377578806013 -0.000656 0.005432 0.011902 
3377598611921 0.000549 0.005432 0.011902 
3377618448347 -0.000656 0.005432 0.011902 
3377638254255 -0.000656 0.005432 0.011902 
3377658090681 -0.000656 0.005432 0.011902 
3377677896589 -0.000656 0.005432 0.013123 
3377697702497 -0.001892 0.005432 0.013123 
3377717538923 -0.000656 0.004211 0.013123 
3377737375349 -0.000656 0.005432 0.011902 
3377757181257 -0.000656 0.006653 0.011902 
3377777017683 0.000549 0.005432 0.011902 
3377796823591 0.000549 0.005432 0.011902 
3377816629499 0.000549 0.005432 0.011902 
3377836465925 -0.000656 0.005432 0.011902 
3377856271833 -0.000656 0.005432 0.011902 
3377876108259 -0.000656 0.005432 0.011902 
3377895914167 0.000549 0.005432 0.011902 
3377915720075 -0.000656 0.005432 0.011902 
3377935556501 0.000549 0.006653 0.010681 
3377955362409 -0.000656 0.005432 0.011902 
3377975168318 -0.000656 0.005432 0.011902 
3377995004743 -0.000656 0.005432 0.011902 
3378014841169 -0.001892 0.005432 0.011902 
