3707045323014 -0.123951 -0.105189 9.805304  
3707065159440 -0.124805 -0.104896 9.805295  
3707084995866 -0.123973 -0.105275 9.805301  
3707104801774 -0.124033 -0.104916 9.805305  
3707124607682 -0.124419 -0.104878 9.805300  
3707144444108 -0.123353 -0.105105 9.805312  
3707164250016 -0.123834 -0.104809 9.805307  
3707184055924 -0.123992 -0.105412 9.805300  
3707203892350 -0.123409 -0.105682 9.805305  
3707223698258 -0.124507 -0.104825 9.805299  
3707243534684 -0.123922 -0.105684 9.805297  
3707263340592 -0.123348 -0.105931 9.805302  
3707283146501 -0.124458 -0.105856 9.805288  
3707302982926 -0.123325 -0.106280 9.805299  
3707322788835 -0.123406 -0.105727 9.805305  
3707342625260 -0.124281 -0.105438 9.805295  
3707362461686 -0.123542 -0.105713 9.805303  
3707382267594 -0.124001 -0.105236 9.805301  
3707402104020 -0.124229 -0.105273 9.805299  
3707421909928 -0.123249 -0.105945 9.805303  
3707441715836 -0.123809 -0.105385 9.805303  
3707461552262 -0.123635 -0.105821 9.805301  
3707481358170 -0.123057 -0.106077 9.805304  
3707501194596 -0.124101 -0.105599 9.805297  
3707521000504 -0.123290 -0.105871 9.805303  
3707540806413 -0.122664 -0.105872 9.805311  
3707560642838 -0.123412 -0.105870 9.805303  
3707580448747 -0.122237 -0.106136 9.805314  
3707600285172 -0.122344 -0.105589 9.805319  
3707620121598 -0.123097 -0.105762 9.805306  
3707639927506 -0.122157 -0.106579 9.805310  
3707659763932 -0.122825 -0.105916 9.805309  
3707679569840 -0.123553 -0.105863 9.805301  
3707699375749 -0.122588 -0.106279 9.805307  
3707719212174 -0.123872 -0.105867 9.805297  
3707739018083 -0.124182 -0.106278 9.805287  
3707758854508 -0.123602 -0.106589 9.805292  
3707778660417 -0.124392 -0.106009 9.805288  
3707798466325 -0.123641 -0.106509 9.805293  
3707818302751 -0.123701 -0.106417 9.805293  
3707838108659 -0.124561 -0.106488 9.805280  
3707857945085 -0.123724 -0.106890 9.805286  
3707877750993 -0.124499 -0.106315 9.805284  
3707897556901 -0.124859 -0.106476 9.805277  
3707917393327 -0.124167 -0.106568 9.805285  
3707937229752 -0.124685 -0.106068 9.805285  
3707957066178 -0.124722 -0.106562 9.805278  
3707976872086 -0.123794 -0.106789 9.805286  
3707996677995 -0.124732 -0.106207 9.805282  
3708016514420 -0.123970 -0.106540 9.805288  
3708036320329 -0.124018 -0.106059 9.805291  
3708056126237 -0.124706 -0.105513 9.805290  
3708075962663 -0.123862 -0.106420 9.805290  
3708095768571 -0.124239 -0.106316 9.805287  
3708115604997 -0.124693 -0.106174 9.805283  
3708135410905 -0.123699 -0.106585 9.805291  
3708155216813 -0.124557 -0.106006 9.805286  
3708175053239 -0.124371 -0.106259 9.805286  
3708194889665 -0.123931 -0.106033 9.805293  
3708214726090 -0.124472 -0.105167 9.805295  
3708234531999 -0.123731 -0.105927 9.805297  
3708254337907 -0.123477 -0.105764 9.805302  
3708274174333 -0.123879 -0.105454 9.805300  
3708293980241 -0.122992 -0.105889 9.805307  
3708313786149 -0.123565 -0.105349 9.805306  
3708333622575 -0.124339 -0.105697 9.805292  
3708353428483 -0.122576 -0.105568 9.805316  
3708373234391 -0.123087 -0.105189 9.805314  
3708393070817 -0.122539 -0.105715 9.805314  
3708412876725 -0.122481 -0.105894 9.805314  
3708432713151 -0.123469 -0.105280 9.805308  
3708452519059 -0.122443 -0.105567 9.805318  
3708472355485 -0.122650 -0.104957 9.805322  
3708492191911 -0.123404 -0.104617 9.805316  
3708511997819 -0.122380 -0.104925 9.805325  
3708531834245 -0.122961 -0.104256 9.805325  
3708551640153 -0.123296 -0.104262 9.805321  
3708571446061 -0.122274 -0.104657 9.805328  
3708591282487 -0.123261 -0.104063 9.805323  
3708611088395 -0.123273 -0.104390 9.805320  
3708630924821 -0.122642 -0.104535 9.805326  
3708650708251 -0.123624 -0.103881 9.805321  
3708670514159 -0.122994 -0.104686 9.805320  
3708690350585 -0.123077 -0.104189 9.805324  
3708710156493 -0.123659 -0.103942 9.805320  
3708729992919 -0.122945 -0.104124 9.805326  
3708749798827 -0.123753 -0.103321 9.805325  
3708769635253 -0.124388 -0.103424 9.805316  
3708789471679 -0.123327 -0.103684 9.805326  
3708809277587 -0.124126 -0.102897 9.805325  
3708829083495 -0.123891 -0.103107 9.805326  
3708848919921 -0.123395 -0.103452 9.805328  
3708868725829 -0.124416 -0.102898 9.805321  
3708888562255 -0.124152 -0.103101 9.805323  
3708908368163 -0.123558 -0.103367 9.805327  
3708928174071 -0.124188 -0.102672 9.805326  
3708948010497 -0.124565 -0.102002 9.805328  
3708967816405 -0.124611 -0.101512 9.805333  
3708987652831 -0.125522 -0.101513 9.805322  
3709007458739 -0.125714 -0.101511 9.805319  
3709027264648 -0.124368 -0.102392 9.805326  
