3708351994157 1018.648743  
3708385319352 1018.627991  
3708418644547 1018.640930  
3708451969743 1018.618164  
3708485294938 1018.627502  
3708518620133 1018.598938  
3708551945329 1018.615784  
3708585270524 1018.605286  
3708618595719 1018.623108  
3708651898437 1018.613098  
3708685223632 1018.620789  
3708718548827 1018.601624  
3708751874023 1018.607971  
3708785199218 1018.601257  
3708818524413 1018.605530  
3708851849608 1018.604797  
3708885174804 1018.608887  
3708918499999 1018.609192  
3708951825194 1018.606445  
3708985150390 1018.613953  
3709018475585 1018.609802  
3709051800780 1018.617493  
3709085125976 1018.603760  
3709118451171 1018.615417  
3709151776366 1018.593567  
3709185101562 1018.605957  
3709218426757 1018.587646  
3709251751952 1018.603210  
3709285077148 1018.581055  
3709318402343 1018.603760  
3709351727538 1018.588379  
3709385052733 1018.612305  
3709418377929 1018.588318  
3709451703124 1018.611572  
3709485028319 1018.594421  
3709518353515 1018.603821  
3709551678710 1018.586670  
3709585003905 1018.602478  
3709618329101 1018.583008  
3709651654296 1018.580566  
3709684979491 1018.573425  
3709718304687 1018.573669  
3709751629882 1018.576660  
3709784955077 1018.570374  
3709818280273 1018.576233  
3709851605468 1018.567444  
3709884930663 1018.585449  
3709918255858 1018.566711  
3709951581054 1018.589844  
3709984906249 1018.574463  
3710018231444 1018.594543  
3710051556640 1018.563171  
3710084881835 1018.582336  
3710118207030 1018.565430  
3710151532226 1018.576721  
3710184857421 1018.554932  
3710218182616 1018.575928  
3710251507812 1018.561096  
3710284833007 1018.575928  
3710318158202 1018.565430  
3710351483398 1018.580566  
3710384808593 1018.576904  
3710418133788 1018.591614  
3710451458983 1018.595886  
3710484784179 1018.591003  
3710518109374 1018.591248  
3710551434569 1018.578369  
3710584759765 1018.585632  
3710618084960 1018.564026  
3710651410155 1018.575989  
3710684735351 1018.567200  
3710718060546 1018.582031  
3710751385741 1018.577332  
3710784710937 1018.589661  
3710818036132 1018.592041  
3710851361327 1018.583557  
3710884686523 1018.585388  
3710918011718 1018.572083  
3710951336913 1018.573181  
3710984662108 1018.561707  
3711017987304 1018.581848  
3711051312499 1018.572083  
3711084637694 1018.598145  
3711117962890 1018.582947  
3711151288085 1018.585938  
3711184613280 1018.583191  
3711217938476 1018.625671  
3711251263671 1018.749512  
3711284588866 1018.822083  
3711317914062 1018.832520  
3711351239257 1018.818054  
3711384564452 1018.740784  
3711417889648 1018.600891  
3711451214843 1018.539368  
3711484540038 1018.530029  
3711517865233 1018.530029  
3711551190429 1018.530029  
3711584515624 1018.524109  
3711617840819 1018.526672  
3711651166015 1018.531799  
3711684491210 1018.539978  
