# Created at Tue Jun 01 15:47:40 GMT+02:00 2021 in Burnaby Canada 
1463016793005 -0.116019 -0.106157 9.805389 
1463036598913 -0.115980 -0.106382 9.805387 
1463056404822 -0.115619 -0.106363 9.805391 
1463076241247 -0.115353 -0.106348 9.805395 
1463096047156 -0.115016 -0.106413 9.805398 
1463115853064 -0.115000 -0.106472 9.805397 
1463135689490 -0.115143 -0.106532 9.805395 
1463155495398 -0.115361 -0.106590 9.805392 
1463175301306 -0.115091 -0.106805 9.805392 
1463195137732 -0.114839 -0.106931 9.805395 
1463214974158 -0.114828 -0.107209 9.805392 
1463234780066 -0.114509 -0.107325 9.805394 
1463254616492 -0.114507 -0.107276 9.805394 
1463274422400 -0.114826 -0.107230 9.805391 
1463294228308 -0.115133 -0.107257 9.805387 
1463314064734 -0.114801 -0.107290 9.805391 
1463333870642 -0.114871 -0.107395 9.805389 
1463353676550 -0.114861 -0.107666 9.805387 
1463373512976 -0.114851 -0.107848 9.805385 
1463393318884 -0.115077 -0.106985 9.805391 
1463413124792 -0.114439 -0.108229 9.805385 
1463432961218 -0.114441 -0.108072 9.805387 
1463452767126 -0.114688 -0.108005 9.805385 
1463472603552 -0.114689 -0.108333 9.805381 
1463492439978 -0.114300 -0.108252 9.805387 
1463512245886 -0.114308 -0.107936 9.805389 
1463532082312 -0.114170 -0.107394 9.805398 
1463551888220 -0.114264 -0.107506 9.805395 
1463571694128 -0.114199 -0.107459 9.805395 
1463591530554 -0.114058 -0.107893 9.805393 
1463611336462 -0.114082 -0.107915 9.805393 
1463631142370 -0.114502 -0.107622 9.805390 
1463650978796 -0.114585 -0.107341 9.805393 
1463670784704 -0.114123 -0.107381 9.805399 
1463690621130 -0.114295 -0.107331 9.805397 
1463710427038 -0.114308 -0.107209 9.805398 
1463730232947 -0.114398 -0.107168 9.805397 
1463750069372 -0.114246 -0.107049 9.805401 
1463769905798 -0.114340 -0.107016 9.805400 
1463789711706 -0.114189 -0.106902 9.805403 
1463809548132 -0.114289 -0.106877 9.805402 
1463829354040 -0.114462 -0.106930 9.805400 
1463849159949 -0.114537 -0.107048 9.805397 
1463868996374 -0.114622 -0.106618 9.805400 
1463888802283 -0.114712 -0.106758 9.805397 
1463908608191 -0.114559 -0.107221 9.805395 
1463928444617 -0.114880 -0.107100 9.805393 
1463948250525 -0.114794 -0.106907 9.805396 
1463968056433 -0.114720 -0.106639 9.805399 
1463987892859 -0.114642 -0.106862 9.805398 
1464007698767 -0.114261 -0.106996 9.805400 
1464027535193 -0.114442 -0.106648 9.805403 
1464047371619 -0.114534 -0.106472 9.805403 
1464067177527 -0.114847 -0.106681 9.805397 
1464087013952 -0.113788 -0.106088 9.805416 
1464106819861 -0.116837 -0.108389 9.805355 
1464126625769 -0.113165 -0.105333 9.805431 
1464146462195 -0.112951 -0.106206 9.805425 
1464166268103 -0.115699 -0.108560 9.805366 
1464186074011 -0.114769 -0.106697 9.805399 
1464205910437 -0.110307 -0.104259 9.805475 
1464225716345 -0.112123 -0.105684 9.805440 
1464245522253 -0.115054 -0.107045 9.805390 
1464265358679 -0.112326 -0.104382 9.805451 
1464285164587 -0.111328 -0.104082 9.805466 
1464304970495 -0.114598 -0.106744 9.805399 
1464324806921 -0.114329 -0.105249 9.805418 
1464344643347 -0.111510 -0.103470 9.805470 
1464364449255 -0.114339 -0.105964 9.805410 
1464384285681 -0.115770 -0.106109 9.805392 
1464404091589 -0.112419 -0.103273 9.805462 
1464423928015 -0.113534 -0.105278 9.805427 
1464443733923 -0.114842 -0.107214 9.805391 
1464463539831 -0.116918 -0.108834 9.805349 
1464483376257 -0.117077 -0.109765 9.805338 
1464503182165 -0.119944 -0.111465 9.805283 
1464522988074 -0.116654 -0.108250 9.805359 
1464542824499 -0.116168 -0.109028 9.805356 
1464562630408 -0.119145 -0.111232 9.805295 
1464582436316 -0.116224 -0.108035 9.805366 
1464602272742 -0.114866 -0.108014 9.805383 
1464622109167 -0.118282 -0.110488 9.805314 
1464641915076 -0.116188 -0.108116 9.805366 
1464661751501 -0.114667 -0.108166 9.805384 
1464681557410 -0.118005 -0.110709 9.805316 
1464701363318 -0.116249 -0.108427 9.805362 
1464721199744 -0.114248 -0.107823 9.805391 
1464741005652 -0.117755 -0.110454 9.805321 
1464760811560 -0.116336 -0.108429 9.805361 
1464780647986 -0.114002 -0.107745 9.805396 
1464800453894 -0.117588 -0.110384 9.805324 
1464820259802 -0.116106 -0.108041 9.805367 
1464840096228 -0.113620 -0.106978 9.805408 
1464859902136 -0.116737 -0.109627 9.805342 
1464879738562 -0.116160 -0.107716 9.805370 
1464899544470 -0.113281 -0.106409 9.805418 
1464919380896 -0.117047 -0.109234 9.805344 
1464939217322 -0.116387 -0.107903 9.805367 
1464959023230 -0.113405 -0.106039 9.805421 
1464978829138 -0.116294 -0.108873 9.805356 
1464998665564 -0.116156 -0.107635 9.805371 
1465018471472 -0.112939 -0.105770 9.805429 
1465038307898 -0.116073 -0.108694 9.805360 
1465058113806 -0.116176 -0.107710 9.805370 
1465077919714 -0.112961 -0.105605 9.805430 
1465097756140 -0.115767 -0.108527 9.805367 
1465117562048 -0.115653 -0.107951 9.805374 
1465137367956 -0.112306 -0.105606 9.805438 
1465157204382 -0.115063 -0.108606 9.805374 
1465177010290 -0.115289 -0.107779 9.805380 
1465196846716 -0.112106 -0.105355 9.805444 
1465216683142 -0.115021 -0.108365 9.805377 
1465236489050 -0.115252 -0.107715 9.805382 
1465256294958 -0.111911 -0.105293 9.805446 
1465276131384 -0.114345 -0.108059 9.805387 
1465295937292 -0.115149 -0.107499 9.805386 
1465315743201 -0.111502 -0.105319 9.805449 
1465335579626 -0.114191 -0.108165 9.805388 
1465355385535 -0.114760 -0.107763 9.805386 
1465375191443 -0.111286 -0.105499 9.805450 
1465395027869 -0.114062 -0.108099 9.805390 
1465414833777 -0.115102 -0.107696 9.805384 
1465434670202 -0.111612 -0.105591 9.805446 
1465454476111 -0.114219 -0.108189 9.805387 
1465474282019 -0.114701 -0.107380 9.805391 
1465494118445 -0.111386 -0.105054 9.805454 
1465513954870 -0.114246 -0.107751 9.805392 
1465533760779 -0.114569 -0.107038 9.805396 
1465553597204 -0.111416 -0.104716 9.805458 
1465573403113 -0.114593 -0.107508 9.805391 
1465593209021 -0.114889 -0.106963 9.805394 
1465613045447 -0.111481 -0.104886 9.805456 
1465632851355 -0.114269 -0.107829 9.805391 
1465652657263 -0.114651 -0.106784 9.805399 
1465672493689 -0.111089 -0.104943 9.805459 
1465692299597 -0.114357 -0.107967 9.805388 
1465712136023 -0.114341 -0.107073 9.805399 
1465731941931 -0.111109 -0.105300 9.805455 
1465751747839 -0.114220 -0.108165 9.805388 
1465771584265 -0.114206 -0.107101 9.805400 
1465791420691 -0.111216 -0.105654 9.805450 
1465811226599 -0.114559 -0.108426 9.805381 
1465831063025 -0.114508 -0.107349 9.805394 
1465850868933 -0.111744 -0.105888 9.805443 
1465870674841 -0.115453 -0.108715 9.805368 
1465890511267 -0.115149 -0.107078 9.805388 
1465910317175 -0.112596 -0.105710 9.805433 
1465930123083 -0.116130 -0.109020 9.805356 
1465949959509 -0.115648 -0.107679 9.805377 
1465969765417 -0.112690 -0.106132 9.805429 
1465989601843 -0.116057 -0.109104 9.805357 
1466009407751 -0.115568 -0.107757 9.805377 
1466029213660 -0.112677 -0.106202 9.805428 
1466049050085 -0.116123 -0.109416 9.805352 
1466068886511 -0.115450 -0.107809 9.805378 
1466088692419 -0.112665 -0.106651 9.805422 
1466108528845 -0.116179 -0.109847 9.805346 
1466128334753 -0.115198 -0.108069 9.805378 
1466148140661 -0.112956 -0.106971 9.805416 
1466167977087 -0.116149 -0.109995 9.805346 
1466187782995 -0.115881 -0.108376 9.805367 
1466207588904 -0.113217 -0.107196 9.805410 
1466227425329 -0.116631 -0.110057 9.805339 
1466247231238 -0.116107 -0.108674 9.805361 
1466267037146 -0.112825 -0.107401 9.805413 
1466286873572 -0.116941 -0.110800 9.805327 
1466306679480 -0.116086 -0.108835 9.805360 
1466326485388 -0.113048 -0.107489 9.805408 
1466346321814 -0.116865 -0.110586 9.805329 
1466366158240 -0.115300 -0.108539 9.805371 
1466385964148 -0.113293 -0.107834 9.805403 
1466405800574 -0.117034 -0.110524 9.805328 
1466425606482 -0.115064 -0.108472 9.805376 
1466445442908 -0.113005 -0.107605 9.805409 
1466465248816 -0.115526 -0.110147 9.805351 
1466485054724 -0.113526 -0.108099 9.805397 
1466504891150 -0.112827 -0.108506 9.805401 
1466524697058 -0.117808 -0.111718 9.805306 
1466544502966 -0.116226 -0.109280 9.805352 
1466564339392 -0.115783 -0.109984 9.805350 
1466584145300 -0.119298 -0.112378 9.805281 
1466603951208 -0.117044 -0.109437 9.805341 
1466623787634 -0.117596 -0.110384 9.805324 
1466643624060 -0.121267 -0.112681 9.805253 
1466663460486 -0.116979 -0.109562 9.805341 
1466683266394 -0.117731 -0.111157 9.805313 
1466703072302 -0.120070 -0.112785 9.805267 
1466722908728 -0.115733 -0.109495 9.805356 
1466742714636 -0.117405 -0.111901 9.805308 
1466762520544 -0.118668 -0.112570 9.805286 
1466782356970 -0.115511 -0.109969 9.805354 
1466802162878 -0.116999 -0.112853 9.805302 
1466821968786 -0.117852 -0.112287 9.805299 
1466841805212 -0.114629 -0.110808 9.805353 
1466861611120 -0.116740 -0.113369 9.805301 
1466881417029 -0.116860 -0.112061 9.805313 
1466901253454 -0.114375 -0.110739 9.805358 
1466921089880 -0.118512 -0.114250 9.805269 
1466940926306 -0.118460 -0.113125 9.805282 
1466960732214 -0.115570 -0.111626 9.805334 
1466980538122 -0.118144 -0.114102 9.805275 
1467000374548 -0.116877 -0.112108 9.805313 
1467020180456 -0.114034 -0.110723 9.805362 
1467039986365 -0.117105 -0.113776 9.805290 
1467059822790 -0.116246 -0.112270 9.805318 
1467079628699 -0.113902 -0.110897 9.805362 
1467099434607 -0.117229 -0.113487 9.805292 
1467119271033 -0.116416 -0.111342 9.805326 
1467139076941 -0.114472 -0.110944 9.805354 
1467158882849 -0.117337 -0.113311 9.805293 
1467178719275 -0.115711 -0.110762 9.805342 
1467198555701 -0.114514 -0.111266 9.805350 
1467218361609 -0.117317 -0.113168 9.805295 
1467238198035 -0.114746 -0.110367 9.805358 
1467258003943 -0.114547 -0.111214 9.805349 
1467277840369 -0.117488 -0.112389 9.805303 
1467297646277 -0.113792 -0.109603 9.805377 
1467317452185 -0.114601 -0.110885 9.805353 
1467337258093 -0.116829 -0.111751 9.805318 
1467357094519 -0.112429 -0.108586 9.805405 
1467376900427 -0.114397 -0.110961 9.805355 
1467396736853 -0.115826 -0.110712 9.805341 
1467416542761 -0.112004 -0.108200 9.805414 
1467436348669 -0.115124 -0.111089 9.805346 
1467456185095 -0.115102 -0.110196 9.805356 
1467475991003 -0.111771 -0.108321 9.805415 
1467495827429 -0.115167 -0.111078 9.805345 
1467515663855 -0.114474 -0.109195 9.805374 
1467535469763 -0.112044 -0.108081 9.805414 
1467555275671 -0.115831 -0.111243 9.805335 
1467575112097 -0.114144 -0.108941 9.805380 
1467594918005 -0.112996 -0.108798 9.805395 
1467614754431 -0.116225 -0.111091 9.805333 
1467634560339 -0.113396 -0.107971 9.805401 
1467654366247 -0.113325 -0.108992 9.805389 
1467674202673 -0.115677 -0.110332 9.805347 
1467694008581 -0.112515 -0.107533 9.805415 
1467713814490 -0.113609 -0.109145 9.805385 
1467733650915 -0.115560 -0.109848 9.805354 
1467753456824 -0.112226 -0.106898 9.805426 
1467773293249 -0.114471 -0.109113 9.805375 
1467793129675 -0.115275 -0.108689 9.805370 
1467812935583 -0.111945 -0.106241 9.805436 
1467832741492 -0.115017 -0.109215 9.805367 
1467852577917 -0.114666 -0.107895 9.805387 
1467872383826 -0.111832 -0.106270 9.805436 
1467892189734 -0.115321 -0.109269 9.805363 
1467912026160 -0.113659 -0.106893 9.805408 
1467931832068 -0.111740 -0.106422 9.805436 
1467951668494 -0.115248 -0.109098 9.805367 
1467971474402 -0.112539 -0.106294 9.805428 
1467991280310 -0.111861 -0.106727 9.805431 
1468011116736 -0.114983 -0.109085 9.805369 
1468030922644 -0.111685 -0.105777 9.805444 
1468050728552 -0.112167 -0.107301 9.805421 
1468070564978 -0.114725 -0.108064 9.805384 
1468090401404 -0.111179 -0.105014 9.805457 
1468110207312 -0.113049 -0.107521 9.805409 
1468130043738 -0.114604 -0.107159 9.805395 
1468149849646 -0.110814 -0.104681 9.805466 
1468169655554 -0.114002 -0.107785 9.805394 
1468189491980 -0.113690 -0.106504 9.805412 
1468209297888 -0.111037 -0.105165 9.805458 
1468229103796 -0.114799 -0.107954 9.805384 
1468248940222 -0.113120 -0.104445 9.805442 
1468268746130 -0.112280 -0.101193 9.805485 
1468288552038 -0.114145 -0.103773 9.805436 
1468308388464 -0.114931 -0.104571 9.805419 
1468328194372 -0.111656 -0.103109 9.805472 
1468348030798 -0.110970 -0.105455 9.805455 
1468367867224 -0.114051 -0.107693 9.805396 
1468387673132 -0.110404 -0.104985 9.805467 
1468407509558 -0.110609 -0.106430 9.805449 
1468427315466 -0.113072 -0.107780 9.805407 
1468447121374 -0.109742 -0.104811 9.805476 
1468466957800 -0.110864 -0.107072 9.805439 
1468486802773 -0.112351 -0.107825 9.805413 
1468506608682 -0.109112 -0.105010 9.805481 
1468526445107 -0.111490 -0.106845 9.805434 
1468546251016 -0.111183 -0.107038 9.805436 
1468566056924 -0.111539 -0.106694 9.805435 
1468585893350 -0.111566 -0.106596 9.805436 
1468605699258 -0.111517 -0.106584 9.805437 
1468625535684 -0.112027 -0.106811 9.805429 
1468645372109 -0.112276 -0.106627 9.805428 
1468665178017 -0.112200 -0.106372 9.805431 
