3299739157509 -1.062012 -23.652649 17.559814  
3299759024453 -1.062012 -23.652649 17.559814  
3299778891396 -0.762939 -23.652649 17.260742  
3299798788857 -0.762939 -23.652649 17.260742  
3299818655800 -0.762939 -23.652649 17.260742  
3299838522744 -0.762939 -23.652649 17.260742  
3299858389687 -0.762939 -23.652649 17.260742  
3299878287148 -0.762939 -23.652649 17.260742  
3299898154091 -0.762939 -23.654175 17.559814  
3299918021035 -0.762939 -23.503113 17.558289  
3299937918496 -1.058960 -23.658752 19.052124  
3299957785439 -1.058960 -23.657227 18.603516  
3299977652382 -1.058960 -23.657227 18.902588  
3299997519326 -1.058960 -23.657227 18.902588  
3300017386269 -1.058960 -23.657227 18.902588  
3300037253213 -1.058960 -23.657227 18.902588  
3300057150674 -1.211548 -23.657227 18.901062  
3300077017617 -1.211548 -23.657227 18.901062  
3300096884560 -1.211548 -23.657227 18.901062  
3300116751504 -1.213074 -23.655701 18.452454  
3300136618447 -1.213074 -23.655701 18.452454  
3300156485390 -1.213074 -23.207092 18.600464  
3300176382851 -1.214600 -23.205566 18.450928  
3300196280312 -1.062012 -23.204041 18.154907  
3300216147256 -0.762939 -23.205566 18.154907  
3300236014199 -1.065063 -23.200989 17.109680  
3300255881142 -0.463867 -23.204041 17.111206  
3300275748086 -0.614929 -23.202515 17.109680  
3300295615029 -0.462341 -23.503113 17.111206  
3300315512490 -0.462341 -23.654175 17.112732  
3300335379433 -0.462341 -23.654175 17.112732  
3300355246377 -0.462341 -23.654175 17.112732  
3300375113320 -0.462341 -23.654175 17.112732  
3300394980263 -0.160217 -23.655701 17.262268  
3300414847207 -0.160217 -23.655701 17.262268  
3300434744668 -0.009155 -23.655701 17.262268  
3300454642129 -0.160217 -23.655701 17.262268  
3300474509072 -0.160217 -23.657227 17.561340  
3300494376015 -0.160217 -23.657227 17.709351  
3300514242959 -0.160217 -23.657227 17.561340  
3300534109902 -0.160217 -23.657227 17.709351  
3300554007363 -0.160217 -23.506165 17.707825  
3300573874306 -0.160217 -23.657227 17.709351  
3300593741250 -0.460815 -23.655701 17.709351  
3300613608193 -0.160217 -23.657227 17.709351  
3300633475136 -0.160217 -23.657227 17.709351  
3300653372597 -0.460815 -23.655701 17.709351  
3300673239541 -0.460815 -23.655701 17.709351  
3300693106484 -0.462341 -23.205566 17.707825  
3300712973427 -0.462341 -23.056030 17.706299  
3300732870888 -0.462341 -23.056030 17.706299  
3300752737832 -0.463867 -22.753906 17.704773  
3300772635293 -0.463867 -22.903442 17.706299  
3300792502236 -0.463867 -22.903442 17.706299  
3300812369179 -0.463867 -22.903442 17.706299  
3300832236123 -0.463867 -22.903442 17.706299  
3300852103066 -0.462341 -23.056030 17.706299  
3300871970009 -0.462341 -23.056030 17.706299  
3300891867470 -0.462341 -23.205566 17.707825  
3300911734414 -0.460815 -23.057556 18.154907  
3300931601357 -0.460815 -23.207092 18.156433  
3300951468300 -0.459290 -23.507690 18.453979  
3300971335244 -0.457764 -23.509216 18.753052  
3300991202187 -0.457764 -23.509216 18.753052  
3301011099648 -0.457764 -23.509216 18.753052  
3301030997109 -0.457764 -23.509216 18.753052  
3301050864052 -0.457764 -23.509216 18.753052  
3301070730996 -0.457764 -23.509216 18.603516  
3301090597939 -0.459290 -23.507690 18.453979  
3301110464882 -0.459290 -23.506165 18.005371  
3301130362343 -0.459290 -23.506165 18.005371  
3301150229287 -0.459290 -23.506165 18.005371  
3301170096230 -0.460815 -23.503113 17.260742  
3301189963174 -0.462341 -23.503113 17.111206  
3301209830117 -0.463867 -23.651123 16.514587  
3301229697060 -0.463867 -23.651123 16.514587  
3301249564004 -0.463867 -23.651123 16.514587  
3301269461465 -0.463867 -23.651123 16.514587  
3301289328408 -0.462341 -23.651123 16.665649  
3301309225869 -0.613403 -23.649597 16.664124  
3301329092812 -0.764465 -23.649597 16.664124  
3301348959756 -0.613403 -23.651123 16.812134  
3301368826699 -0.613403 -23.652649 17.111206  
3301388724160 -0.611877 -23.654175 17.559814  
3301408591103 -0.761414 -23.506165 18.452454  
3301428458047 -0.607300 -23.510742 19.499207  
3301448324990 -0.608826 -23.507690 18.751526  
3301468191933 -0.610352 -23.208618 18.751526  
3301488089394 -0.610352 -23.208618 18.751526  
3301507956338 -0.610352 -23.059082 18.750000  
3301527823281 -0.610352 -23.059082 18.750000  
3301547690224 -0.610352 -23.059082 18.750000  
3301567557168 -0.610352 -23.059082 18.750000  
3301587424111 -0.610352 -23.059082 18.750000  
3301607352090 -0.610352 -23.059082 18.899536  
3301627219033 -0.610352 -23.059082 18.899536  
3301647085976 -0.610352 -23.059082 18.899536  
3301666952920 -0.608826 -23.507690 18.901062  
3301686819863 -0.608826 -23.507690 18.901062  
3301706686806 -0.608826 -23.507690 18.901062  
3301726584267 -0.608826 -23.507690 18.901062  
