# Created at Tue Jun 01 16:18:15 GMT+02:00 2021 in Burnaby Canada 
3297789171947 -0.122161 -0.111285 9.805259 
3297808977855 -0.122255 -0.111233 9.805257 
3297828814281 -0.122268 -0.110718 9.805264 
3297848620189 -0.122124 -0.110847 9.805263 
3297868426097 -0.121919 -0.110885 9.805265 
3297888262523 -0.121548 -0.110624 9.805272 
3297908098949 -0.121745 -0.110437 9.805273 
3297927904857 -0.121629 -0.110099 9.805277 
3297947741283 -0.121429 -0.110013 9.805282 
3297967547191 -0.121474 -0.110009 9.805281 
3297987383617 -0.121819 -0.110163 9.805275 
3298007189525 -0.122242 -0.110315 9.805268 
3298026995433 -0.122101 -0.110381 9.805269 
3298046831859 -0.122129 -0.110682 9.805264 
3298066637767 -0.122392 -0.111048 9.805258 
3298086443676 -0.122405 -0.111472 9.805253 
3298106280101 -0.122565 -0.111501 9.805250 
3298126086009 -0.122573 -0.111600 9.805248 
3298145922435 -0.122578 -0.111779 9.805247 
3298165758861 -0.122812 -0.112111 9.805241 
3298185564769 -0.123115 -0.112429 9.805233 
3298205401195 -0.123261 -0.112740 9.805228 
3298225207103 -0.123711 -0.112647 9.805223 
3298245013011 -0.123670 -0.112705 9.805222 
3298264849437 -0.123798 -0.112687 9.805222 
3298284655345 -0.123999 -0.113056 9.805215 
3298304461254 -0.123954 -0.113334 9.805211 
3298324297679 -0.123992 -0.113683 9.805208 
3298344103588 -0.124025 -0.114028 9.805202 
3298363909496 -0.123897 -0.114280 9.805202 
3298383745922 -0.123692 -0.114602 9.805200 
3298403551830 -0.123654 -0.114357 9.805203 
3298423357738 -0.123700 -0.114368 9.805203 
3298443194164 -0.123733 -0.114761 9.805198 
3298463030590 -0.123612 -0.114508 9.805202 
3298482867015 -0.123809 -0.114737 9.805198 
3298502672924 -0.124005 -0.115043 9.805191 
3298522509349 -0.124265 -0.114870 9.805190 
3298542315258 -0.124133 -0.114779 9.805193 
3298562121166 -0.124081 -0.114847 9.805193 
3298581957592 -0.124034 -0.114996 9.805192 
3298601763500 -0.124299 -0.114909 9.805189 
3298621573281 -0.124563 -0.114895 9.805185 
3298641409707 -0.124570 -0.114571 9.805189 
3298661215615 -0.124664 -0.114179 9.805193 
3298681021523 -0.124285 -0.113799 9.805202 
3298700857949 -0.124404 -0.113672 9.805202 
3298720663857 -0.124352 -0.113708 9.805202 
3298740500283 -0.124226 -0.113898 9.805202 
3298760336709 -0.124102 -0.113688 9.805206 
3298780142617 -0.124210 -0.113643 9.805204 
3298799979043 -0.124474 -0.113520 9.805202 
3298819784951 -0.124416 -0.113557 9.805202 
3298839590859 -0.124210 -0.113194 9.805210 
3298859427285 -0.123058 -0.112927 9.805228 
3298879233193 -0.123941 -0.111976 9.805228 
3298899039101 -0.123494 -0.111910 9.805234 
3298918875527 -0.122995 -0.112594 9.805232 
3298938681435 -0.123002 -0.111929 9.805240 
3298958517861 -0.123921 -0.111472 9.805234 
3298978323769 -0.123623 -0.111749 9.805234 
3298998129677 -0.123038 -0.111885 9.805240 
3299017966103 -0.123725 -0.111690 9.805233 
3299037802529 -0.125481 -0.111100 9.805218 
3299057608437 -0.125356 -0.111319 9.805218 
3299077444863 -0.124697 -0.111124 9.805227 
3299097250771 -0.125129 -0.110954 9.805224 
3299117056679 -0.124963 -0.111267 9.805223 
3299136893105 -0.124502 -0.111507 9.805226 
3299156699013 -0.124975 -0.111075 9.805225 
3299176535439 -0.125522 -0.110426 9.805225 
3299196341347 -0.124247 -0.110687 9.805239 
3299216147256 -0.124353 -0.110771 9.805236 
3299235983681 -0.125930 -0.110895 9.805215 
3299255789590 -0.125240 -0.111432 9.805217 
3299275595498 -0.124348 -0.111492 9.805227 
3299295431924 -0.125488 -0.111321 9.805215 
3299315268349 -0.125145 -0.111293 9.805220 
3299335074257 -0.124181 -0.111659 9.805228 
3299354910683 -0.124937 -0.111247 9.805223 
3299374716591 -0.124933 -0.111619 9.805220 
3299394522500 -0.124755 -0.111976 9.805217 
3299414358925 -0.125236 -0.111693 9.805214 
3299434164834 -0.125209 -0.111897 9.805212 
3299454001259 -0.124656 -0.112344 9.805215 
3299473807168 -0.124965 -0.111955 9.805215 
3299493613076 -0.125275 -0.111829 9.805212 
3299513449502 -0.124241 -0.112286 9.805221 
3299533255410 -0.124243 -0.111742 9.805226 
3299553091836 -0.124722 -0.111371 9.805224 
3299572897744 -0.123866 -0.111993 9.805228 
3299592734170 -0.123586 -0.111797 9.805234 
3299612570595 -0.124465 -0.111425 9.805227 
3299632376504 -0.123678 -0.111799 9.805232 
3299652182412 -0.123175 -0.111538 9.805242 
3299672018838 -0.123994 -0.110854 9.805240 
3299691824746 -0.123606 -0.111015 9.805243 
3299711630654 -0.123332 -0.111249 9.805244 
3299731467080 -0.124303 -0.110661 9.805239 
3299751272988 -0.123596 -0.111215 9.805241 
3299771078896 -0.122860 -0.111358 9.805248 
3299790915322 -0.123560 -0.110840 9.805245 
3299810721230 -0.123108 -0.111060 9.805248 
3299830557656 -0.122779 -0.110747 9.805256 
3299850363564 -0.123478 -0.110731 9.805247 
3299870169472 -0.122954 -0.111265 9.805248 
3299890005898 -0.122547 -0.111646 9.805249 
3299909842324 -0.123487 -0.111372 9.805240 
3299929648232 -0.122876 -0.111732 9.805244 
3299949484658 -0.122469 -0.111623 9.805250 
3299969290566 -0.123351 -0.111193 9.805244 
3299989126992 -0.122669 -0.111564 9.805248 
3300008932900 -0.122346 -0.111298 9.805256 
3300028738808 -0.123232 -0.111117 9.805246 
3300048575234 -0.122556 -0.111644 9.805249 
3300068381142 -0.122081 -0.111615 9.805255 
3300088187050 -0.123284 -0.111184 9.805245 
3300108023476 -0.122834 -0.111395 9.805248 
3300127829384 -0.122658 -0.111458 9.805250 
3300147635293 -0.123688 -0.110954 9.805243 
3300167471718 -0.122992 -0.111250 9.805248 
3300187308144 -0.123044 -0.111072 9.805249 
3300207144570 -0.123748 -0.110506 9.805246 
3300226950478 -0.123051 -0.110817 9.805252 
3300246756386 -0.122632 -0.111046 9.805255 
3300266592812 -0.123188 -0.110719 9.805251 
3300286398720 -0.122366 -0.111175 9.805256 
3300306204629 -0.121971 -0.111393 9.805259 
3300326041054 -0.122775 -0.111051 9.805253 
3300345846963 -0.122276 -0.111190 9.805257 
3300365652871 -0.121808 -0.111490 9.805260 
3300385489297 -0.122636 -0.111305 9.805251 
3300405295205 -0.121997 -0.111356 9.805260 
3300425101113 -0.121390 -0.111641 9.805264 
3300444937539 -0.122152 -0.111681 9.805254 
3300464773965 -0.121987 -0.111797 9.805254 
3300484610390 -0.121610 -0.111847 9.805259 
3300504416299 -0.122051 -0.111582 9.805256 
3300524222207 -0.121818 -0.112025 9.805254 
3300544058632 -0.121527 -0.112387 9.805254 
3300563864541 -0.122609 -0.111865 9.805245 
3300583700966 -0.122364 -0.112225 9.805244 
3300603506875 -0.121646 -0.112246 9.805253 
3300623312783 -0.122493 -0.111816 9.805247 
3300643149209 -0.122094 -0.112100 9.805249 
3300662955117 -0.121303 -0.112288 9.805257 
3300682761025 -0.122390 -0.111696 9.805250 
3300702597451 -0.122078 -0.111661 9.805255 
3300722403359 -0.121451 -0.112259 9.805256 
3300742239785 -0.122062 -0.111898 9.805253 
3300762076211 -0.122003 -0.111705 9.805255 
3300781882119 -0.121299 -0.111991 9.805261 
3300801688027 -0.122233 -0.111246 9.805257 
3300821524453 -0.121860 -0.111707 9.805257 
3300841330361 -0.120938 -0.112152 9.805264 
3300861166787 -0.121804 -0.111493 9.805260 
3300880972695 -0.121910 -0.111234 9.805262 
3300900778603 -0.121310 -0.111551 9.805265 
3300920615029 -0.121830 -0.111205 9.805264 
3300940420937 -0.121557 -0.110798 9.805271 
3300960226845 -0.120816 -0.111221 9.805276 
3300980063271 -0.121345 -0.110559 9.805276 
3300999869179 -0.121235 -0.110491 9.805278 
3301019705605 -0.120741 -0.111153 9.805277 
3301039542031 -0.120967 -0.110891 9.805277 
3301059347939 -0.121349 -0.110577 9.805276 
3301079184365 -0.120551 -0.111079 9.805281 
3301098990273 -0.120921 -0.111057 9.805275 
3301118796181 -0.121686 -0.110725 9.805270 
3301138632607 -0.120937 -0.111148 9.805274 
3301158438515 -0.121153 -0.110971 9.805274 
3301178244424 -0.121660 -0.110571 9.805272 
3301198080849 -0.121619 -0.110695 9.805271 
3301217886757 -0.121423 -0.110465 9.805276 
3301237723183 -0.121999 -0.110376 9.805270 
3301257529091 -0.121630 -0.111113 9.805266 
3301277335000 -0.121759 -0.111271 9.805264 
3301297171425 -0.122403 -0.111076 9.805258 
3301317007851 -0.121473 -0.111479 9.805264 
3301336813759 -0.121053 -0.111223 9.805273 
3301356650185 -0.121427 -0.111113 9.805269 
3301376456093 -0.121082 -0.111825 9.805265 
3301396262002 -0.121297 -0.111719 9.805264 
3301416098427 -0.122041 -0.111192 9.805261 
3301435904336 -0.121031 -0.111658 9.805267 
3301455740761 -0.120614 -0.111400 9.805276 
3301475546670 -0.121409 -0.110911 9.805271 
3301495352578 -0.121122 -0.111222 9.805271 
3301515189004 -0.120541 -0.111138 9.805280 
3301534994912 -0.121423 -0.110661 9.805274 
3301554800820 -0.120658 -0.110902 9.805281 
3301574637246 -0.120573 -0.110904 9.805282 
3301594473672 -0.121612 -0.110594 9.805272 
3301614310097 -0.120774 -0.110994 9.805279 
3301634116006 -0.120373 -0.111081 9.805283 
3301653921914 -0.121948 -0.110593 9.805268 
3301673758340 -0.121321 -0.110913 9.805273 
3301693564248 -0.120907 -0.110686 9.805280 
3301713370156 -0.121750 -0.110200 9.805275 
3301733206582 -0.121139 -0.110452 9.805280 
3301753012490 -0.120959 -0.110390 9.805284 
3301772818398 -0.121808 -0.110000 9.805277 
3301792654824 -0.121029 -0.110822 9.805277 
3301812460732 -0.120153 -0.110828 9.805287 
3301832297158 -0.121176 -0.110333 9.805281 
3301852103066 -0.120663 -0.110589 9.805285 
3301871908974 -0.120189 -0.110371 9.805293 
3301891745400 -0.121047 -0.109905 9.805287 
3301911581826 -0.120992 -0.110161 9.805285 
3301931387734 -0.120491 -0.110028 9.805292 
3301951224160 -0.121206 -0.110047 9.805284 
3301971030068 -0.120613 -0.110450 9.805286 
3301990835976 -0.120444 -0.110543 9.805287 
3302010672402 -0.121401 -0.110545 9.805276 
3302030478310 -0.120547 -0.111021 9.805281 
3302050314736 -0.120069 -0.110618 9.805291 
3302070120644 -0.120727 -0.110144 9.805289 
3302089926552 -0.119894 -0.110627 9.805294 
3302109762978 -0.119515 -0.110478 9.805299 
3302129568886 -0.120652 -0.110176 9.805288 
3302149374795 -0.119832 -0.110422 9.805297 
3302169211220 -0.119129 -0.110588 9.805303 
3302189047646 -0.120430 -0.110443 9.805289 
3302208853554 -0.120567 -0.110926 9.805283 
3302228689980 -0.119986 -0.111148 9.805286 
3302248495888 -0.119423 -0.111136 9.805293 
3302268301797 -0.119288 -0.111359 9.805292 
3302288138222 -0.118827 -0.111797 9.805293 
3302307944131 -0.119511 -0.111280 9.805290 
3302327780556 -0.119367 -0.111112 9.805294 
3302347586465 -0.118813 -0.111321 9.805298 
3302367392373 -0.119436 -0.110681 9.805298 
3302387228799 -0.118902 -0.110831 9.805303 
3302407034707 -0.118616 -0.110976 9.805305 
3302426840615 -0.118005 -0.111121 9.805311 
3302446677041 -0.119117 -0.110634 9.805303 
3302466513466 -0.119131 -0.110784 9.805301 
3302486349892 -0.119581 -0.110628 9.805297 
3302506155800 -0.119199 -0.110782 9.805300 
3302525961709 -0.119059 -0.110931 9.805300 
3302545798134 -0.119791 -0.110660 9.805294 
3302565604043 -0.120496 -0.110402 9.805287 
3302585409951 -0.119842 -0.110964 9.805289 
3302605246377 -0.120793 -0.110312 9.805285 
3302625052285 -0.121079 -0.110318 9.805283 
3302644858193 -0.120571 -0.111127 9.805280 
3302664694619 -0.120468 -0.110547 9.805287 
3302684500527 -0.121233 -0.111090 9.805271 
3302704306435 -0.120486 -0.111559 9.805276 
3302724142861 -0.120605 -0.111654 9.805273 
3302743979287 -0.121361 -0.111530 9.805264 
3302763815713 -0.120528 -0.112227 9.805267 
3302783621621 -0.121030 -0.112148 9.805262 
3302803427529 -0.121234 -0.112008 9.805261 
3302823263955 -0.120732 -0.112523 9.805262 
3302843069863 -0.121399 -0.112265 9.805256 
3302862906289 -0.121903 -0.112199 9.805250 
3302882712197 -0.121272 -0.112617 9.805253 
3302902518105 -0.121848 -0.112215 9.805251 
3302922354531 -0.121938 -0.111991 9.805252 
3302942160439 -0.121084 -0.112338 9.805259 
3302961966347 -0.120485 -0.112675 9.805263 
3302981802773 -0.120777 -0.112518 9.805261 
3303001608681 -0.120418 -0.113073 9.805260 
3303021414590 -0.121506 -0.112510 9.805251 
3303041251015 -0.121126 -0.112836 9.805254 
3303061087441 -0.120741 -0.113144 9.805255 
3303080893349 -0.120140 -0.113674 9.805256 
3303100729775 -0.119492 -0.113877 9.805261 
3303120535683 -0.118948 -0.113672 9.805270 
3303140372109 -0.119868 -0.113181 9.805264 
3303160178017 -0.119702 -0.113485 9.805263 
3303179983925 -0.119536 -0.113450 9.805265 
3303199820351 -0.120361 -0.113044 9.805260 
3303219626259 -0.119616 -0.113183 9.805267 
3303239462685 -0.118990 -0.113330 9.805273 
3303259268593 -0.119901 -0.113083 9.805265 
3303279074502 -0.119572 -0.113302 9.805266 
3303298910927 -0.119176 -0.113362 9.805270 
3303318747353 -0.119923 -0.113188 9.805264 
3303338553261 -0.119351 -0.113951 9.805262 
3303358389687 -0.119295 -0.114003 9.805262 
3303378195595 -0.120187 -0.113724 9.805254 
3303398001504 -0.119532 -0.113920 9.805260 
3303417837929 -0.118981 -0.114036 9.805264 
3303437643838 -0.120134 -0.113683 9.805255 
3303457480263 -0.119487 -0.114351 9.805255 
3303477286172 -0.119105 -0.114222 9.805262 
3303497092080 -0.119783 -0.113701 9.805259 
3303516928506 -0.119376 -0.113822 9.805264 
3303536734414 -0.119250 -0.113582 9.805267 
3303556540322 -0.120051 -0.113147 9.805263 
3303576376748 -0.119313 -0.113461 9.805267 
3303596213174 -0.119002 -0.113104 9.805275 
3303616019082 -0.119921 -0.112798 9.805269 
3303635855507 -0.119357 -0.113036 9.805273 
3303655661416 -0.119363 -0.113423 9.805268 
3303675497841 -0.119707 -0.112920 9.805269 
3303695303750 -0.119629 -0.113547 9.805263 
3303715109658 -0.118840 -0.114230 9.805265 
3303734946084 -0.119764 -0.113330 9.805264 
3303754751992 -0.119532 -0.113708 9.805263 
3303774557900 -0.118823 -0.113669 9.805271 
3303794394326 -0.119829 -0.113659 9.805260 
3303814200234 -0.120063 -0.113637 9.805257 
3303834006142 -0.120441 -0.113769 9.805250 
3303853842568 -0.120500 -0.114136 9.805245 
3303873648476 -0.120869 -0.114170 9.805241 
3303893484902 -0.121226 -0.114289 9.805235 
3303913321328 -0.121267 -0.114165 9.805236 
3303933127236 -0.121066 -0.113969 9.805240 
3303952963662 -0.121191 -0.113860 9.805241 
3303972769570 -0.121234 -0.113902 9.805240 
3303992575478 -0.121271 -0.114105 9.805237 
3304012411904 -0.121081 -0.113992 9.805240 
3304032217812 -0.121125 -0.113882 9.805242 
3304052023720 -0.120926 -0.113852 9.805243 
3304071860146 -0.121284 -0.113438 9.805243 
3304091666054 -0.121319 -0.113118 9.805247 
