# Created at Tue Jun 01 16:18:15 GMT+02:00 2021 in Burnaby Canada 
3297789171947 -0.001706 0.004152 -0.001121 
3297808977855 -0.001607 -0.000687 0.012796 
3297828814281 0.000805 0.005988 0.007735 
3297848620189 0.005438 -0.005844 0.002846 
3297868426097 0.000456 0.003760 -0.001867 
3297888262523 0.012048 -0.001292 0.000508 
3297908098949 -0.004507 0.003314 0.005108 
3297927904857 -0.002227 0.007752 0.000319 
3297947741283 0.007138 0.000492 -0.004324 
3297967547191 0.000010 -0.001909 -0.004180 
3297987383617 0.005131 -0.006530 0.000596 
3298007189525 -0.004016 -0.006381 -0.006369 
3298026995433 0.005409 -0.003936 -0.003840 
3298046831859 0.000655 -0.003641 -0.015274 
3298066637767 -0.006272 -0.005657 -0.005514 
3298086443676 0.000927 -0.000458 -0.003010 
3298106280101 0.003467 -0.002825 -0.000591 
3298126086009 0.001093 0.002065 -0.002885 
3298145922435 0.001097 -0.000153 -0.002786 
3298165758861 0.001330 -0.004598 -0.002687 
3298185564769 -0.000761 -0.004278 0.004340 
3298205401195 -0.003011 -0.003969 -0.002734 
3298225207103 -0.004957 0.000715 -0.000324 
3298245013011 0.002195 0.003173 0.013569 
3298264849437 -0.002469 0.005550 -0.003077 
3298284655345 -0.004663 0.001129 0.003963 
3298304461254 0.002480 0.003803 0.001535 
3298324297679 0.000122 0.001757 -0.000826 
3298344103588 0.000158 -0.005067 0.006137 
3298363909496 0.004809 -0.002416 0.008251 
3298383745922 0.007005 -0.004485 0.012610 
3298403551830 0.002195 0.012012 0.007562 
3298423357738 -0.000154 -0.002319 0.002678 
3298443194164 0.007053 0.000456 0.004912 
3298463030590 0.004542 0.012172 0.014000 
3298482867015 0.002360 0.005230 0.001977 
3298502672924 -0.004626 -0.004026 0.011177 
3298522509349 0.000429 0.002975 0.008492 
3298542315258 0.005072 0.007674 -0.003353 
3298562121166 0.002641 0.002953 0.006010 
3298581957592 0.002594 0.000706 -0.001120 
3298601763500 0.000461 0.000617 -0.005711 
3298621573281 -0.006462 0.005394 -0.000886 
3298641409707 0.007903 0.007465 -0.000854 
3298661215615 0.005596 0.009463 -0.012402 
3298681021523 0.012399 0.009079 -0.009672 
3298700857949 -0.001849 0.001758 -0.018599 
3298720663857 0.002887 -0.002986 -0.008730 
3298740500283 0.005135 -0.000421 -0.015368 
3298760336709 0.005006 0.004156 -0.010240 
3298780142617 0.005111 -0.000683 -0.005264 
3298799979043 0.000597 0.001587 -0.007401 
3298819784951 0.002935 -0.003151 0.002109 
3298839590859 0.000335 0.008450 0.004336 
3298859427285 0.020720 -0.001393 0.015748 
3298879233193 -0.023869 0.019186 -0.037969 
3298899039101 0.013977 -0.007193 0.023431 
3298918875527 0.015840 -0.013713 -0.044431 
3298938681435 0.001475 0.011917 -0.066081 
3298958517861 -0.026306 0.011475 0.037898 
3298978323769 0.009291 -0.002600 0.015825 
3298998129677 0.018257 -0.004859 -0.037906 
3299017966103 -0.004990 0.004506 -0.018140 
3299037802529 -0.022372 0.015875 -0.008261 
3299057608437 0.018172 -0.007827 0.010517 
3299077444863 0.019912 0.011115 0.007854 
3299097250771 -0.017958 0.010929 -0.040980 
3299117056679 0.005796 -0.010293 -0.011854 
3299136893105 0.014894 -0.007679 -0.055400 
3299156699013 -0.006173 0.011029 0.013518 
3299176535439 -0.008026 0.017564 -0.007742 
3299196341347 0.031364 -0.008510 -0.035247 
3299216147256 0.012316 0.003519 -0.045628 
3299235983681 -0.024382 0.008429 0.025291 
3299255789590 0.020397 -0.010158 0.026767 
3299275595498 0.026689 -0.002929 -0.006502 
3299295431924 -0.024831 0.004071 -0.038674 
3299315268349 0.010719 -0.000744 0.011202 
3299335074257 0.021725 -0.005149 0.013129 
3299354910683 -0.020614 0.011162 -0.042813 
3299374716591 0.000928 -0.005204 0.002558 
3299394522500 0.012718 -0.004844 0.009425 
3299414358925 -0.013122 0.006837 0.002164 
3299434164834 0.008385 -0.007316 0.006726 
3299454001259 0.017381 -0.006884 -0.039752 
3299473807168 -0.008615 0.009481 0.037905 
3299493613076 -0.008300 0.002188 0.011197 
3299513449502 0.031329 -0.014126 -0.040064 
3299533255410 0.007415 0.014057 0.023726 
3299553091836 -0.013616 0.008912 0.043748 
3299572897744 0.019013 -0.019174 -0.017850 
3299592734170 0.009158 0.004548 -0.017255 
3299612570595 -0.018650 0.001809 0.071217 
3299632376504 0.023639 -0.012176 -0.000557 
3299652182412 0.015932 0.006697 -0.039863 
3299672018838 -0.023881 0.010819 0.074803 
3299691824746 0.018797 -0.012941 0.014489 
3299711630654 0.016112 -0.000758 -0.036877 
3299731467080 -0.021176 0.008244 0.056880 
3299751272988 0.021197 -0.017505 0.011028 
3299771078896 0.015657 0.001762 -0.026347 
3299790915322 -0.026688 0.013220 0.032364 
3299810721230 0.013553 -0.008078 0.031285 
3299830557656 0.010816 0.001165 -0.029911 
3299850363564 -0.019593 0.005945 0.012729 
3299870169472 0.015783 -0.010264 0.026187 
3299890005898 0.012984 -0.005103 -0.027887 
3299909842324 -0.019583 0.006586 0.003120 
3299929648232 0.018106 -0.012190 0.035393 
3299949484658 0.012913 0.002052 -0.021292 
3299969290566 -0.024495 0.011184 -0.013649 
3299989126992 0.020290 -0.012362 0.023814 
3300008932900 0.010393 0.006517 -0.013988 
3300028738808 -0.024618 0.011103 -0.020452 
3300048575234 0.020173 -0.017059 0.028803 
3300068381142 0.014900 -0.000358 -0.018429 
3300088187050 -0.026962 0.011171 -0.010864 
3300108023476 0.020450 -0.007743 0.026509 
3300127829384 0.013093 -0.002913 -0.022943 
3300147635293 -0.028956 0.013335 -0.005998 
3300167471718 0.020610 -0.010283 0.031225 
3300187308144 0.006300 0.003895 -0.006836 
3300207144570 -0.019326 0.015284 -0.020473 
3300226950478 0.020670 -0.010714 0.031097 
3300246756386 0.013076 -0.000921 -0.006959 
3300266592812 -0.015092 0.008313 -0.015975 
3300286398720 0.017589 -0.007961 0.021565 
3300306204629 0.012414 -0.000576 -0.009212 
3300326041054 -0.015503 0.008647 -0.008902 
3300345846963 0.015103 -0.005551 0.016839 
3300365652871 0.014627 -0.002878 -0.018427 
3300385489297 -0.022841 0.011285 -0.027059 
3300405295205 0.012429 -0.003018 0.010849 
3300425101113 0.011813 0.004446 -0.019571 
3300444937539 -0.020944 0.011647 -0.025861 
3300464773965 0.012405 -0.004970 0.014328 
3300484610390 0.012019 -0.002548 -0.020842 
3300504416299 -0.011497 0.006755 -0.036343 
3300524222207 0.007426 -0.014342 0.013441 
3300544058632 0.009522 -0.011593 -0.021699 
3300563864541 -0.030092 0.014193 -0.034856 
3300583700966 0.007947 -0.011769 -0.001317 
3300603506875 0.021592 -0.002176 0.010305 
3300623312783 -0.023055 0.011731 -0.052490 
3300643149209 0.012448 -0.009517 -0.004484 
3300662955117 0.023625 -0.006929 0.011861 
3300682761025 -0.023177 0.016385 -0.050984 
3300702597451 0.010015 0.006778 -0.012274 
3300722403359 0.018957 -0.011772 0.004319 
3300742239785 -0.016340 0.016567 -0.042079 
3300762076211 0.002730 0.004406 -0.015232 
3300781882119 0.021178 -0.009665 0.003773 
3300801688027 -0.025757 0.020688 -0.037978 
3300821524453 0.004961 -0.007575 -0.015900 
3300841330361 0.020790 -0.007135 -0.010738 
3300861166787 -0.023831 0.011328 -0.033511 
3300880972695 0.004983 0.006286 -0.020827 
3300900778603 0.018727 -0.010167 -0.036328 
3300920615029 -0.014246 0.008624 0.001891 
3300940420937 0.002211 0.010605 -0.021303 
3300960226845 0.022992 -0.012922 -0.057601 
3300980063271 -0.014755 0.017540 0.022967 
3300999869179 0.004264 0.000712 -0.014807 
3301019705605 0.015714 -0.013005 -0.046701 
3301039542031 -0.012769 0.005893 0.021936 
3301059347939 -0.009999 0.007953 -0.018119 
3301079184365 0.017895 -0.008309 -0.061470 
3301098990273 -0.003258 0.006034 0.019233 
3301118796181 -0.014454 0.008087 0.007030 
3301138632607 0.023063 -0.013040 -0.046408 
3301158438515 -0.005438 0.010710 0.001413 
3301178244424 -0.007316 0.003149 0.026811 
3301198080849 0.009378 -0.011104 -0.045798 
3301217886757 0.006780 0.005415 -0.016512 
3301237723183 -0.016547 0.000558 0.058055 
3301257529091 0.011792 -0.015470 -0.022526 
3301277335000 -0.002453 0.001428 -0.035637 
3301297171425 -0.018539 0.003652 0.058064 
3301317007851 0.021201 -0.012710 -0.027139 
3301336813759 0.006416 0.006177 -0.016989 
3301356650185 -0.017122 0.001289 0.034463 
3301376456093 0.011239 -0.014765 -0.029136 
3301396262002 0.001858 0.009042 -0.030475 
3301416098427 -0.021305 0.013327 0.049189 
3301435904336 0.015978 -0.014919 0.015152 
3301455740761 0.013158 0.006361 -0.020045 
3301475546670 -0.021946 0.013037 -0.019377 
3301495352578 0.008889 -0.010571 0.020593 
3301515189004 0.017869 0.001301 -0.019418 
3301534994912 -0.024339 0.012777 -0.028019 
3301554800820 0.022771 -0.008506 0.016856 
3301574637246 0.003531 -0.001338 -0.013766 
3301594473672 -0.028935 0.007910 -0.024872 
3301614310097 0.018087 -0.013213 0.017579 
3301634116006 0.012883 -0.003572 -0.031579 
3301653921914 -0.031000 0.012698 0.006487 
3301673758340 0.018634 -0.010898 0.027098 
3301693564248 0.013411 0.005613 -0.043205 
3301713370156 -0.024016 0.012314 0.036882 
3301733206582 0.011290 -0.008954 0.028718 
3301753012490 0.006313 0.000545 -0.016194 
3301772818398 -0.023946 0.009731 0.016722 
3301792654824 0.023151 -0.025331 0.018480 
3301812460732 0.019866 0.005773 -0.037641 
3301832297158 -0.029341 0.012468 0.046879 
3301852103066 0.015605 -0.008804 0.003676 
3301871908974 0.015115 0.005321 -0.038071 
3301891745400 -0.024687 0.004876 0.048776 
3301911581826 0.008784 -0.009211 0.042521 
3301931387734 0.015451 0.002615 -0.009784 
3301951224160 -0.019726 0.005028 -0.004824 
3301971030068 0.010809 -0.006520 0.032345 
3301990835976 0.005847 -0.004049 -0.005741 
3302010672402 -0.026694 0.005533 -0.005547 
3302030478310 0.025097 -0.015523 0.036278 
3302050314736 0.007878 0.010393 -0.006574 
3302070120644 -0.024974 0.012315 -0.001726 
3302089926552 0.024461 -0.015903 0.044588 
3302109762978 0.012111 0.003091 -0.019350 
3302129568886 -0.025044 0.007560 -0.014071 
3302149374795 0.017229 -0.008917 0.039585 
3302169211220 0.006971 -0.006346 0.024380 
3302189047646 -0.015670 0.003063 -0.031930 
3302208853554 0.003609 -0.015598 0.015393 
3302228689980 0.017398 -0.008179 0.028760 
3302248495888 0.016849 -0.008179 0.027799 
3302268301797 0.004753 -0.007954 0.006060 
3302288138222 0.013874 -0.007505 0.031304 
3302307944131 -0.018935 0.013510 0.004817 
3302327780556 0.004852 -0.003407 0.011586 
3302347586465 0.016282 -0.007955 0.048208 
3302367392373 -0.023783 0.010533 -0.018172 
3302387228799 0.009202 -0.006046 0.024071 
3302407034707 0.008926 -0.005892 0.023269 
3302426840615 0.017904 -0.012914 0.052566 
3302446677041 -0.031237 0.012915 -0.013954 
3302466513466 0.007072 -0.006059 0.025838 
3302486349892 -0.025992 0.003349 -0.009736 
3302506155800 0.004749 -0.006056 0.022977 
3302525961709 0.004619 -0.005899 0.022211 
3302545798134 -0.020949 0.005814 0.051532 
3302565604043 -0.020223 0.005575 0.049814 
3302585409951 0.019805 -0.017786 0.006529 
3302605246377 -0.027081 0.010277 0.034068 
3302625052285 -0.007654 -0.001674 0.014421 
3302644858193 0.015760 -0.024794 -0.009188 
3302664694619 -0.010644 0.008137 0.048931 
3302684500527 -0.014646 -0.010446 0.019546 
3302704306435 0.022881 -0.014777 -0.022731 
3302724142861 -0.003296 0.002096 0.061295 
3302743979287 -0.014493 0.001981 0.022246 
3302763815713 0.025327 -0.021258 -0.027067 
3302783621621 -0.007637 0.000218 0.064050 
3302803427529 -0.012215 0.002482 0.020272 
3302823263955 0.008820 -0.016146 -0.019731 
3302843069863 -0.019203 0.012322 0.061893 
3302862906289 -0.013901 0.000299 0.015875 
3302882712197 0.018966 -0.013635 0.013030 
3302902518105 -0.016330 0.009902 0.035739 
3302922354531 -0.001876 0.004908 0.013721 
3302942160439 0.018800 -0.011499 0.001697 
3302961966347 0.018201 -0.011161 0.001640 
3302981802773 -0.007822 0.003046 0.015466 
3303001608681 0.010978 -0.010748 0.021900 
3303021414590 -0.023838 0.015010 -0.001970 
3303041251015 0.011692 -0.010980 0.014291 
3303061087441 0.018492 -0.010659 0.032329 
3303080893349 0.017904 -0.010116 0.031254 
3303100729775 0.012473 -0.007508 0.023262 
3303120535683 0.009557 0.004259 0.022484 
3303140372109 -0.025440 0.013320 -0.036086 
3303160178017 0.005511 -0.010297 0.011374 
3303179983925 0.005358 -0.000753 0.029506 
3303199820351 -0.022550 0.010788 -0.038562 
3303219626259 0.022187 -0.005800 0.029807 
3303239462685 0.019162 -0.005654 -0.005894 
3303259268593 -0.025404 0.006053 -0.019577 
3303279074502 0.010180 -0.008076 0.025031 
3303298910927 0.012170 -0.003220 0.012632 
3303318747353 -0.020582 0.003772 -0.015549 
3303338553261 0.017143 -0.016982 0.031229 
3303358389687 0.002719 -0.002581 -0.023001 
3303378195595 -0.025104 0.006709 0.003210 
3303398001504 0.012540 -0.007440 0.035477 
3303417837929 0.016784 -0.004924 0.011166 
3303437643838 -0.032318 0.009072 -0.021598 
3303457480263 0.012501 -0.014173 0.025393 
3303477286172 0.012115 0.002432 -0.007844 
3303497092080 -0.025496 0.013868 -0.014518 
3303516928506 0.012389 -0.005136 0.022974 
3303536734414 0.005072 -0.000620 -0.049495 
3303556540322 -0.022830 0.010920 0.033104 
3303576376748 0.021912 -0.017458 0.022749 
3303596213174 0.002468 0.008523 0.042800 
3303616019082 -0.025349 0.008197 -0.048824 
3303635855507 0.017164 -0.008317 0.003676 
3303655661416 0.007600 -0.005537 -0.005689 
3303675497841 -0.015983 0.020279 -0.005499 
3303695303750 0.003074 -0.012600 0.001635 
3303715109658 0.016647 -0.014291 0.013144 
3303734946084 -0.025517 0.018287 -0.033567 
3303754751992 0.007758 -0.012449 -0.002373 
3303774557900 0.014230 -0.000514 0.025463 
3303794394326 -0.027841 -0.000542 -0.044785 
3303814200234 0.001089 -0.000569 -0.013214 
3303834006142 -0.003307 -0.005212 0.003425 
3303853842568 -0.000856 -0.004848 -0.008251 
3303873648476 -0.002886 0.004750 -0.010286 
3303893484902 -0.002532 -0.004702 -0.007625 
3303913321328 -0.000101 0.002340 -0.014318 
3303933127236 0.006862 0.004533 -0.016156 
3303952963662 -0.002587 0.002021 -0.017934 
3303972769570 -0.000155 0.004454 -0.012702 
3303992575478 -0.000122 -0.000139 -0.009960 
3304012411904 -0.000320 0.002136 -0.018879 
3304032217812 -0.000281 0.002020 -0.013633 
3304052023720 0.006689 -0.000408 -0.006231 
3304071860146 -0.002525 0.003966 -0.010655 
3304091666054 -0.000098 0.001246 -0.007987 
