# Created at Tue Jun 01 16:18:15 GMT+02:00 2021 in Burnaby Canada 
3297791552318 -0.607300 -24.406433 18.008423 
3297811419261 -0.607300 -24.406433 18.008423 
3297831316722 -0.607300 -24.406433 18.008423 
3297851183666 -0.608826 -24.406433 17.860413 
3297871081127 -0.608826 -24.406433 17.860413 
3297890948070 -0.608826 -24.107361 17.858887 
3297910815013 -0.610352 -23.954773 17.858887 
3297930681957 -0.610352 -23.805237 17.857361 
3297950579418 -0.616455 -22.604370 17.852783 
3297970446361 -0.616455 -22.604370 17.852783 
3297990313304 -0.012207 -22.906494 17.855835 
3298010180248 -0.163269 -22.906494 17.855835 
3298030047191 -0.163269 -22.906494 17.855835 
3298049914134 -0.163269 -22.906494 17.855835 
3298069781078 -0.463867 -22.904968 17.855835 
3298089648021 -0.463867 -22.903442 17.706299 
3298109545482 -0.463867 -22.903442 17.558289 
3298129412426 -0.463867 -22.901917 17.259216 
3298149279369 -0.462341 -23.205566 17.559814 
3298169176830 -0.462341 -23.205566 17.559814 
3298189043773 -0.462341 -23.205566 17.559814 
3298208910717 -0.460815 -23.504639 17.559814 
3298228808177 -0.457764 -24.107361 17.562866 
3298248675121 -0.457764 -24.107361 17.562866 
3298268542064 -0.457764 -24.107361 17.562866 
3298288409008 -0.459290 -23.954773 17.562866 
3298308275951 -0.459290 -23.954773 17.562866 
3298328142894 -0.459290 -23.953247 17.263794 
3298348009838 -0.460815 -23.953247 17.114258 
3298367876781 -0.459290 -23.953247 17.263794 
3298387743724 -0.460815 -23.953247 17.114258 
3298407610668 -0.460815 -23.953247 17.114258 
3298427477611 -0.460815 -23.803711 17.112732 
3298447375072 -0.460815 -23.803711 17.112732 
3298467242015 -0.460815 -23.803711 17.112732 
3298487108959 -0.462341 -23.654175 17.112732 
3298507006420 -0.460815 -23.504639 17.559814 
3298526903881 -0.462341 -23.056030 17.558289 
3298546770824 -0.463867 -22.753906 17.704773 
3298566637767 -0.462341 -23.054504 17.259216 
3298586504711 -0.462341 -23.204041 17.260742 
3298606371654 -0.462341 -23.204041 17.260742 
3298626242470 -0.462341 -23.204041 17.260742 
3298646109414 -0.462341 -23.204041 17.260742 
3298665976357 -0.462341 -23.204041 17.260742 
3298685873818 -0.462341 -23.204041 17.260742 
3298705740761 -0.463867 -23.202515 16.812134 
3298725607705 -0.161743 -23.205566 17.260742 
3298745505166 -0.161743 -23.504639 17.111206 
3298765372109 -0.460815 -23.504639 17.559814 
3298785239052 -0.611877 -23.654175 17.559814 
3298805105996 -0.460815 -23.655701 17.561340 
3298825003457 -0.611877 -23.654175 17.559814 
3298844870400 -0.611877 -23.654175 17.559814 
3298864737343 -0.610352 -23.803711 17.559814 
3298884604287 -0.610352 -23.803711 17.559814 
3298904471230 -0.610352 -23.655701 18.005371 
3298924338174 -0.608826 -23.954773 18.006897 
3298944205117 -0.608826 -23.805237 18.005371 
3298964072060 -0.608826 -23.805237 18.005371 
3298983969521 -0.608826 -23.954773 18.006897 
3299003836465 -0.608826 -23.954773 18.006897 
3299023733925 -0.608826 -23.954773 18.006897 
3299043600869 -0.608826 -23.805237 18.005371 
3299063467812 -0.608826 -23.805237 18.005371 
3299083334756 -0.608826 -23.954773 18.006897 
3299103201699 -0.608826 -23.805237 18.005371 
3299123099160 -0.608826 -23.805237 18.005371 
3299142966103 -0.608826 -23.805237 18.005371 
3299162833047 -0.608826 -23.805237 18.005371 
3299182699990 -0.613403 -23.651123 16.812134 
3299202566933 -0.460815 -23.655701 17.561340 
3299222433877 -0.009155 -23.657227 17.709351 
3299242300820 -0.161743 -23.207092 17.559814 
3299262167763 -0.161743 -23.207092 17.559814 
3299282065224 -0.161743 -23.207092 17.559814 
3299301962685 -0.161743 -23.207092 17.559814 
3299321829629 -0.161743 -23.207092 17.559814 
3299341696572 -0.161743 -23.207092 17.559814 
3299361563515 -0.460815 -23.655701 17.561340 
3299381430459 -0.460815 -23.504639 17.559814 
3299401297402 -0.460815 -23.504639 17.559814 
3299421164345 -0.611877 -23.654175 17.559814 
3299441061806 -1.214600 -23.652649 17.558289 
3299460928750 -0.611877 -23.654175 17.559814 
3299480795693 -0.762939 -23.654175 17.707825 
3299500662636 -1.513672 -23.651123 17.706299 
3299520529580 -1.513672 -23.651123 17.558289 
3299540427041 -1.214600 -23.652649 17.558289 
3299560293984 -1.214600 -23.652649 17.558289 
3299580160927 -1.214600 -23.652649 17.558289 
3299600058388 -1.214600 -23.652649 17.706299 
3299619925332 -1.214600 -23.652649 17.706299 
3299639792275 -1.062012 -23.652649 17.707825 
3299659689736 -1.062012 -23.651123 17.260742 
3299679556679 -1.062012 -23.652649 17.559814 
3299699423623 -1.062012 -23.652649 17.559814 
3299719290566 -1.062012 -23.652649 17.559814 
3299739157509 -1.062012 -23.652649 17.559814 
3299759024453 -1.062012 -23.652649 17.559814 
3299778891396 -0.762939 -23.652649 17.260742 
3299798788857 -0.762939 -23.652649 17.260742 
3299818655800 -0.762939 -23.652649 17.260742 
3299838522744 -0.762939 -23.652649 17.260742 
3299858389687 -0.762939 -23.652649 17.260742 
3299878287148 -0.762939 -23.652649 17.260742 
3299898154091 -0.762939 -23.654175 17.559814 
3299918021035 -0.762939 -23.503113 17.558289 
3299937918496 -1.058960 -23.658752 19.052124 
3299957785439 -1.058960 -23.657227 18.603516 
3299977652382 -1.058960 -23.657227 18.902588 
3299997519326 -1.058960 -23.657227 18.902588 
3300017386269 -1.058960 -23.657227 18.902588 
3300037253213 -1.058960 -23.657227 18.902588 
3300057150674 -1.211548 -23.657227 18.901062 
3300077017617 -1.211548 -23.657227 18.901062 
3300096884560 -1.211548 -23.657227 18.901062 
3300116751504 -1.213074 -23.655701 18.452454 
3300136618447 -1.213074 -23.655701 18.452454 
3300156485390 -1.213074 -23.207092 18.600464 
3300176382851 -1.214600 -23.205566 18.450928 
3300196280312 -1.062012 -23.204041 18.154907 
3300216147256 -0.762939 -23.205566 18.154907 
3300236014199 -1.065063 -23.200989 17.109680 
3300255881142 -0.463867 -23.204041 17.111206 
3300275748086 -0.614929 -23.202515 17.109680 
3300295615029 -0.462341 -23.503113 17.111206 
3300315512490 -0.462341 -23.654175 17.112732 
3300335379433 -0.462341 -23.654175 17.112732 
3300355246377 -0.462341 -23.654175 17.112732 
3300375113320 -0.462341 -23.654175 17.112732 
3300394980263 -0.160217 -23.655701 17.262268 
3300414847207 -0.160217 -23.655701 17.262268 
3300434744668 -0.009155 -23.655701 17.262268 
3300454642129 -0.160217 -23.655701 17.262268 
3300474509072 -0.160217 -23.657227 17.561340 
3300494376015 -0.160217 -23.657227 17.709351 
3300514242959 -0.160217 -23.657227 17.561340 
3300534109902 -0.160217 -23.657227 17.709351 
3300554007363 -0.160217 -23.506165 17.707825 
3300573874306 -0.160217 -23.657227 17.709351 
3300593741250 -0.460815 -23.655701 17.709351 
3300613608193 -0.160217 -23.657227 17.709351 
3300633475136 -0.160217 -23.657227 17.709351 
3300653372597 -0.460815 -23.655701 17.709351 
3300673239541 -0.460815 -23.655701 17.709351 
3300693106484 -0.462341 -23.205566 17.707825 
3300712973427 -0.462341 -23.056030 17.706299 
3300732870888 -0.462341 -23.056030 17.706299 
3300752737832 -0.463867 -22.753906 17.704773 
3300772635293 -0.463867 -22.903442 17.706299 
3300792502236 -0.463867 -22.903442 17.706299 
3300812369179 -0.463867 -22.903442 17.706299 
3300832236123 -0.463867 -22.903442 17.706299 
3300852103066 -0.462341 -23.056030 17.706299 
3300871970009 -0.462341 -23.056030 17.706299 
3300891867470 -0.462341 -23.205566 17.707825 
3300911734414 -0.460815 -23.057556 18.154907 
3300931601357 -0.460815 -23.207092 18.156433 
3300951468300 -0.459290 -23.507690 18.453979 
3300971335244 -0.457764 -23.509216 18.753052 
3300991202187 -0.457764 -23.509216 18.753052 
3301011099648 -0.457764 -23.509216 18.753052 
3301030997109 -0.457764 -23.509216 18.753052 
3301050864052 -0.457764 -23.509216 18.753052 
3301070730996 -0.457764 -23.509216 18.603516 
3301090597939 -0.459290 -23.507690 18.453979 
3301110464882 -0.459290 -23.506165 18.005371 
3301130362343 -0.459290 -23.506165 18.005371 
3301150229287 -0.459290 -23.506165 18.005371 
3301170096230 -0.460815 -23.503113 17.260742 
3301189963174 -0.462341 -23.503113 17.111206 
3301209830117 -0.463867 -23.651123 16.514587 
3301229697060 -0.463867 -23.651123 16.514587 
3301249564004 -0.463867 -23.651123 16.514587 
3301269461465 -0.463867 -23.651123 16.514587 
3301289328408 -0.462341 -23.651123 16.665649 
3301309225869 -0.613403 -23.649597 16.664124 
3301329092812 -0.764465 -23.649597 16.664124 
3301348959756 -0.613403 -23.651123 16.812134 
3301368826699 -0.613403 -23.652649 17.111206 
3301388724160 -0.611877 -23.654175 17.559814 
3301408591103 -0.761414 -23.506165 18.452454 
3301428458047 -0.607300 -23.510742 19.499207 
3301448324990 -0.608826 -23.507690 18.751526 
3301468191933 -0.610352 -23.208618 18.751526 
3301488089394 -0.610352 -23.208618 18.751526 
3301507956338 -0.610352 -23.059082 18.750000 
3301527823281 -0.610352 -23.059082 18.750000 
3301547690224 -0.610352 -23.059082 18.750000 
3301567557168 -0.610352 -23.059082 18.750000 
3301587424111 -0.610352 -23.059082 18.750000 
3301607352090 -0.610352 -23.059082 18.899536 
3301627219033 -0.610352 -23.059082 18.899536 
3301647085976 -0.610352 -23.059082 18.899536 
3301666952920 -0.608826 -23.507690 18.901062 
3301686819863 -0.608826 -23.507690 18.901062 
3301706686806 -0.608826 -23.507690 18.901062 
3301726584267 -0.608826 -23.507690 18.901062 
3301746451211 -0.608826 -23.507690 18.901062 
3301766318154 -0.457764 -23.509216 18.902588 
3301786185097 -0.457764 -23.509216 18.753052 
3301806052041 -0.459290 -23.507690 18.453979 
3301825918984 -0.459290 -23.507690 18.453979 
3301845816445 -0.459290 -23.507690 18.453979 
3301865683388 -0.459290 -23.507690 18.453979 
3301885580849 -0.457764 -23.509216 18.603516 
3301905447793 -0.457764 -23.509216 18.603516 
3301925314736 -0.457764 -23.509216 18.603516 
3301945181679 -0.457764 -23.509216 18.603516 
3301965048623 -0.457764 -23.509216 18.603516 
3301984946084 -0.006104 -23.510742 18.603516 
3302004813027 -0.006104 -23.510742 18.603516 
3302024649453 -0.006104 -23.510742 18.603516 
3302044516396 -0.006104 -23.510742 18.603516 
3302064383340 -0.006104 -23.510742 18.603516 
3302084250283 -0.007629 -23.509216 18.453979 
3302104117226 -0.158691 -23.509216 18.453979 
3302124014687 -0.457764 -23.808289 18.455505 
3302143881631 -0.608826 -23.956299 18.455505 
3302163779091 -0.007629 -23.660278 18.455505 
3302183676552 -0.007629 -23.660278 18.455505 
3302203543496 -0.007629 -23.660278 18.455505 
3302223410439 -0.158691 -23.660278 18.455505 
3302243277382 -0.158691 -23.660278 18.455505 
3302263174843 -0.158691 -23.509216 18.453979 
3302283041787 -0.158691 -23.509216 18.453979 
3302302908730 -0.459290 -23.507690 18.453979 
3302322775674 -0.459290 -23.507690 18.453979 
3302342642617 -0.459290 -23.507690 18.453979 
3302362509560 -0.459290 -23.507690 18.453979 
3302382407021 -0.457764 -23.509216 18.603516 
3302402273965 -0.457764 -23.509216 18.753052 
3302422140908 -0.457764 -23.509216 18.902588 
3302442007851 -0.457764 -23.509216 18.902588 
3302461905312 -0.457764 -23.509216 18.902588 
3302481772256 -0.457764 -23.509216 18.902588 
3302501639199 -0.459290 -23.210144 18.902588 
3302521536660 -0.459290 -23.210144 18.902588 
3302541403603 -0.459290 -23.210144 18.902588 
3302561270547 -0.459290 -23.210144 18.902588 
3302581137490 -0.459290 -23.210144 18.902588 
3302601004433 -0.459290 -23.210144 18.902588 
3302620871377 -0.459290 -23.210144 18.902588 
3302640768838 -0.610352 -23.208618 18.901062 
3302660635781 -0.610352 -23.208618 18.901062 
3302680502724 -0.608826 -23.507690 18.901062 
3302700369668 -0.608826 -23.507690 18.901062 
3302720236611 -0.608826 -23.507690 18.901062 
3302740134072 -0.608826 -23.507690 18.901062 
3302760031533 -0.608826 -23.507690 18.901062 
3302779898476 -0.608826 -23.507690 18.751526 
3302799765420 -0.608826 -23.507690 18.751526 
3302819632363 -0.457764 -23.509216 18.753052 
3302839499306 -0.459290 -23.060608 18.751526 
3302859366250 -0.459290 -23.060608 18.751526 
3302879233193 -0.459290 -23.060608 18.751526 
3302899100136 -0.459290 -23.060608 18.751526 
3302918997597 -0.459290 -23.060608 18.751526 
3302938864541 -0.459290 -23.060608 18.751526 
3302958731484 -0.610352 -23.059082 18.750000 
3302978598427 -0.610352 -23.208618 18.751526 
3302998465371 -0.610352 -23.208618 18.751526 
3303018332314 -0.607300 -23.808289 18.753052 
3303038229775 -0.608826 -23.507690 18.751526 
3303058127236 -0.607300 -23.808289 18.753052 
3303077994179 -0.607300 -23.808289 18.753052 
3303097861123 -0.607300 -23.808289 18.753052 
3303117728066 -0.607300 -23.808289 18.753052 
3303137595009 -0.607300 -23.808289 18.753052 
3303157461953 -0.607300 -23.808289 18.753052 
3303177359414 -0.607300 -23.808289 18.753052 
3303197226357 -0.607300 -23.808289 18.753052 
3303217093300 -0.607300 -23.808289 18.753052 
3303236960244 -0.456238 -23.809814 18.754578 
3303256827187 -0.456238 -23.809814 18.754578 
3303276694131 -0.607300 -23.808289 18.753052 
3303296561074 -0.607300 -23.808289 18.753052 
3303316489052 -0.608826 -23.507690 18.751526 
3303336355996 -0.608826 -23.507690 18.751526 
3303356222939 -0.457764 -23.509216 18.753052 
3303376089882 -0.457764 -23.509216 18.753052 
3303395956826 -0.457764 -23.509216 18.753052 
3303415823769 -0.457764 -23.509216 18.603516 
3303435690713 -0.459290 -23.210144 18.902588 
3303455557656 -0.459290 -23.210144 18.902588 
3303475455117 -0.459290 -23.210144 18.902588 
3303495322060 -0.459290 -23.060608 18.901062 
3303515189004 -0.459290 -23.060608 18.901062 
3303535055947 -0.460815 -22.908020 18.901062 
3303554922890 -0.460815 -22.908020 18.901062 
3303574789834 -0.460815 -22.908020 18.901062 
3303594717812 -0.460815 -22.908020 18.901062 
3303614584756 -0.460815 -22.908020 18.751526 
3303634451699 -0.762939 -22.906494 18.600464 
3303654318642 -0.764465 -22.903442 18.002319 
3303674185586 -0.764465 -22.903442 18.002319 
3303694083047 -0.764465 -22.903442 18.002319 
3303713949990 -0.764465 -22.903442 18.002319 
3303733816933 -0.764465 -22.903442 18.002319 
3303753683877 -0.764465 -22.903442 18.002319 
3303773550820 -0.613403 -22.903442 18.002319 
3303793417763 -0.462341 -22.904968 18.003845 
3303813284707 -0.459290 -23.506165 18.005371 
3303833182168 -0.610352 -23.504639 18.003845 
3303853049111 -0.610352 -23.504639 18.003845 
3303872916054 -0.459290 -23.506165 18.005371 
3303892813515 -0.459290 -23.506165 18.005371 
3303912680459 -0.459290 -23.507690 18.453979 
3303932547402 -0.459290 -23.507690 18.453979 
3303952414345 -0.608826 -23.507690 18.601990 
3303972281289 -0.611877 -22.756958 18.748474 
3303992178750 -0.611877 -22.906494 18.600464 
3304012045693 -0.613403 -23.056030 17.854309 
3304031912636 -0.765991 -22.903442 17.854309 
3304051779580 -1.065063 -22.901917 17.854309 
3304071646523 -1.669312 -22.898865 17.852783 
3304091513466 -1.516724 -22.900391 17.852783 
