3589796727890 0.000031 0.001999 -0.000198  
3589816564316 -0.001205 0.000763 0.001022  
3589836370224 0.001236 -0.000458 0.001022  
3589856206650 0.000031 -0.000458 -0.000198  
3589876012558 0.000031 -0.000458 -0.000198  
3589895818467 0.001236 0.000763 0.001022  
3589915654892 0.000031 0.000763 -0.000198  
3589935460801 0.000031 0.000763 -0.000198  
3589955297226 0.001236 0.000763 -0.000198  
3589975103135 0.000031 0.000763 -0.000198  
3589994909043 -0.001205 -0.000458 0.001022  
3590014745468 0.000031 -0.000458 0.001022  
3590034581894 0.000031 -0.000458 0.001022  
3590054387802 0.000031 0.000763 -0.000198  
3590074224228 0.000031 0.000763 -0.000198  
3590094030136 -0.001205 -0.000458 -0.000198  
3590113866562 0.000031 0.000763 0.001022  
3590133672470 0.000031 -0.000458 -0.000198  
3590153478379 0.000031 0.000763 0.001022  
3590173314804 0.000031 -0.000458 -0.000198  
3590193120713 0.000031 0.000763 -0.000198  
3590212957138 -0.001205 0.000763 -0.000198  
3590232763047 0.000031 -0.000458 0.001022  
3590252568955 -0.001205 -0.000458 0.001022  
3590272405381 0.000031 -0.000458 -0.000198  
3590292211289 0.000031 0.000763 -0.000198  
3590312047715 0.000031 -0.000458 -0.000198  
3590331884140 -0.001205 0.000763 -0.000198  
3590351690049 0.002472 -0.000458 0.001022  
3590371526474 0.000031 0.000763 0.001022  
3590391332383 0.000031 -0.000458 -0.000198  
3590411138291 0.000031 0.000763 -0.000198  
3590430974717 0.000031 -0.000458 0.001022  
3590450780625 0.000031 0.000763 0.001022  
3590470617051 0.000031 -0.000458 -0.000198  
3590490422959 0.000031 -0.000458 0.001022  
3590510228867 0.000031 0.000763 -0.000198  
3590530065293 0.001236 -0.000458 -0.000198  
3590549871201 0.000031 0.000763 -0.000198  
3590569677109 0.000031 0.001999 -0.000198  
3590589513535 0.000031 0.000763 -0.000198  
3590609349961 0.000031 -0.000458 -0.000198  
3590629186386 0.000031 0.001999 0.001022  
3590648992295 -0.001205 0.000763 -0.000198  
3590668798203 0.000031 -0.000458 -0.000198  
3590688634629 0.000031 -0.001678 -0.000198  
3590708440537 0.000031 0.000763 -0.000198  
3590728276963 -0.001205 -0.001678 -0.000198  
3590748082871 -0.001205 0.000763 -0.000198  
3590767888779 -0.001205 -0.000458 -0.000198  
3590787725205 0.000031 -0.000458 0.001022  
3590807531113 0.001236 -0.000458 0.001022  
3590827337021 -0.001205 -0.000458 -0.000198  
3590847173447 0.000031 -0.000458 -0.000198  
3590866979355 0.000031 0.000763 -0.000198  
3590886815781 0.000031 -0.000458 -0.000198  
3590906652207 0.000031 -0.000458 -0.000198  
3590926458115 0.000031 0.000763 -0.000198  
3590946294541 -0.002426 0.000763 -0.000198  
3590966100449 0.000031 -0.000458 0.001022  
3590985906357 0.000031 -0.001678 0.003464  
3591005742783 0.000031 -0.002914 0.002243  
3591025548691 0.000031 0.000763 -0.000198  
3591045385117 -0.002426 0.001999 -0.001419  
3591065191025 0.000031 0.000763 -0.000198  
3591084996933 0.001236 0.000763 -0.000198  
3591104833359 0.000031 0.001999 -0.000198  
3591124639267 -0.001205 0.000763 0.001022  
3591144475693 0.001236 0.000763 -0.000198  
3591164312119 0.000031 -0.000458 -0.000198  
3591184118027 0.000031 -0.000458 0.001022  
3591203954453 0.000031 0.000763 0.001022  
3591223760361 0.001236 0.000763 -0.000198  
3591243566269 0.001236 -0.000458 -0.000198  
3591263402695 0.000031 -0.000458 -0.000198  
3591283208603 -0.001205 -0.000458 -0.000198  
3591303045029 0.000031 -0.000458 -0.000198  
3591322850937 -0.001205 0.000763 -0.001419  
3591342656845 0.000031 -0.001678 0.001022  
3591362493271 0.000031 0.000763 0.001022  
3591382299179 0.000031 -0.000458 0.001022  
3591402135605 -0.001205 -0.000458 0.001022  
3591421941513 0.001236 0.000763 -0.000198  
3591441747422 0.000031 -0.000458 0.001022  
3591461583847 0.000031 0.000763 0.001022  
3591481420273 0.000031 0.000763 0.001022  
3591501226181 0.001236 -0.000458 -0.000198  
3591521062607 0.000031 0.000763 -0.000198  
3591540868515 0.000031 -0.000458 -0.000198  
3591560704941 0.000031 -0.000458 0.001022  
3591580510849 -0.001205 -0.000458 0.001022  
3591600316758 0.001236 -0.001678 0.001022  
3591620153183 0.000031 -0.001678 0.001022  
3591639959092 -0.001205 0.000763 0.001022  
3591659765000 0.000031 0.000763 0.001022  
3591679601426 -0.001205 0.000763 0.001022  
3591699407334 0.000031 -0.000458 0.001022  
3591719243760 0.000031 -0.000458 0.001022  
3591739080185 0.000031 -0.000458 0.001022  
3591758886093 0.000031 0.000763 0.001022  
3591778722519 -0.001205 0.001999 0.001022  
