3589796727890 -0.006354 -0.000782 -0.075595  
3589816564316 0.037944 -0.007465 0.111970  
3589836370224 -0.030473 0.017994 -0.000475  
3589856206650 0.002833 -0.012687 -0.074492  
3589876012558 0.021164 -0.000705 0.122294  
3589895818467 -0.030284 0.017596 -0.018251  
3589915654892 0.012493 -0.013071 -0.063898  
3589935460801 0.014535 0.012803 0.116327  
3589955297226 -0.029748 0.016776 -0.044832  
3589975103135 0.019958 -0.016165 -0.017892  
3589994909043 0.000698 0.010027 0.065971  
3590014745468 -0.024853 0.005068 -0.075013  
3590034581894 0.029096 -0.018237 0.040827  
3590054387802 -0.011056 0.017058 0.037152  
3590074224228 -0.022108 0.000288 -0.086673  
3590094030136 0.027115 -0.013375 0.078131  
3590113866562 -0.017584 0.021770 0.013076  
3590133672470 -0.003205 0.000212 -0.084505  
3590153478379 0.038672 -0.022932 0.098738  
3590173314804 -0.032088 0.026400 -0.010962  
3590193120713 0.001501 -0.018426 -0.084612  
3590212957138 0.033985 -0.001405 0.110201  
3590232763047 -0.036631 0.021777 -0.036889  
3590252568955 0.006146 -0.018049 -0.054154  
3590272405381 0.010486 0.001044 0.091051  
3590292211289 -0.033676 0.021831 -0.057699  
3590312047715 0.029812 -0.018226 -0.016453  
3590331884140 0.003517 0.008052 0.060432  
3590351690049 -0.019812 0.007318 -0.064192  
3590371526474 0.024935 -0.016062 0.021229  
3590391332383 -0.012991 0.019161 0.036701  
3590411138291 -0.010099 0.009254 -0.082478  
3590430974717 0.038726 -0.014191 0.065988  
3590450780625 -0.020241 0.018665 0.015218  
3590470617051 -0.012720 -0.005091 -0.093999  
3590490422959 0.029261 -0.009561 0.096490  
3590510228867 -0.022460 0.027761 -0.017749  
3590530065293 0.001330 -0.015036 -0.088876  
3590549871201 0.038437 0.001656 0.103761  
3590569677109 -0.027224 0.013160 -0.015335  
3590589513535 0.013136 -0.012728 -0.086537  
3590609349961 0.024176 0.006202 0.101387  
3590629186386 -0.034073 0.012920 -0.033825  
3590648992295 0.013461 -0.015044 -0.072017  
3590668798203 0.015242 -0.000668 0.094611  
3590688634629 -0.024905 0.010913 -0.049646  
3590708440537 0.033903 -0.014900 -0.029478  
3590728276963 -0.004551 0.002019 0.068648  
3590748082871 -0.032016 0.002178 -0.051607  
3590767888779 0.026785 -0.009232 -0.001298  
3590787725205 0.004996 0.014196 0.047317  
3590807531113 -0.011449 -0.005008 -0.086116  
3590827337021 0.028170 -0.013878 0.050924  
3590847173447 -0.023743 0.018971 0.014519  
3590866979355 -0.013561 0.004453 -0.087740  
3590886815781 0.028444 -0.011896 0.088675  
3590906652207 -0.030411 0.018570 -0.011440  
3590926458115 -0.006126 -0.007498 -0.096638  
3590946294541 0.035860 -0.011424 0.093947  
3590966100449 -0.023254 0.030589 -0.022526  
3590985906357 0.007290 -0.012084 -0.091164  
3591005742783 0.034265 -0.004745 0.092278  
3591025548691 -0.038450 0.020852 -0.024137  
3591045385117 0.007159 -0.021025 -0.092707  
3591065191025 0.023244 0.009732 0.093110  
3591084996933 -0.030578 0.016124 -0.053395  
3591104833359 0.017073 -0.014495 -0.072438  
3591124639267 0.002769 0.009340 0.073397  
3591144475693 -0.027242 0.013429 -0.058587  
3591164312119 0.031401 -0.012468 -0.008048  
3591184118027 -0.006738 0.013384 0.029227  
3591203954453 -0.010999 0.003681 -0.092032  
3591223760361 0.035781 -0.008237 0.070631  
3591243566269 -0.025649 0.017251 -0.008044  
3591263402695 -0.011001 0.000475 -0.100305  
3591283208603 0.021671 -0.008563 0.081149  
3591303045029 -0.013844 0.014845 -0.023333  
3591322850937 -0.006296 -0.006233 -0.101198  
3591342656845 0.032926 -0.008349 0.091844  
3591362493271 -0.035110 0.012734 -0.024556  
3591382299179 0.005301 -0.010827 -0.097754  
3591402135605 0.028169 -0.005611 0.090547  
3591421941513 -0.028133 0.017473 -0.039693  
3591441747422 0.021294 -0.017810 -0.079996  
3591461583847 0.009165 0.005904 0.089202  
3591481420273 -0.028003 0.014948 -0.059486  
3591501226181 0.026033 -0.015857 -0.018184  
3591521062607 -0.004753 0.014742 0.040245  
3591540868515 -0.025508 0.000365 -0.069806  
3591560704941 0.030778 -0.011219 -0.007343  
3591580510849 0.008856 0.014822 0.036859  
3591600316758 -0.021826 0.004846 -0.068468  
3591620153183 0.034109 -0.004587 0.005511  
3591639959092 -0.003892 0.021234 0.033092  
3591659765000 -0.022129 0.002021 -0.088283  
3591679601426 0.043522 -0.016334 0.058065  
3591699407334 -0.018149 0.021210 0.002925  
3591719243760 -0.006063 -0.011881 -0.085070  
3591739080185 0.024116 -0.016125 0.093557  
3591758886093 -0.029732 0.019112 -0.011335  
3591778722519 -0.002920 -0.016009 -0.084967  
