# Created at Tue Jun 01 16:23:05 GMT+02:00 2021 in Burnaby Canada 
3587854030821 0.006027 0.005512 -0.999927 0.008935 
3587873897764 0.006037 0.005498 -0.999927 0.008928 
3587893795225 0.006022 0.005493 -0.999927 0.008939 
3587913662168 0.006040 0.005504 -0.999927 0.008926 
3587933529112 0.006041 0.005499 -0.999927 0.008925 
3587953396055 0.006050 0.005502 -0.999927 0.008919 
3587973262998 0.006059 0.005489 -0.999927 0.008913 
3587993129942 0.006050 0.005501 -0.999927 0.008919 
3588013027403 0.006083 0.005487 -0.999927 0.008896 
3588032894346 0.006065 0.005500 -0.999927 0.008909 
3588052761289 0.006048 0.005486 -0.999927 0.008920 
3588072658750 0.006065 0.005499 -0.999927 0.008909 
3588092525694 0.006081 0.005535 -0.999927 0.008898 
3588112392637 0.006071 0.005519 -0.999927 0.008905 
3588132259580 0.006062 0.005521 -0.999927 0.008911 
3588152126524 0.006053 0.005506 -0.999927 0.008917 
3588171993467 0.006045 0.005517 -0.999927 0.008923 
3588191860410 0.006038 0.005502 -0.999927 0.008928 
3588211727354 0.006056 0.005489 -0.999927 0.008915 
3588231624815 0.006080 0.005493 -0.999927 0.008899 
3588251491758 0.006070 0.005513 -0.999927 0.008905 
3588271358701 0.006069 0.005507 -0.999927 0.008906 
3588291225645 0.006068 0.005485 -0.999927 0.008907 
3588311123106 0.006084 0.005506 -0.999927 0.008896 
3588330990049 0.006074 0.005516 -0.999927 0.008903 
3588350856992 0.006080 0.005526 -0.999927 0.008899 
3588370723936 0.006111 0.005519 -0.999927 0.008877 
3588390621397 0.006108 0.005505 -0.999927 0.008880 
3588410488340 0.006087 0.005532 -0.999927 0.008894 
3588430355283 0.006101 0.005508 -0.999927 0.008884 
3588450222227 0.006090 0.005510 -0.999927 0.008892 
3588470089170 0.006063 0.005512 -0.999927 0.008911 
3588489956113 0.006094 0.005522 -0.999927 0.008889 
3588509823057 0.006116 0.005507 -0.999927 0.008874 
3588529690000 0.006136 0.005509 -0.999927 0.008861 
3588549556944 0.006137 0.005535 -0.999927 0.008860 
3588569454404 0.006123 0.005552 -0.999927 0.008869 
3588589351865 0.006110 0.005535 -0.999927 0.008878 
3588609218809 0.006122 0.005543 -0.999927 0.008870 
3588629064316 0.006116 0.005551 -0.999927 0.008874 
3588648931260 0.006161 0.005558 -0.999926 0.008844 
3588668798203 0.006161 0.005581 -0.999926 0.008844 
3588688665146 0.006153 0.005561 -0.999926 0.008849 
3588708532090 0.006137 0.005568 -0.999926 0.008860 
3588728429551 0.006122 0.005590 -0.999926 0.008870 
3588748296494 0.006092 0.005594 -0.999926 0.008891 
3588768163437 0.006113 0.005614 -0.999926 0.008876 
3588788030381 0.006116 0.005633 -0.999926 0.008874 
3588807897324 0.006127 0.005635 -0.999926 0.008867 
3588827764267 0.006113 0.005636 -0.999926 0.008876 
3588847661728 0.006108 0.005637 -0.999926 0.008880 
3588867559189 0.006103 0.005655 -0.999926 0.008883 
3588887426133 0.006100 0.005655 -0.999926 0.008885 
3588907293076 0.006122 0.005640 -0.999926 0.008870 
3588927160019 0.006130 0.005631 -0.999926 0.008865 
3588947026963 0.006152 0.005620 -0.999926 0.008849 
3588966893906 0.006051 0.005700 -0.999926 0.008919 
3588986760849 0.006107 0.005680 -0.999926 0.008881 
3589006658310 0.006178 0.005623 -0.999926 0.008832 
3589026525254 0.006146 0.005677 -0.999926 0.008853 
3589046392197 0.006061 0.005695 -0.999926 0.008912 
3589066259140 0.006175 0.005653 -0.999926 0.008834 
3589086126084 0.006211 0.005648 -0.999926 0.008810 
3589105993027 0.006066 0.005696 -0.999926 0.008908 
3589125859970 0.006062 0.005649 -0.999926 0.008911 
3589145726914 0.006160 0.005627 -0.999926 0.008844 
3589165624375 0.006088 0.005687 -0.999926 0.008891 
3589185521836 0.006014 0.005705 -0.999926 0.008939 
3589205388779 0.006108 0.005663 -0.999926 0.008873 
3589225255722 0.006089 0.005714 -0.999926 0.008883 
3589245122666 0.005983 0.005746 -0.999925 0.008954 
3589264989609 0.006102 0.005700 -0.999926 0.008870 
3589284856552 0.006068 0.005732 -0.999926 0.008892 
3589304723496 0.005963 0.005747 -0.999926 0.008961 
3589324590439 0.006084 0.005685 -0.999926 0.008876 
3589344457383 0.006035 0.005735 -0.999926 0.008907 
3589364354843 0.005949 0.005741 -0.999926 0.008962 
3589384221787 0.006063 0.005680 -0.999926 0.008883 
3589404088730 0.006023 0.005738 -0.999926 0.008907 
3589423955674 0.005929 0.005768 -0.999926 0.008968 
3589443853135 0.006094 0.005697 -0.999926 0.008850 
3589463720078 0.006060 0.005762 -0.999926 0.008870 
3589483587021 0.005989 0.005742 -0.999926 0.008914 
3589503484482 0.006126 0.005674 -0.999926 0.008815 
3589523351426 0.006040 0.005748 -0.999926 0.008869 
3589543218369 0.006003 0.005713 -0.999926 0.008892 
3589563085312 0.006115 0.005671 -0.999926 0.008810 
3589582952256 0.006045 0.005777 -0.999926 0.008852 
3589602819199 0.006025 0.005758 -0.999926 0.008858 
3589622686142 0.006127 0.005705 -0.999926 0.008782 
3589642553086 0.006030 0.005774 -0.999926 0.008840 
3589662450547 0.006029 0.005756 -0.999926 0.008833 
3589682317490 0.006099 0.005736 -0.999926 0.008777 
3589702184433 0.006002 0.005777 -0.999926 0.008834 
3589722051377 0.006069 0.005710 -0.999927 0.008778 
3589741948838 0.006095 0.005750 -0.999927 0.008750 
3589761815781 0.005980 0.005813 -0.999926 0.008817 
3589781682724 0.006099 0.005729 -0.999927 0.008724 
3589801549668 0.006123 0.005743 -0.999927 0.008691 
3589821447129 0.005981 0.005773 -0.999927 0.008774 
3589841283554 0.006092 0.005716 -0.999927 0.008678 
3589861150498 0.006083 0.005772 -0.999927 0.008664 
3589881017441 0.006001 0.005775 -0.999927 0.008698 
3589900884385 0.006111 0.005719 -0.999928 0.008599 
3589920751328 0.006068 0.005774 -0.999928 0.008604 
3589940618271 0.006012 0.005728 -0.999928 0.008622 
3589960515732 0.006123 0.005676 -0.999929 0.008525 
3589980382676 0.006052 0.005740 -0.999929 0.008551 
3590000280136 0.006049 0.005706 -0.999929 0.008529 
3590020177597 0.006141 0.005698 -0.999929 0.008440 
3590040044541 0.006034 0.005766 -0.999929 0.008486 
3590059911484 0.006074 0.005707 -0.999930 0.008429 
3590079778427 0.006158 0.005715 -0.999930 0.008340 
3590099645371 0.006056 0.005764 -0.999930 0.008377 
3590119542832 0.006121 0.005691 -0.999931 0.008297 
3590139409775 0.006135 0.005699 -0.999931 0.008250 
3590159276718 0.005993 0.005781 -0.999931 0.008307 
3590179143662 0.006112 0.005692 -0.999931 0.008272 
3590199010605 0.006110 0.005766 -0.999930 0.008322 
3590218877549 0.005985 0.005770 -0.999930 0.008459 
3590238744492 0.006122 0.005698 -0.999930 0.008384 
3590258611435 0.006101 0.005771 -0.999929 0.008419 
3590278508896 0.006060 0.005767 -0.999929 0.008470 
3590298406357 0.006184 0.005697 -0.999929 0.008408 
3590318273301 0.006076 0.005767 -0.999929 0.008507 
3590338140244 0.006063 0.005741 -0.999929 0.008543 
3590358007187 0.006138 0.005721 -0.999929 0.008519 
3590377874131 0.006048 0.005781 -0.999928 0.008611 
3590397741074 0.006095 0.005714 -0.999928 0.008609 
3590417608017 0.006135 0.005689 -0.999928 0.008613 
3590437505478 0.005994 0.005740 -0.999927 0.008744 
3590457372422 0.006071 0.005677 -0.999928 0.008657 
3590477239365 0.006122 0.005702 -0.999929 0.008475 
3590497106308 0.006015 0.005734 -0.999931 0.008357 
3590516973252 0.006101 0.005639 -0.999932 0.008138 
3590536840195 0.006101 0.005699 -0.999933 0.007970 
3590556707138 0.005963 0.005690 -0.999935 0.007890 
3590576574082 0.006068 0.005646 -0.999937 0.007633 
3590596502060 0.006030 0.005697 -0.999938 0.007470 
3590616369004 0.005946 0.005672 -0.999939 0.007327 
3590636235947 0.006079 0.005629 -0.999941 0.007026 
3590656102890 0.006039 0.005689 -0.999942 0.006899 
3590675969834 0.005987 0.005689 -0.999943 0.006776 
3590695836777 0.006085 0.005654 -0.999945 0.006477 
3590715703720 0.005970 0.005710 -0.999945 0.006392 
3590735570664 0.005990 0.005701 -0.999947 0.006207 
3590755468125 0.006112 0.005698 -0.999947 0.005950 
3590775335068 0.006019 0.005733 -0.999948 0.005844 
3590795202011 0.006004 0.005683 -0.999950 0.005689 
3590815068955 0.006052 0.005706 -0.999950 0.005490 
3590834935898 0.005953 0.005755 -0.999951 0.005390 
3590854802842 0.006042 0.005688 -0.999952 0.005153 
3590874700302 0.006097 0.005679 -0.999953 0.004938 
3590894567246 0.005993 0.005721 -0.999953 0.005036 
3590914464707 0.006104 0.005658 -0.999953 0.004982 
3590934331650 0.006129 0.005693 -0.999953 0.004988 
3590954198593 0.005998 0.005734 -0.999953 0.005104 
3590974065537 0.006085 0.005630 -0.999953 0.005064 
3590993932480 0.006062 0.005683 -0.999952 0.005092 
3591013799424 0.005935 0.005700 -0.999953 0.005194 
3591033666367 0.006075 0.005631 -0.999953 0.005104 
3591053533310 0.006053 0.005716 -0.999952 0.005131 
3591073400254 0.005968 0.005683 -0.999952 0.005204 
3591093267197 0.006083 0.005632 -0.999952 0.005128 
3591113164658 0.006027 0.005692 -0.999952 0.005177 
3591133031601 0.006018 0.005661 -0.999952 0.005191 
3591152898545 0.006122 0.005621 -0.999952 0.005122 
3591172796006 0.006011 0.005671 -0.999952 0.005210 
3591192662949 0.006038 0.005626 -0.999952 0.005198 
3591212529892 0.006084 0.005622 -0.999952 0.005170 
3591232396836 0.005957 0.005653 -0.999952 0.005273 
3591252294297 0.006054 0.005595 -0.999952 0.005209 
3591272161240 0.006099 0.005602 -0.999951 0.005348 
3591292028183 0.006018 0.005635 -0.999950 0.005575 
3591311895127 0.006071 0.005588 -0.999950 0.005699 
3591331762070 0.006098 0.005621 -0.999949 0.005835 
3591351629013 0.005976 0.005651 -0.999949 0.005897 
3591371495957 0.006104 0.005612 -0.999947 0.006125 
3591391362900 0.006088 0.005659 -0.999946 0.006266 
3591411260361 0.005983 0.005680 -0.999945 0.006468 
3591431127304 0.006086 0.005624 -0.999943 0.006692 
3591451024765 0.006013 0.005694 -0.999942 0.006849 
3591470891709 0.005979 0.005671 -0.999942 0.006970 
3591490758652 0.006086 0.005623 -0.999943 0.006790 
3591510625595 0.005994 0.005681 -0.999943 0.006765 
3591530492539 0.006014 0.005628 -0.999944 0.006661 
3591550390000 0.006110 0.005631 -0.999944 0.006511 
3591570256943 0.006001 0.005673 -0.999945 0.006518 
3591590123886 0.005971 0.005620 -0.999946 0.006463 
3591609990830 0.006054 0.005608 -0.999946 0.006326 
3591629857773 0.005932 0.005626 -0.999946 0.006338 
3591649724717 0.005948 0.005552 -0.999947 0.006242 
3591669622177 0.006032 0.005554 -0.999947 0.006296 
3591689489121 0.005875 0.005615 -0.999946 0.006532 
3591709356064 0.005944 0.005544 -0.999945 0.006587 
3591729253525 0.005971 0.005596 -0.999944 0.006668 
3591749120468 0.005882 0.005653 -0.999943 0.006832 
3591768987412 0.005992 0.005589 -0.999943 0.006836 
3591788854355 0.006008 0.005654 -0.999942 0.006908 
3591808721299 0.005900 0.005649 -0.999942 0.007080 
3591828618760 0.006051 0.005601 -0.999943 0.006843 
3591848485703 0.006047 0.005639 -0.999943 0.006749 
3591868352646 0.005945 0.005643 -0.999944 0.006736 
3591888219590 0.006052 0.005618 -0.999944 0.006562 
3591908086533 0.006047 0.005696 -0.999944 0.006487 
3591927953476 0.005978 0.005655 -0.999945 0.006467 
3591947820420 0.006084 0.005639 -0.999946 0.006319 
3591967687363 0.005985 0.005689 -0.999946 0.006333 
3591987584824 0.005962 0.005666 -0.999946 0.006297 
3592007451767 0.006094 0.005658 -0.999947 0.006144 
3592027349228 0.005950 0.005703 -0.999947 0.006203 
3592047216172 0.006030 0.005648 -0.999947 0.006089 
3592067052597 0.006084 0.005650 -0.999948 0.005999 
3592086919541 0.005955 0.005669 -0.999948 0.006054 
3592106786484 0.006069 0.005610 -0.999948 0.005916 
3592126683945 0.006079 0.005655 -0.999948 0.005861 
3592146550888 0.005975 0.005649 -0.999949 0.005899 
3592166417832 0.006079 0.005583 -0.999949 0.005775 
3592186284775 0.006040 0.005662 -0.999949 0.005768 
3592206151718 0.005979 0.005639 -0.999950 0.005780 
3592226049179 0.006084 0.005640 -0.999950 0.005665 
3592245916123 0.006018 0.005698 -0.999950 0.005682 
3592265813584 0.005993 0.005657 -0.999950 0.005666 
3592285680527 0.006097 0.005633 -0.999950 0.005550 
3592305577988 0.005987 0.005688 -0.999950 0.005600 
3592325444931 0.006039 0.005634 -0.999951 0.005525 
3592345311875 0.006108 0.005652 -0.999951 0.005441 
3592365178818 0.005986 0.005688 -0.999951 0.005507 
3592385045761 0.006065 0.005635 -0.999951 0.005417 
3592404943222 0.006063 0.005690 -0.999954 0.004745 
3592424810166 0.005946 0.005702 -0.999957 0.004208 
3592444677109 0.006064 0.005644 -0.999959 0.003527 
3592464544052 0.006045 0.005731 -0.999961 0.003003 
3592484410996 0.005971 0.005741 -0.999962 0.002558 
3592504277939 0.006104 0.005738 -0.999963 0.001978 
3592524144883 0.006014 0.005800 -0.999964 0.001606 
3592544011826 0.006051 0.005741 -0.999965 0.001166 
3592563878769 0.006139 0.005756 -0.999964 0.000711 
3592583745713 0.006027 0.005830 -0.999965 0.000438 
3592603643174 0.006126 0.005767 -0.999964 0.000669 
3592623510117 0.006141 0.005817 -0.999964 0.000945 
3592643377060 0.006016 0.005849 -0.999964 0.001311 
3592663244004 0.006125 0.005777 -0.999963 0.001478 
3592683110947 0.006091 0.005819 -0.999963 0.001739 
3592703008408 0.006010 0.005793 -0.999963 0.002026 
3592722875351 0.006117 0.005745 -0.999961 0.002582 
3592742742295 0.006055 0.005806 -0.999960 0.003237 
3592762639756 0.006021 0.005788 -0.999961 0.002980 
3592782506699 0.006115 0.005755 -0.999960 0.003064 
3592802373642 0.006004 0.005795 -0.999960 0.003294 
3592822240586 0.006063 0.005742 -0.999959 0.003383 
3592842107529 0.006131 0.005737 -0.999959 0.003455 
3592861974472 0.006018 0.005788 -0.999960 0.003231 
3592881871933 0.006113 0.005726 -0.999961 0.002865 
3592901738877 0.006099 0.005753 -0.999961 0.002598 
3592921636338 0.005985 0.005757 -0.999961 0.002848 
3592941503281 0.006105 0.005691 -0.999961 0.002909 
3592961370224 0.006040 0.005748 -0.999960 0.003102 
3592981237168 0.006023 0.005750 -0.999961 0.002821 
3593001104111 0.006108 0.005737 -0.999960 0.003123 
3593020971054 0.005998 0.005764 -0.999959 0.003551 
3593040837998 0.006065 0.005723 -0.999958 0.003820 
3593060704941 0.006107 0.005721 -0.999957 0.004086 
3593080571885 0.005977 0.005754 -0.999956 0.004465 
3593100438828 0.006080 0.005666 -0.999955 0.004646 
3593120336289 0.006114 0.005685 -0.999953 0.004862 
3593140203232 0.006023 0.005711 -0.999952 0.005145 
3593160100693 0.006123 0.005634 -0.999952 0.005263 
3593179967636 0.006098 0.005694 -0.999951 0.005255 
3593199834580 0.006049 0.005696 -0.999950 0.005480 
3593219701523 0.006174 0.005646 -0.999950 0.005559 
3593239568467 0.006076 0.005695 -0.999949 0.005798 
3593259435410 0.006136 0.005643 -0.999947 0.006117 
3593279332871 0.006214 0.005656 -0.999944 0.006398 
3593299199814 0.006091 0.005703 -0.999942 0.006811 
3593319066758 0.006205 0.005625 -0.999943 0.006593 
3593338933701 0.006177 0.005676 -0.999946 0.006070 
3593358800644 0.006119 0.005658 -0.999950 0.005601 
3593378667588 0.006218 0.005582 -0.999952 0.005044 
3593398534531 0.006129 0.005657 -0.999954 0.004671 
3593418401474 0.006183 0.005586 -0.999956 0.004218 
3593438268418 0.006198 0.005590 -0.999958 0.003823 
3593458165879 0.006089 0.005644 -0.999959 0.003553 
3593478063340 0.006196 0.005600 -0.999960 0.003141 
3593497930283 0.006141 0.005629 -0.999960 0.003297 
3593517797226 0.006067 0.005634 -0.999960 0.003462 
3593537664170 0.006143 0.005612 -0.999959 0.003509 
3593557531113 0.006062 0.005702 -0.999959 0.003683 
3593577398056 0.006092 0.005662 -0.999958 0.003770 
3593597265000 0.006160 0.005615 -0.999958 0.003838 
3593617131943 0.006028 0.005672 -0.999958 0.004053 
3593637029404 0.006085 0.005602 -0.999957 0.004119 
3593656896347 0.006128 0.005641 -0.999957 0.004194 
3593676763291 0.006013 0.005677 -0.999956 0.004378 
3593696630234 0.006131 0.005585 -0.999956 0.004372 
3593716497177 0.006072 0.005600 -0.999956 0.004501 
3593736394638 0.006010 0.005647 -0.999955 0.004620 
3593756261582 0.006187 0.005542 -0.999955 0.004549 
3593776128525 0.006090 0.005615 -0.999955 0.004675 
3593795995468 0.006036 0.005614 -0.999955 0.004764 
3593815892929 0.006188 0.005585 -0.999954 0.004680 
3593835759873 0.006047 0.005620 -0.999954 0.004805 
3593855626816 0.006113 0.005555 -0.999954 0.004785 
3593875493760 0.006089 0.005530 -0.999955 0.004825 
3593895360703 0.006060 0.005576 -0.999954 0.004860 
3593915227646 0.006077 0.005580 -0.999954 0.004832 
3593935094590 0.006052 0.005576 -0.999954 0.004837 
3593954961533 0.006061 0.005571 -0.999955 0.004816 
3593974828476 0.006062 0.005559 -0.999955 0.004804 
3593994695420 0.006071 0.005556 -0.999955 0.004785 
3594014562363 0.006071 0.005537 -0.999955 0.004774 
3594034459824 0.006080 0.005528 -0.999955 0.004757 
3594054326767 0.006087 0.005526 -0.999955 0.004752 
3594074193711 0.006086 0.005518 -0.999955 0.004766 
3594094060654 0.006077 0.005534 -0.999955 0.004785 
