# Created at Tue Jun 01 15:46:59 GMT+02:00 2021 in Burnaby Canada 
1421694427242 -0.114349 -0.102402 9.776962 
1421714263668 -0.116745 -0.104782 9.784149 
1421734100093 -0.119141 -0.104782 9.779358 
1421753906002 -0.119141 -0.097610 9.776962 
1421773742427 -0.111954 -0.107178 9.781754 
1421793548336 -0.116745 -0.100006 9.781754 
1421813354244 -0.116745 -0.102402 9.776962 
1421833160152 -0.114349 -0.104782 9.784149 
1421852996578 -0.119141 -0.107178 9.781754 
1421872802486 -0.114349 -0.109573 9.781754 
1421892608394 -0.121521 -0.104782 9.784149 
1421912444820 -0.116745 -0.104782 9.793716 
1421932250728 -0.114349 -0.107178 9.791321 
1421952087154 -0.114349 -0.109573 9.779358 
1421971893062 -0.116745 -0.100006 9.788925 
1421991729488 -0.111954 -0.104782 9.784149 
1422011565914 -0.114349 -0.102402 9.781754 
1422031371822 -0.119141 -0.104782 9.786530 
1422051177730 -0.107178 -0.107178 9.781754 
1422071014156 -0.114349 -0.104782 9.779358 
1422090820064 -0.123917 -0.104782 9.779358 
1422110625972 -0.114349 -0.100006 9.774567 
1422130462398 -0.121521 -0.104782 9.779358 
1422150268306 -0.111954 -0.100006 9.762604 
1422170104732 -0.126312 -0.111969 9.774567 
1422189910640 -0.111954 -0.102402 9.788925 
1422209716549 -0.119141 -0.097610 9.776962 
1422229552974 -0.109558 -0.109573 9.769791 
1422249358883 -0.114349 -0.104782 9.764999 
1422269164791 -0.114349 -0.095215 9.772186 
1422289001217 -0.109558 -0.095215 9.764999 
1422308837642 -0.114349 -0.095215 9.767395 
1422328643551 -0.114349 -0.100006 9.762604 
1422348479976 -0.116745 -0.100006 9.772186 
1422368285884 -0.111954 -0.107178 9.764999 
1422388091793 -0.109558 -0.100006 9.767395 
1422407928218 -0.116745 -0.104782 9.753036 
1422427734127 -0.119141 -0.109573 9.760208 
1422447540035 -0.114349 -0.104782 9.762604 
1422467376461 -0.116745 -0.095215 9.764999 
1422487182369 -0.109558 -0.100006 9.767395 
1422506988277 -0.111954 -0.104782 9.762604 
1422526824703 -0.116745 -0.104782 9.764999 
1422546630611 -0.121521 -0.097610 9.750641 
1422566467037 -0.116745 -0.109573 9.743469 
1422586303463 -0.111954 -0.107178 9.760208 
1422606109371 -0.116745 -0.092819 9.760208 
1422625945797 -0.116745 -0.109573 9.762604 
1422645751705 -0.109558 -0.107178 9.753036 
1422665557613 -0.121521 -0.102402 9.757828 
1422685394039 -0.116745 -0.097610 9.753036 
1422705199947 -0.119141 -0.095215 9.762604 
1422725005855 -0.102386 -0.104782 9.774567 
1422744842281 -0.152634 -0.150253 9.772186 
1422764648189 -0.042572 -0.013855 9.748245 
1422784454097 -0.176559 -0.162216 9.776962 
1422804290523 -0.169388 -0.126328 9.626221 
1422824096431 -0.037781 -0.023438 9.817642 
1422843932857 -0.083237 -0.092819 9.855927 
1422863769283 -0.202881 -0.176575 9.683640 
1422883575191 -0.131104 -0.090424 9.652542 
1422903381099 -0.016251 -0.025818 9.877457 
1422923217525 -0.147842 -0.152649 9.800888 
1422943023433 -0.195709 -0.157425 9.611862 
1422962829342 -0.040176 -0.021042 9.786530 
1422982665767 -0.092819 -0.104782 9.872681 
1423002471676 -0.219635 -0.178970 9.638184 
1423022308101 -0.073669 -0.044968 9.709961 
1423042114009 -0.054535 -0.066498 9.887039 
1423061919918 -0.217239 -0.190933 9.681259 
1423081756343 -0.099991 -0.066498 9.678864 
1423101562252 -0.042572 -0.042572 9.896606 
1423121368160 -0.202881 -0.186142 9.705185 
1423141204586 -0.123917 -0.080856 9.642960 
1423161041011 -0.025818 -0.035400 9.899002 
1423180846920 -0.193314 -0.181351 9.724319 
1423200683345 -0.138275 -0.097610 9.628616 
1423220489254 -0.018631 -0.030609 9.882248 
1423240295162 -0.188522 -0.178970 9.741074 
1423260131588 -0.147842 -0.104782 9.623825 
1423279937496 -0.016251 -0.023438 9.877457 
1423299743404 -0.186142 -0.174179 9.760208 
1423319579830 -0.152634 -0.121536 9.621429 
1423339385738 -0.013855 -0.018646 9.877457 
1423359191646 -0.171783 -0.176575 9.779358 
1423379028072 -0.159821 -0.116745 9.607071 
1423398833980 -0.009064 -0.016251 9.863113 
1423418670406 -0.162201 -0.164612 9.786530 
1423438506832 -0.171783 -0.133499 9.607071 
1423458312740 -0.009064 -0.011475 9.855927 
1423478149166 -0.162201 -0.159821 9.796112 
1423497955074 -0.183746 -0.143066 9.607071 
1423517760982 -0.006668 -0.016251 9.848755 
1423537597408 -0.140671 -0.152649 9.805679 
1423557403316 -0.190918 -0.147858 9.619034 
1423577209224 -0.021027 -0.011475 9.834396 
1423597045650 -0.140671 -0.140686 9.829605 
1423616851558 -0.200485 -0.152649 9.609467 
1423636657467 -0.016251 -0.004288 9.827209 
1423656493892 -0.133499 -0.140686 9.832001 
1423676299801 -0.200485 -0.159821 9.616638 
1423696105709 -0.018631 -0.013855 9.827209 
1423715942134 -0.138275 -0.143066 9.836792 
1423735778560 -0.198105 -0.159821 9.619034 
1423755614986 -0.025818 -0.011475 9.808075 
1423775420894 -0.123917 -0.138290 9.836792 
1423795226802 -0.210068 -0.164612 9.619034 
1423815032711 -0.018631 -0.013855 9.805679 
1423834869136 -0.116745 -0.138290 9.848755 
1423854675045 -0.210068 -0.164612 9.621429 
1423874480953 -0.016251 -0.016251 9.808075 
1423894317379 -0.107178 -0.133499 9.853531 
1423914123287 -0.207672 -0.159821 9.607071 
1423933959713 -0.016251 -0.013855 9.798492 
1423953765621 -0.131104 -0.126328 9.843964 
1423973571529 -0.207672 -0.171783 9.619034 
1423993407955 -0.016251 -0.013855 9.793716 
1424013244381 -0.114349 -0.126328 9.855927 
1424033050289 -0.202881 -0.169388 9.616638 
1424052886715 -0.025818 -0.013855 9.788925 
1424072692623 -0.116745 -0.128708 9.860718 
1424092498531 -0.205276 -0.171783 9.619034 
1424112334957 -0.025818 -0.011475 9.803284 
1424132140865 -0.128708 -0.135895 9.858322 
1424151977291 -0.217239 -0.169388 9.621429 
1424171783199 -0.023422 0.000504 9.798492 
1424191589107 -0.121521 -0.135895 9.846359 
1424211425533 -0.200485 -0.157425 9.626221 
1424231231441 -0.028214 -0.006683 9.815247 
1424251037349 -0.128708 -0.131104 9.839172 
1424270873775 -0.183746 -0.162216 9.611862 
1424290710201 -0.021027 -0.009079 9.822433 
1424310516109 -0.150238 -0.143066 9.834396 
1424330352535 -0.193314 -0.164612 9.619034 
1424350158443 -0.011459 -0.011475 9.829605 
1424369964351 -0.140671 -0.152649 9.822433 
1424389800777 -0.198105 -0.145462 9.616638 
1424409606685 -0.025818 -0.001892 9.839172 
1424429412593 -0.147842 -0.150253 9.820038 
1424449249019 -0.183746 -0.152649 9.609467 
1424469054927 -0.013855 -0.006683 9.843964 
1424488891353 -0.155029 -0.150253 9.810471 
1424508697261 -0.181351 -0.143066 9.611862 
1424528503170 -0.009064 -0.011475 9.851135 
1424548339595 -0.152634 -0.157425 9.796112 
1424568176021 -0.178955 -0.131104 9.602295 
1424587981929 -0.016251 -0.009079 9.858322 
1424607818355 -0.169388 -0.159821 9.793716 
1424627624263 -0.162201 -0.131104 9.597504 
1424647430172 -0.009064 -0.013855 9.865494 
1424667266597 -0.174164 -0.157425 9.786530 
1424687072506 -0.164597 -0.119141 9.604675 
1424706878414 -0.018631 -0.013855 9.870285 
1424726714840 -0.183746 -0.176575 9.767395 
1424746520748 -0.155029 -0.116745 9.609467 
1424766326656 -0.011459 -0.018646 9.884644 
1424786163082 -0.186142 -0.183746 9.753036 
1424805968990 -0.155029 -0.104782 9.614258 
1424825774898 -0.016251 -0.021042 9.877457 
1424845611324 -0.193314 -0.181351 9.753036 
1424865447750 -0.133499 -0.097610 9.616638 
1424885284176 -0.009064 -0.028214 9.899002 
1424905090084 -0.205276 -0.186142 9.733887 
1424924895992 -0.133499 -0.095215 9.623825 
1424944732418 -0.023422 -0.037781 9.903778 
1424964538326 -0.195709 -0.186142 9.724319 
1424984344234 -0.116745 -0.080856 9.635788 
1425004180660 -0.030594 -0.033005 9.903778 
1425023986568 -0.214844 -0.193329 9.705185 
1425043792476 -0.114349 -0.071289 9.647751 
1425063628902 -0.037781 -0.054535 9.896606 
1425083434810 -0.219635 -0.193329 9.690826 
1425103240718 -0.102386 -0.061722 9.664505 
1425123077144 -0.047348 -0.064102 9.901398 
1425142913570 -0.219635 -0.198105 9.683640 
1425162719478 -0.073669 -0.049759 9.678864 
1425182555904 -0.056915 -0.066498 9.891815 
1425202361812 -0.214844 -0.198105 9.674072 
1425222167720 -0.073669 -0.037781 9.693222 
1425242004146 -0.068893 -0.083252 9.891815 
1425261810054 -0.231598 -0.190933 9.662109 
1425281646480 -0.071274 -0.033005 9.707565 
1425301452388 -0.068893 -0.078461 9.884644 
1425321258297 -0.224426 -0.198105 9.659714 
1425341094722 -0.061707 -0.033005 9.717148 
1425360900631 -0.056915 -0.083252 9.894211 
1425380706539 -0.229202 -0.186142 9.654938 
1425400542965 -0.059311 -0.030609 9.719543 
1425420379390 -0.073669 -0.088043 9.887039 
1425440185299 -0.222031 -0.188538 9.640579 
1425460021724 -0.044952 -0.025818 9.729111 
1425479827633 -0.088028 -0.097610 9.879852 
1425499633541 -0.214844 -0.186142 9.619034 
1425519469967 -0.037781 -0.016251 9.748245 
1425539275875 -0.085632 -0.114365 9.875076 
1425559112301 -0.212463 -0.188538 9.616638 
1425578918209 -0.035385 -0.011475 9.757828 
1425598724117 -0.102386 -0.109573 9.872681 
1425618560543 -0.212463 -0.176575 9.614258 
1425638366451 -0.040176 -0.009079 9.776962 
1425658172359 -0.116745 -0.123932 9.870285 
1425678008785 -0.214844 -0.169388 9.619034 
1425697814693 -0.021027 -0.009079 9.791321 
1425717651119 -0.133499 -0.140686 9.836792 
1425737487545 -0.193314 -0.162216 9.623825 
1425757293453 -0.009064 -0.004288 9.832001 
1425777099361 -0.143066 -0.152649 9.810471 
1425796935787 -0.181351 -0.143066 9.611862 
1425816741695 -0.011459 -0.006683 9.851135 
1425836547603 -0.159821 -0.159821 9.812851 
1425856384029 -0.174164 -0.126328 9.602295 
1425876189937 -0.011459 -0.013855 9.867889 
1425896026363 -0.181351 -0.169388 9.786530 
1425915832271 -0.157425 -0.114365 9.602295 
1425935638179 -0.013855 -0.013855 9.887039 
1425955474605 -0.183746 -0.183746 9.757828 
1425975280513 -0.143066 -0.100006 9.626221 
1425995116939 -0.021027 -0.028214 9.906174 
1426014953365 -0.193314 -0.183746 9.738678 
1426034759273 -0.116745 -0.083252 9.638184 
1426054595699 -0.035385 -0.037781 9.913361 
1426074401607 -0.200485 -0.186142 9.726715 
1426094207515 -0.121521 -0.083252 9.645355 
1426114043941 -0.021027 -0.033005 9.906174 
1426133849849 -0.198105 -0.186142 9.729111 
1426153655758 -0.102386 -0.078461 9.638184 
1426173492183 -0.030594 -0.035400 9.906174 
1426193298092 -0.214844 -0.195709 9.705185 
1426213104000 -0.090424 -0.054535 9.664505 
1426232940426 -0.054535 -0.059326 9.910965 
1426252746334 -0.219635 -0.200500 9.683640 
1426272552242 -0.059311 -0.037781 9.721924 
1426292388668 -0.083237 -0.097610 9.889420 
1426312225093 -0.217239 -0.181351 9.635788 
1426332061519 -0.032990 -0.009079 9.774567 
1426351867427 -0.114349 -0.133499 9.867889 
1426371673336 -0.210068 -0.162216 9.616638 
1426391509761 -0.018631 -0.006683 9.815247 
1426411315670 -0.128708 -0.135895 9.839172 
1426431121578 -0.198105 -0.159821 9.611862 
1426450958004 -0.011459 -0.001892 9.824814 
1426470763912 -0.145462 -0.150253 9.822433 
1426490569820 -0.183746 -0.145462 9.604675 
1426510406246 -0.013855 -0.011475 9.858322 
1426530212154 -0.171783 -0.176575 9.791321 
1426550018062 -0.150238 -0.109573 9.611862 
1426569854488 -0.016251 -0.025818 9.899002 
1426589690914 -0.207672 -0.183746 9.750641 
1426609527340 -0.135880 -0.097610 9.633392 
1426629333248 -0.018631 -0.021042 9.896606 
1426649139156 -0.190918 -0.178970 9.750641 
1426668975582 -0.152634 -0.104782 9.626221 
1426688781490 -0.018631 -0.028214 9.896606 
1426708587398 -0.205276 -0.190933 9.757828 
1426728423824 -0.131104 -0.092819 9.640579 
1426748229732 -0.028214 -0.040176 9.903778 
1426768035640 -0.212463 -0.195709 9.712357 
1426787872066 -0.097595 -0.059326 9.671677 
1426807677974 -0.052139 -0.066498 9.915741 
1426827483883 -0.222031 -0.200500 9.669281 
1426847320308 -0.054535 -0.037781 9.719543 
1426867156734 -0.083237 -0.095215 9.899002 
1426886962642 -0.219635 -0.188538 9.650146 
1426906799068 -0.047348 -0.033005 9.745865 
1426926604976 -0.085632 -0.097610 9.920532 
1426946441402 -0.205276 -0.164612 9.659714 
1426966247310 -0.095215 -0.078461 9.743469 
1426986053218 -0.078461 -0.054535 9.774567 
1427005889644 -0.104782 -0.080856 9.724319 
1427025695552 -0.166992 -0.178970 9.820038 
1427045501461 -0.155029 -0.131104 9.638184 
1427065337886 -0.009064 -0.004288 9.848755 
1427085143795 -0.135880 -0.143066 9.834396 
1427104949703 -0.193314 -0.159821 9.621429 
1427124786129 -0.011459 -0.006683 9.829605 
1427144622554 -0.152634 -0.155029 9.827209 
1427164458980 -0.183746 -0.145462 9.609467 
1427184264888 -0.016251 -0.006683 9.872681 
1427204070797 -0.198105 -0.195709 9.757828 
1427223907222 -0.085632 -0.047363 9.724319 
1427243713131 -0.126312 -0.114365 9.774567 
1427263519039 -0.121521 -0.095215 9.774567 
1427283355465 -0.116745 -0.107178 9.760208 
