# Created at Tue Jun 08 19:53:02 GMT+02:00 2021 in Copenhagen 
15139062835597, -37.637329, -50.956726, -97.482300 
15139082733058, -37.637329, -50.956726, -97.482300 
15139102600002, -37.637329, -50.955200, -97.630310 
15139122466945, -37.637329, -50.955200, -97.630310 
15139142364406, -37.637329, -50.955200, -97.630310 
15139162231349, -37.637329, -50.955200, -97.630310 
15139182098293, -37.637329, -50.955200, -97.630310 
15139202026271, -37.637329, -50.955200, -97.630310 
15139221893215, -37.638855, -50.952148, -98.377991 
15139241790676, -37.638855, -50.952148, -98.377991 
15139261657619, -37.638855, -50.952148, -98.377991 
15139281524562, -37.638855, -50.950623, -98.675537 
15139301422023, -37.640381, -50.949097, -99.122620 
15139321288967, -37.641907, -50.500488, -98.527527 
15139341186427, -37.640381, -50.949097, -99.122620 
15139361053371, -37.640381, -50.950623, -98.825073 
15139380920314, -37.638855, -50.950623, -98.675537 
15139400817775, -37.638855, -50.950623, -98.675537 
15139420684718, -37.638855, -50.950623, -98.675537 
15139440582179, -37.638855, -50.952148, -98.526001 
15139460449123, -37.638855, -50.952148, -98.377991 
15139480377101, -37.336731, -50.657654, -97.781372 
15139500244045, -37.338257, -50.505066, -97.631836 
15139520110988, -37.336731, -50.659180, -97.483826 
15139540008449, -37.335205, -50.659180, -97.334290 
15139559875392, -37.184143, -50.665283, -96.287537 
15139579772853, -37.185669, -50.662231, -96.885681 
15139599639797, -37.036133, -50.660706, -97.183228 
15139619537258, -36.734009, -50.662231, -97.332764 
15139639404201, -36.734009, -50.662231, -97.332764 
15139659271144, -37.185669, -50.660706, -97.332764 
15139679168605, -37.185669, -50.660706, -97.332764 
15139699035549, -37.185669, -50.660706, -97.332764 
15139718933010, -36.732483, -51.112366, -97.181702 
15139738799953, -36.732483, -51.112366, -97.181702 
15139758666896, -36.732483, -51.112366, -97.181702 
15139778594875, -36.732483, -51.112366, -97.181702 
15139798461818, -37.184143, -51.110840, -97.331238 
15139818359279, -37.184143, -51.110840, -97.331238 
15139838256740, -37.333679, -51.109314, -97.332764 
15139858123683, -37.335205, -51.109314, -97.482300 
15139878021144, -37.333679, -51.109314, -97.332764 
15139897888088, -37.335205, -51.109314, -97.482300 
15139917785549, -37.335205, -51.107788, -97.779846 
15139937652492, -37.335205, -51.107788, -97.779846 
15139957519435, -37.335205, -51.107788, -97.779846 
15139977416896, -37.341309, -50.053406, -98.083496 
15139997253322, -37.338257, -50.205994, -97.782898 
15140017150783, -37.339783, -50.054932, -97.784424 
15140037017726, -37.338257, -50.205994, -97.782898 
15140056949266, -37.338257, -50.205994, -97.782898 
15140076816209, -37.338257, -50.355530, -97.782898 
15140096683153, -37.338257, -50.355530, -97.782898 
15140116580613, -37.338257, -50.355530, -97.782898 
15140136447557, -37.338257, -50.355530, -97.782898 
15140156345018, -37.039185, -50.506592, -97.630310 
15140176211961, -37.640381, -50.505066, -97.483826 
15140196109422, -37.037659, -50.508118, -97.183228 
15140215976365, -37.034607, -51.110840, -97.181702 
15140235843309, -37.034607, -50.959778, -97.331238 
15140255740770, -37.034607, -50.959778, -97.331238 
15140275607713, -37.034607, -50.959778, -97.331238 
15140295505174, -37.034607, -50.959778, -97.331238 
15140315402635, -37.034607, -50.959778, -97.331238 
15140335300096, -37.034607, -50.959778, -97.331238 
15140355197557, -37.034607, -50.959778, -97.331238 
15140375064500, -37.034607, -50.959778, -97.331238 
15140394961961, -37.034607, -50.959778, -97.331238 
15140414828904, -37.037659, -50.660706, -97.482300 
15140434695848, -37.037659, -50.659180, -97.630310 
15140454593309, -37.039185, -50.657654, -98.078918 
15140474429735, -37.037659, -50.660706, -97.482300 
15140494327196, -37.037659, -50.660706, -97.482300 
15140514194139, -37.187195, -50.660706, -97.482300 
15140534091600, -38.090515, -50.656128, -97.485352 
15140553958543, -38.090515, -50.654602, -97.782898 
15140573856004, -38.691711, -50.651550, -97.784424 
15140593722947, -38.240051, -50.654602, -97.782898 
15140613589891, -38.240051, -50.654602, -97.782898 
15140633517869, -38.240051, -50.654602, -97.782898 
15140653384813, -38.240051, -50.654602, -97.782898 
15140673282274, -38.240051, -50.656128, -97.485352 
15140693149217, -38.240051, -50.654602, -97.633362 
15140713046678, -37.788391, -50.656128, -97.631836 
15140732913621, -37.336731, -50.657654, -97.781372 
15140752780565, -37.336731, -50.657654, -97.781372 
15140772678026, -37.187195, -50.659180, -97.779846 
15140792575487, -37.187195, -50.659180, -97.779846 
15140812472947, -37.187195, -50.659180, -97.779846 
15140832339891, -37.187195, -50.659180, -97.779846 
15140852206834, -37.187195, -50.659180, -97.779846 
15140872104295, -37.187195, -50.659180, -97.779846 
15140891971238, -37.638855, -50.656128, -97.781372 
15140911899217, -37.638855, -50.656128, -97.781372 
15140931766160, -37.336731, -50.659180, -97.483826 
15140951633104, -37.336731, -50.657654, -97.631836 
15140971500047, -37.335205, -50.659180, -97.334290 
15140991366990, -37.336731, -50.659180, -97.483826 
15141011264451, -37.336731, -50.659180, -97.483826 
15141031131395, -37.336731, -50.659180, -97.483826 
15141050998338, -37.336731, -50.659180, -97.483826 
15141070895799, -37.336731, -50.659180, -97.483826 
15141090762742, -37.336731, -50.659180, -97.483826 
15141110660203, -37.336731, -50.659180, -97.483826 
15141130527147, -37.336731, -50.659180, -97.483826 
15141150424608, -37.336731, -50.659180, -97.483826 
15141170291551, -37.338257, -50.505066, -97.631836 
15141190158494, -37.338257, -50.506592, -97.483826 
15141210086473, -37.338257, -50.506592, -97.483826 
15141229953416, -37.188721, -50.508118, -97.482300 
15141249850877, -37.188721, -50.508118, -97.482300 
15141269748338, -37.187195, -50.508118, -97.332764 
15141289615281, -37.187195, -50.508118, -97.332764 
15141309512742, -37.185669, -50.660706, -97.332764 
15141329379686, -37.187195, -50.358582, -97.334290 
15141349277147, -37.187195, -50.508118, -97.332764 
15141369144090, -37.187195, -50.508118, -97.332764 
15141389011033, -37.034607, -50.959778, -97.331238 
15141408908494, -37.034607, -51.110840, -97.331238 
15141428744920, -37.034607, -51.110840, -97.331238 
15141448642381, -37.184143, -50.959778, -97.331238 
15141468509324, -37.184143, -50.959778, -97.331238 
15141488406785, -37.184143, -50.959778, -97.331238 
15141508304246, -37.185669, -50.959778, -97.480774 
15141528201707, -37.185669, -50.959778, -97.480774 
15141548068651, -37.185669, -50.959778, -97.480774 
15141567935594, -37.185669, -50.958252, -97.628784 
15141587833055, -37.185669, -50.958252, -97.628784 
15141607699998, -37.336731, -50.657654, -97.781372 
15141627597459, -37.789917, -50.654602, -98.228455 
15141647464403, -38.090515, -50.654602, -97.782898 
15141667331346, -39.147949, -50.495911, -98.083496 
15141687228807, -38.693237, -50.498962, -97.784424 
15141707095750, -38.394165, -50.500488, -97.782898 
15141726993211, -38.394165, -50.500488, -97.782898 
15141746860154, -38.394165, -50.500488, -97.782898 
15141766788133, -38.394165, -50.500488, -97.782898 
15141786655076, -38.394165, -50.500488, -97.782898 
15141806552537, -38.394165, -50.500488, -97.782898 
15141826419481, -37.338257, -50.505066, -97.781372 
15141846316942, -37.338257, -50.505066, -97.781372 
15141866183885, -37.336731, -50.657654, -97.781372 
15141886050828, -37.336731, -50.657654, -97.781372 
15141905948289, -37.037659, -50.659180, -97.779846 
15141925815233, -38.090515, -50.654602, -97.782898 
15141945712694, -38.090515, -50.654602, -97.782898 
15141965579637, -38.240051, -50.654602, -97.782898 
15141985477098, -38.090515, -50.654602, -97.782898 
15142005344041, -38.090515, -50.656128, -97.485352 
15142025241502, -38.090515, -50.656128, -97.485352 
15142045108446, -38.090515, -50.656128, -97.485352 
15142065005906, -37.336731, -50.659180, -97.483826 
15142084903367, -37.336731, -50.657654, -97.631836 
15142104770311, -37.638855, -50.656128, -97.631836 
15142124667772, -37.638855, -50.656128, -97.631836 
15142144534715, -37.336731, -50.657654, -97.631836 
15142164401658, -37.336731, -50.657654, -97.631836 
15142184299119, -37.336731, -50.657654, -97.631836 
15142204166063, -37.336731, -50.657654, -97.631836 
15142224094041, -37.638855, -50.656128, -97.631836 
15142243960985, -37.788391, -50.656128, -97.631836 
15142263858446, -37.788391, -50.656128, -97.631836 
15142283725389, -38.090515, -50.654602, -97.633362 
15142303592332, -38.090515, -50.654602, -97.633362 
15142323489793, -38.090515, -50.654602, -97.633362 
15142343387254, -38.090515, -50.654602, -97.633362 
15142363284715, -38.090515, -50.654602, -97.633362 
15142383121141, -37.788391, -50.656128, -97.781372 
15142403018602, -37.187195, -50.659180, -97.779846 
15142422885545, -37.187195, -50.659180, -97.779846 
15142442783006, -36.585999, -50.662231, -97.779846 
15142462649949, -36.132813, -50.663757, -97.778320 
15142482516893, -36.585999, -50.662231, -97.779846 
15142502414354, -36.585999, -50.662231, -97.779846 
15142522281297, -36.585999, -50.662231, -97.779846 
15142542209276, -36.585999, -50.662231, -97.779846 
15142562076219, -36.585999, -50.663757, -97.482300 
15142581943162, -36.585999, -50.663757, -97.482300 
15142601840623, -36.584473, -50.962830, -97.480774 
15142621738084, -36.587524, -50.212097, -97.483826 
15142641635545, -36.587524, -50.361633, -97.483826 
15142661502488, -36.587524, -50.511169, -97.482300 
15142681399949, -36.582947, -51.412964, -97.479248 
15142701266893, -36.732483, -51.411438, -97.479248 
15142721133836, -36.732483, -51.260376, -97.627258 
15142741031297, -37.034607, -51.258850, -97.627258 
15142760898240, -37.184143, -51.258850, -97.627258 
15142780795701, -37.335205, -51.107788, -97.630310 
15142800662645, -37.335205, -51.107788, -97.630310 
15142820560106, -37.335205, -51.107788, -97.630310 
15142840427049, -37.332153, -51.858521, -97.627258 
15142860293992, -37.333679, -51.556396, -97.627258 
15142880160936, -37.333679, -51.406860, -97.628784 
15142900027879, -37.333679, -51.556396, -97.627258 
15142919955858, -37.333679, -51.556396, -97.627258 
15142939822801, -37.333679, -51.406860, -97.628784 
15142959720262, -37.333679, -51.257324, -97.628784 
15142979587205, -37.335205, -50.956726, -97.630310 
15142999484666, -37.338257, -50.505066, -97.631836 
15143019382127, -37.338257, -50.505066, -97.781372 
15143039279588, -37.339783, -50.503540, -98.080444 
15143059146531, -37.338257, -50.505066, -97.781372 
15143079013475, -37.640381, -50.503540, -97.781372 
15143098910936, -37.640381, -50.503540, -97.781372 
15143118777879, -37.338257, -50.505066, -97.781372 
15143138675340, -37.338257, -50.505066, -97.781372 
15143158542283, -37.640381, -50.503540, -97.781372 
15143178409227, -37.640381, -50.503540, -97.781372 
15143198306688, -37.640381, -50.503540, -97.781372 
15143218204149, -37.640381, -50.503540, -97.781372 
15143238071092, -37.640381, -50.503540, -97.781372 
15143257938035, -37.640381, -50.503540, -97.781372 
15143277835496, -37.640381, -50.503540, -97.781372 
15143297702440, -37.640381, -50.503540, -97.781372 
15143317599901, -37.640381, -50.503540, -97.781372 
15143337466844, -37.640381, -50.503540, -97.631836 
15143357364305, -37.638855, -50.656128, -97.781372 
15143377231248, -37.640381, -50.503540, -97.781372 
15143397128709, -37.638855, -50.656128, -97.631836 
15143416995653, -37.638855, -50.656128, -97.631836 
15143436862596, -37.786865, -50.955200, -97.630310 
15143456760057, -37.788391, -50.656128, -97.631836 
15143476627000, -37.788391, -50.656128, -97.631836 
15143496554979, -37.788391, -50.656128, -97.631836 
