# Created at Sun Jun 13 00:03:25 GMT+02:00 2021 in Copenhagen 
201584029511611, -0.001038, 0.000565, 0.001068 
201584049317519, 0.000198, 0.000565, -0.000153 
201584069153945, 0.000198, -0.000671, -0.000153 
201584088959853, 0.000198, -0.000671, -0.000153 
201584108765762, -0.001038, -0.000671, -0.000153 
201584128602187, -0.009598, -0.001877, -0.000153 
201584148408096, 0.000198, -0.000671, -0.000153 
201584168244521, 0.000198, 0.000565, -0.000153 
201584188080947, -0.001038, 0.001785, -0.000153 
201584207886855, 0.000198, 0.001785, -0.001373 
201584227692764, -0.001038, 0.000565, -0.001373 
201584247529189, -0.001038, 0.000565, -0.001373 
201584267335098, -0.002258, 0.000565, -0.001373 
201584287141006, 0.000198, 0.000565, -0.001373 
201584306977432, -0.002258, 0.000565, -0.001373 
201584326783340, -0.001038, 0.000565, -0.001373 
201584346589248, 0.000198, 0.000565, -0.001373 
201584366425674, 0.000198, 0.001785, -0.002609 
201584386231582, 0.000198, 0.000565, -0.000153 
201584406037490, 0.000198, 0.001785, -0.001373 
201584425873916, -0.001038, 0.000565, -0.001373 
201584445710342, 0.000198, 0.000565, -0.000153 
201584465516250, -0.002258, 0.000565, 0.001068 
201584485352676, -0.002258, -0.000671, -0.000153 
201584505158584, -0.002258, 0.000565, -0.000153 
201584524995010, -0.001038, -0.000671, -0.000153 
201584544800918, 0.001404, 0.001785, -0.001373 
201584564606826, -0.001038, 0.000565, -0.000153 
201584584443252, 0.000198, -0.000671, 0.001068 
201584604249160, -0.001038, 0.000565, 0.001068 
201584624055068, 0.000198, 0.000565, 0.001068 
201584643891494, -0.001038, 0.000565, -0.000153 
201584663697402, 0.000198, 0.000565, -0.000153 
201584683503310, 0.000198, 0.000565, -0.000153 
201584703339736, 0.000198, 0.000565, -0.000153 
201584723145644, 0.000198, 0.000565, -0.000153 
201584742982070, 0.000198, 0.000565, -0.000153 
201584762818496, 0.000198, 0.000565, -0.001373 
201584782624404, 0.000198, -0.000671, -0.000153 
201584802430312, 0.000198, 0.000565, -0.000153 
201584822266738, 0.000198, 0.000565, -0.000153 
201584842072646, 0.000198, 0.000565, -0.000153 
201584861878555, 0.000198, 0.000565, 0.001068 
201584881714980, 0.000198, 0.000565, -0.000153 
201584901520889, 0.000198, -0.000671, -0.000153 
201584921326797, 0.000198, -0.000671, -0.000153 
201584941163223, 0.000198, -0.001877, 0.001068 
201584960969131, 0.000198, -0.000671, -0.000153 
201584980775039, 0.000198, 0.000565, -0.000153 
201585000611465, 0.000198, 0.000565, -0.000153 
201585020447891, 0.000198, 0.000565, -0.000153 
201585040253799, 0.000198, 0.000565, -0.000153 
201585060090225, 0.000198, -0.000671, 0.001068 
201585079896133, 0.000198, -0.000671, -0.000153 
201585099702041, 0.000198, -0.000671, 0.001068 
201585119538467, 0.001404, -0.001877, -0.000153 
201585139344375, 0.002640, -0.003113, -0.000153 
201585159180801, 0.000198, -0.000671, -0.000153 
201585178986709, 0.000198, -0.000671, -0.000153 
201585198792617, 0.000198, -0.000671, -0.000153 
201585218629043, 0.000198, -0.000671, 0.001068 
201585238434951, -0.002258, 0.001785, -0.000153 
201585258240859, -0.003479, 0.004242, 0.001068 
201585278046767, -0.001038, 0.000565, -0.000153 
201585297883193, 0.000198, -0.000671, 0.001068 
201585317719619, 0.000198, -0.000671, 0.001068 
201585337556045, 0.000198, 0.000565, -0.000153 
201585357361953, 0.001404, 0.000565, -0.000153 
201585377167861, -0.001038, 0.000565, -0.000153 
201585397004287, 0.002640, 0.000565, -0.002609 
201585416810195, 0.001404, 0.000565, -0.002609 
201585436616103, 0.000198, 0.000565, -0.000153 
201585456452529, 0.000198, 0.000565, 0.001068 
201585476258437, 0.000198, 0.000565, -0.000153 
201585496064346, 0.000198, 0.000565, -0.000153 
201585515900771, 0.000198, 0.000565, -0.000153 
201585535706680, 0.000198, -0.000671, -0.000153 
201585555512588, 0.000198, 0.000565, -0.000153 
201585575349014, 0.000198, -0.000671, 0.001068 
201585595185439, 0.000198, 0.000565, -0.000153 
201585614991348, 0.000198, -0.000671, -0.000153 
201585634827773, 0.000198, -0.000671, -0.000153 
201585654633682, 0.000198, 0.000565, 0.001068 
201585674439590, 0.000198, -0.000671, 0.001068 
201585694276016, -0.001038, 0.001785, -0.000153 
201585714081924, 0.002640, -0.000671, -0.000153 
201585733887832, 0.002640, -0.003113, -0.000153 
201585753724258, -0.002258, 0.003006, -0.000153 
201585773530166, -0.003479, 0.005447, -0.000153 
201585793366592, -0.003479, 0.004242, -0.000153 
201585813172500, -0.001038, -0.000671, -0.000153 
201585832978408, 0.001404, -0.003113, 0.001068 
201585852814834, -0.001038, 0.001785, -0.000153 
201585872651260, -0.001038, 0.001785, -0.000153 
201585892457168, 0.002640, -0.004318, 0.001068 
201585912293594, 0.002640, -0.003113, 0.001068 
201585932099502, 0.000198, 0.003006, -0.000153 
201585951905410, -0.002258, 0.005447, -0.000153 
201585971741836, -0.003479, 0.004242, -0.001373 
201585991547744, 0.000198, -0.001877, 0.001068 
201586011353652, 0.001404, 0.000565, 0.001068 
201586031190078, 0.000198, -0.000671, 0.001068 
201586050995986, -0.001038, 0.000565, -0.000153 
201586070801894, 0.000198, 0.000565, -0.000153 
201586090638320, 0.000198, -0.000671, -0.000153 
201586110444228, 0.000198, -0.000671, -0.000153 
201586130250137, 0.000198, -0.000671, -0.000153 
201586150086562, 0.000198, -0.000671, 0.001068 
201586169922988, 0.001404, -0.000671, -0.000153 
201586189728896, -0.001038, -0.000671, -0.000153 
201586209565322, -0.001038, -0.000671, -0.000153 
201586229371230, 0.000198, 0.000565, 0.001068 
201586249177139, -0.001038, -0.000671, -0.000153 
201586269013564, -0.001038, -0.000671, -0.000153 
201586288819473, -0.001038, 0.000565, 0.001068 
201586308625381, 0.000198, 0.000565, 0.001068 
201586328461807, -0.001038, 0.000565, -0.000153 
201586348267715, -0.001038, 0.001785, -0.000153 
201586368073623, 0.001404, -0.000671, -0.000153 
201586387910049, 0.000198, 0.001785, -0.000153 
201586407715957, 0.000198, 0.000565, 0.001068 
201586427552383, 0.000198, -0.000671, -0.000153 
201586447388808, 0.000198, 0.000565, -0.000153 
201586467194717, 0.000198, -0.000671, -0.000153 
201586487031142, 0.000198, -0.000671, 0.001068 
201586506837051, 0.000198, -0.000671, -0.000153 
201586526642959, 0.000198, 0.000565, 0.001068 
201586546479385, -0.001038, -0.000671, -0.000153 
201586566285293, 0.000198, 0.000565, -0.000153 
201586586091201, 0.000198, -0.000671, -0.000153 
201586605927627, 0.000198, 0.000565, -0.000153 
201586625733535, 0.000198, 0.000565, -0.000153 
201586645539443, 0.000198, 0.000565, -0.000153 
201586665375869, 0.000198, 0.000565, -0.000153 
201586685181777, 0.001404, -0.000671, 0.001068 
201586704987685, -0.001038, 0.000565, 0.001068 
201586724824111, 0.001404, 0.000565, -0.000153 
201586744660537, 0.000198, 0.000565, 0.001068 
201586764466445, -0.001038, 0.000565, -0.000153 
201586784302871, -0.001038, -0.000671, -0.000153 
201586804108779, -0.001038, 0.001785, -0.000153 
201586823914687, -0.003479, 0.004242, -0.000153 
201586843751113, -0.003479, 0.003006, -0.001373 
201586863557021, 0.000198, -0.000671, -0.000153 
201586883362930, -0.001038, 0.000565, -0.000153 
201586903199355, -0.001038, -0.001877, 0.001068 
201586923005264, -0.001038, 0.000565, -0.000153 
201586942811172, 0.002640, -0.000671, -0.000153 
201586962647598, -0.002258, 0.001785, -0.000153 
201586982453506, -0.001038, 0.000565, -0.001373 
201587002289932, 0.000198, 0.000565, 0.001068 
201587022126357, -0.001038, 0.001785, -0.000153 
201587041932266, -0.001038, 0.003006, -0.000153 
201587061768691, -0.001038, 0.001785, -0.000153 
201587081574600, 0.000198, 0.000565, 0.001068 
201587101380508, -0.001038, 0.000565, -0.000153 
201587121216933, 0.000198, -0.000671, -0.000153 
201587141022842, 0.000198, -0.000671, 0.001068 
201587160828750, -0.001038, 0.000565, -0.000153 
201587180665176, 0.000198, 0.000565, -0.000153 
201587200471084, -0.001038, 0.001785, -0.000153 
201587220276992, 0.002640, -0.004318, 0.001068 
201587240113418, 0.000198, -0.003113, -0.000153 
201587259919326, 0.001404, -0.001877, -0.000153 
201587279725234, 0.000198, 0.000565, -0.000153 
201587299561660, 0.000198, 0.001785, -0.000153 
201587319398086, 0.000198, 0.000565, -0.000153 
201587339203994, -0.001038, 0.000565, -0.000153 
201587359040420, 0.000198, -0.000671, -0.000153 
201587378846328, 0.000198, 0.000565, -0.000153 
201587398652236, -0.001038, -0.000671, -0.000153 
201587418488662, 0.000198, 0.000565, -0.000153 
201587438294570, -0.001038, 0.000565, 0.001068 
201587458100478, 0.001404, -0.003113, 0.001068 
201587477936904, -0.001038, 0.000565, -0.000153 
201587497742812, 0.000198, 0.000565, -0.000153 
201587517548721, 0.000198, 0.000565, -0.000153 
201587537385146, 0.000198, 0.000565, 0.001068 
201587557191055, 0.000198, 0.000565, 0.001068 
201587577027480, 0.000198, 0.000565, 0.001068 
201587596863906, -0.001038, 0.000565, -0.000153 
201587616669814, 0.000198, -0.003113, -0.000153 
201587636506240, 0.002640, -0.003113, -0.000153 
201587656312148, 0.001404, -0.000671, -0.000153 
201587676118057, -0.001038, -0.000671, -0.000153 
201587695954482, -0.001038, 0.000565, -0.000153 
201587715760391, 0.000198, 0.000565, -0.000153 
201587735566299, 0.000198, 0.000565, -0.000153 
201587755402725, 0.000198, -0.000671, -0.000153 
201587775208633, 0.000198, 0.000565, -0.000153 
201587795014541, 0.001404, 0.000565, -0.000153 
201587814850967, -0.001038, 0.000565, -0.000153 
201587834656875, 0.000198, -0.000671, -0.000153 
201587854462783, 0.000198, 0.001785, -0.000153 
201587874299209, 0.000198, 0.000565, -0.000153 
201587894135635, 0.000198, -0.000671, -0.001373 
201587913941543, -0.001038, 0.000565, -0.000153 
201587933777969, 0.000198, 0.001785, -0.000153 
201587953583877, -0.001038, 0.000565, -0.000153 
201587973389785, 0.000198, 0.000565, -0.000153 
201587993226211, 0.000198, 0.000565, 0.001068 
201588013032119, 0.001404, 0.001785, -0.000153 
201588032838027, 0.001404, -0.000671, 0.001068 
201588052674453, -0.001038, 0.001785, -0.000153 
201588072480361, 0.000198, 0.000565, -0.000153 
201588092286269, 0.000198, -0.000671, -0.000153 
201588112122695, 0.000198, -0.000671, -0.000153 
201588131928603, 0.000198, 0.000565, -0.000153 
201588151734512, 0.000198, 0.000565, -0.000153 
201588171570937, -0.001038, 0.000565, -0.000153 
201588191407363, 0.001404, -0.000671, -0.000153 
201588211213271, 0.000198, 0.003006, -0.000153 
201588231049697, -0.001038, -0.000671, 0.001068 
201588250855605, 0.000198, -0.000671, -0.000153 
201588270661514, 0.000198, 0.000565, -0.000153 
201588290497939, 0.001404, 0.000565, -0.000153 
201588310303848, 0.001404, -0.000671, 0.001068 
201588330109756, 0.002640, -0.004318, 0.001068 
201588349946182, 0.000198, 0.000565, 0.001068 
201588369752090, 0.000198, 0.000565, -0.000153 
201588389557998, 0.000198, -0.000671, -0.000153 
201588409394424, 0.001404, 0.000565, 0.001068 
201588429200332, 0.000198, 0.000565, 0.001068 
201588449036758, 0.000198, 0.000565, -0.000153 
201588468873183, -0.003479, 0.003006, -0.001373 
201588488679092, -0.001038, -0.000671, -0.000153 
201588508515517, 0.000198, -0.000671, 0.001068 
201588528321426, 0.000198, 0.000565, -0.000153 
201588548127334, 0.000198, 0.000565, -0.000153 
201588567963760, 0.000198, -0.000671, -0.000153 
201588587769668, 0.000198, -0.000671, -0.000153 
201588607575576, 0.000198, -0.000671, -0.000153 
201588627412002, 0.000198, -0.000671, -0.000153 
201588647217910, 0.000198, -0.000671, -0.000153 
201588667023818, 0.000198, -0.000671, -0.000153 
201588686860244, 0.000198, 0.000565, -0.000153 
201588706666152, 0.000198, 0.000565, -0.000153 
201588726502578, -0.001038, -0.000671, -0.000153 
201588746339004, 0.000198, 0.000565, -0.000153 
201588766144912, -0.001038, 0.000565, -0.000153 
201588785981338, 0.001404, -0.001877, 0.001068 
201588805787246, 0.000198, 0.000565, -0.000153 
201588825593154, 0.000198, 0.000565, -0.000153 
201588845429580, 0.002640, -0.001877, 0.001068 
201588865235488, -0.002258, 0.000565, -0.000153 
201588885041396, -0.002258, 0.001785, -0.000153 
201588904877822, 0.001404, -0.000671, -0.000153 
201588924683730, 0.000198, 0.000565, 0.001068 
201588944489639, 0.000198, 0.000565, 0.001068 
201588964326064, 0.000198, 0.000565, -0.000153 
201588984131973, 0.000198, 0.000565, -0.000153 
201589003937881, -0.001038, -0.000671, 0.001068 
201589023774307, 0.000198, -0.000671, -0.000153 
201589043610732, 0.000198, 0.000565, -0.000153 
201589063416641, 0.000198, 0.000565, -0.000153 
201589083253066, 0.000198, -0.000671, 0.001068 
201589103058975, 0.001404, 0.000565, 0.001068 
201589122864883, 0.002640, -0.001877, -0.000153 
201589142701308, 0.000198, -0.001877, -0.000153 
201589162507217, -0.001038, 0.000565, -0.000153 
201589182313125, 0.000198, -0.000671, -0.000153 
201589202149551, 0.000198, -0.000671, -0.000153 
201589221955459, 0.000198, -0.000671, -0.000153 
201589241761367, 0.000198, 0.000565, -0.000153 
201589261597793, 0.000198, 0.000565, -0.000153 
201589281403701, 0.000198, 0.000565, -0.000153 
201589301209609, 0.000198, -0.000671, -0.000153 
201589321046035, 0.000198, 0.000565, -0.000153 
201589340882461, -0.001038, 0.000565, -0.000153 
201589360718887, 0.000198, 0.000565, -0.000153 
201589380524795, 0.000198, 0.000565, -0.000153 
201589400330703, 0.000198, 0.000565, -0.000153 
201589420167129, 0.000198, -0.000671, -0.000153 
201589439973037, 0.000198, 0.000565, -0.000153 
201589459778945, 0.000198, 0.000565, -0.000153 
201589479615371, 0.000198, 0.000565, 0.001068 
201589499421279, 0.000198, -0.001877, -0.001373 
201589519227187, 0.000198, 0.001785, -0.001373 
201589539063613, -0.001038, 0.004242, 0.001068 
201589558869521, -0.001038, 0.003006, 0.001068 
201589578675430, 0.000198, 0.000565, -0.000153 
201589598511855, 0.000198, 0.000565, 0.001068 
201589618348281, 0.000198, -0.000671, -0.000153 
201589638154189, 0.000198, 0.000565, 0.001068 
201589657990615, 0.001404, -0.001877, 0.001068 
201589677787802, 0.001404, -0.001877, 0.001068 
201589697593711, 0.000198, -0.000671, 0.001068 
201589717430136, 0.001404, 0.000565, 0.001068 
201589737236045, 0.000198, -0.000671, -0.000153 
201589757041953, 0.000198, -0.000671, -0.000153 
201589776878379, 0.001404, -0.000671, -0.001373 
201589796684287, 0.000198, 0.000565, -0.000153 
201589816490195, 0.000198, -0.000671, -0.000153 
201589836326621, -0.001038, 0.000565, -0.000153 
201589856132529, 0.000198, 0.000565, -0.000153 
201589875938437, 0.000198, -0.000671, -0.000153 
201589895774863, 0.000198, -0.000671, -0.000153 
201589915611289, 0.001404, -0.003113, -0.001373 
201589935447714, 0.000198, -0.000671, -0.001373 
201589955253623, -0.001038, 0.001785, -0.000153 
201589975059531, 0.001404, 0.000565, -0.000153 
201589994895957, -0.001038, 0.003006, -0.001373 
201590014701865, -0.001038, -0.001877, -0.000153 
201590034507773, 0.000198, -0.001877, 0.001068 
201590054344199, 0.000198, -0.000671, 0.001068 
201590074150107, 0.000198, -0.000671, 0.001068 
201590093956015, 0.000198, 0.000565, -0.000153 
201590113792441, 0.000198, -0.000671, -0.000153 
201590133598349, 0.000198, 0.000565, -0.000153 
201590153404257, 0.000198, -0.000671, 0.001068 
201590173240683, 0.000198, -0.000671, -0.000153 
201590193077109, 0.000198, -0.000671, -0.000153 
201590212883017, 0.000198, 0.000565, -0.000153 
201590232719443, 0.000198, 0.000565, -0.000153 
201590252525351, 0.000198, 0.000565, -0.000153 
201590272331259, 0.000198, 0.000565, -0.000153 
201590292167685, -0.001038, 0.000565, -0.000153 
201590311973593, -0.002258, -0.000671, -0.000153 
201590331779502, -0.002258, 0.000565, -0.000153 
201590351615927, 0.001404, -0.000671, -0.000153 
201590371421836, 0.000198, 0.000565, 0.001068 
201590391227744, 0.003845, 0.000565, -0.000153 
201590411064170, 0.005081, 0.000565, 0.001068 
201590430870078, 0.001404, 0.000565, 0.001068 
201590450706504, 0.000198, 0.000565, -0.000153 
201590470542929, 0.000198, 0.000565, -0.000153 
201590490348837, 0.000198, 0.000565, 0.001068 
201590510185263, 0.000198, 0.000565, 0.001068 
201590529991171, 0.001404, 0.000565, -0.000153 
201590549797080, 0.000198, 0.000565, -0.000153 
201590569633505, 0.000198, 0.000565, -0.000153 
201590589439414, 0.000198, 0.000565, -0.000153 
201590609245322, 0.000198, 0.000565, -0.000153 
201590629081748, 0.002640, 0.000565, -0.000153 
201590648887656, 0.001404, 0.000565, -0.001373 
201590668693564, -0.001038, -0.000671, -0.000153 
201590688529990, -0.001038, -0.000671, -0.000153 
