# Created at Tue Jun 01 16:14:03 GMT+02:00 2021 in Burnaby Canada 
3045755096252 -0.122101 -0.098720 9.805393 
3045774902160 -0.121474 -0.098817 9.805400 
3045794738586 -0.121330 -0.098767 9.805402 
3045814575012 -0.121278 -0.099338 9.805398 
3045834380920 -0.121381 -0.099205 9.805397 
3045854217346 -0.121248 -0.099367 9.805397 
3045874023254 -0.121132 -0.099072 9.805402 
3045893829162 -0.121018 -0.099324 9.805400 
3045913665588 -0.120674 -0.099877 9.805399 
3045933471496 -0.120406 -0.100256 9.805399 
3045953277405 -0.120384 -0.100711 9.805393 
3045973113830 -0.120670 -0.100910 9.805388 
3045992919739 -0.120878 -0.100711 9.805388 
3046012725647 -0.120762 -0.100520 9.805391 
3046032562073 -0.120878 -0.100488 9.805390 
3046052367981 -0.121011 -0.100376 9.805389 
3046072204407 -0.120902 -0.100585 9.805389 
3046092040832 -0.121173 -0.100398 9.805387 
3046111846741 -0.120817 -0.100609 9.805389 
3046131683166 -0.121103 -0.100975 9.805383 
3046151489074 -0.120987 -0.100693 9.805387 
3046171294983 -0.120707 -0.100496 9.805392 
3046191131408 -0.120995 -0.100624 9.805387 
3046210937317 -0.120810 -0.100827 9.805387 
3046230743225 -0.120698 -0.100714 9.805390 
3046250579651 -0.120664 -0.100913 9.805389 
3046270385559 -0.120557 -0.100713 9.805391 
3046290191467 -0.120850 -0.100681 9.805388 
3046310027893 -0.120981 -0.100805 9.805386 
3046329833801 -0.120793 -0.100839 9.805387 
3046349670227 -0.121385 -0.100960 9.805379 
3046369506653 -0.121479 -0.100915 9.805378 
3046389312561 -0.121266 -0.100716 9.805383 
3046409148987 -0.121379 -0.100136 9.805388 
3046428954895 -0.121411 -0.099898 9.805389 
3046448760803 -0.121516 -0.100044 9.805387 
3046468597229 -0.121303 -0.099968 9.805390 
3046488403137 -0.121255 -0.100039 9.805390 
3046508209045 -0.121219 -0.099722 9.805393 
3046528045471 -0.121413 -0.099641 9.805392 
3046547851379 -0.121679 -0.099256 9.805392 
3046567657287 -0.121697 -0.098964 9.805395 
3046587493713 -0.121651 -0.099305 9.805393 
3046607299621 -0.121683 -0.099240 9.805393 
3046627136047 -0.121162 -0.099409 9.805399 
3046646972473 -0.121199 -0.099340 9.805398 
3046666778381 -0.121156 -0.099273 9.805399 
3046686614807 -0.121197 -0.099367 9.805398 
3046706420715 -0.121087 -0.099462 9.805398 
3046726226623 -0.121047 -0.099391 9.805399 
3046746063049 -0.120930 -0.099177 9.805403 
3046765868957 -0.120894 -0.099195 9.805403 
3046785674866 -0.120645 -0.099365 9.805405 
3046805511291 -0.122156 -0.101534 9.805364 
3046825317199 -0.117730 -0.096777 9.805466 
3046845123108 -0.120183 -0.099643 9.805408 
3046864959533 -0.121772 -0.101884 9.805365 
3046884765442 -0.121926 -0.101642 9.805365 
3046904571350 -0.120872 -0.100132 9.805394 
3046924407776 -0.118690 -0.098597 9.805436 
3046944244201 -0.117928 -0.096874 9.805463 
3046964080627 -0.118859 -0.097202 9.805448 
3046983886535 -0.120145 -0.099019 9.805413 
3047003692444 -0.121161 -0.100773 9.805384 
3047023528869 -0.121031 -0.101362 9.805380 
3047043334778 -0.119390 -0.099543 9.805418 
3047063140686 -0.118200 -0.097636 9.805452 
3047082977112 -0.118935 -0.096893 9.805450 
3047102783020 -0.120991 -0.098398 9.805409 
3047122588928 -0.123068 -0.101114 9.805356 
3047142425354 -0.123857 -0.102519 9.805332 
3047162231262 -0.122368 -0.100355 9.805374 
3047182067688 -0.120303 -0.097794 9.805425 
3047201873596 -0.120117 -0.096890 9.805435 
3047221710022 -0.121918 -0.098879 9.805394 
3047241546448 -0.123930 -0.101691 9.805340 
3047261352356 -0.123451 -0.101846 9.805344 
3047281158264 -0.121102 -0.099287 9.805400 
3047300994690 -0.119945 -0.097058 9.805437 
3047320800598 -0.121039 -0.098080 9.805412 
3047340637024 -0.123106 -0.101035 9.805357 
3047360442932 -0.123818 -0.102526 9.805333 
3047380248840 -0.121928 -0.100667 9.805375 
3047400085266 -0.120188 -0.098235 9.805422 
3047419891174 -0.120731 -0.098200 9.805415 
3047439697082 -0.123089 -0.100559 9.805362 
3047459533508 -0.124488 -0.102980 9.805319 
3047479339416 -0.123124 -0.101256 9.805354 
3047499145324 -0.121347 -0.098896 9.805401 
3047518981750 -0.121749 -0.098422 9.805401 
3047538818176 -0.124810 -0.100908 9.805337 
3047558624084 -0.127174 -0.103421 9.805280 
3047578460510 -0.125948 -0.101704 9.805314 
3047598266418 -0.124119 -0.098995 9.805365 
3047618102844 -0.124966 -0.098682 9.805357 
3047637908752 -0.126606 -0.101334 9.805309 
3047657714660 -0.127316 -0.103927 9.805272 
3047677551086 -0.126006 -0.102105 9.805309 
3047697356994 -0.124492 -0.099695 9.805353 
3047717162903 -0.124864 -0.099035 9.805355 
3047736999328 -0.127057 -0.101665 9.805300 
3047756805237 -0.128278 -0.104632 9.805253 
3047776611145 -0.126266 -0.102719 9.805300 
3047796447571 -0.123752 -0.099675 9.805363 
3047816283996 -0.124075 -0.099645 9.805359 
3047836120422 -0.125211 -0.101710 9.805324 
3047855926330 -0.126552 -0.104890 9.805272 
3047875732239 -0.124958 -0.102882 9.805314 
3047895568664 -0.122244 -0.099753 9.805381 
3047915374573 -0.122234 -0.099644 9.805382 
3047935180481 -0.124148 -0.101952 9.805334 
3047955016907 -0.125430 -0.104571 9.805290 
3047974822815 -0.124337 -0.102718 9.805324 
3047994628723 -0.121425 -0.099284 9.805395 
3048014465149 -0.122384 -0.099049 9.805387 
3048034271057 -0.124304 -0.101164 9.805341 
3048054107483 -0.125324 -0.103556 9.805303 
3048073913391 -0.123539 -0.101025 9.805351 
3048093749817 -0.121119 -0.098726 9.805405 
3048113586242 -0.120705 -0.098747 9.805409 
3048133392151 -0.122148 -0.101655 9.805363 
3048153198059 -0.122026 -0.103808 9.805342 
3048173034485 -0.119204 -0.101290 9.805402 
3048192840393 -0.117079 -0.098680 9.805455 
3048212646301 -0.118637 -0.098848 9.805434 
3048232482727 -0.120759 -0.100890 9.805388 
3048252288635 -0.121317 -0.102939 9.805360 
3048272125061 -0.119960 -0.101063 9.805395 
3048291930969 -0.117641 -0.098367 9.805451 
3048311736877 -0.117427 -0.097706 9.805461 
3048331573303 -0.119817 -0.099478 9.805414 
3048351379211 -0.122235 -0.102240 9.805355 
3048371215637 -0.120397 -0.100086 9.805401 
3048391052063 -0.118530 -0.097435 9.805449 
3048410857971 -0.118043 -0.096959 9.805461 
3048430663879 -0.120574 -0.098993 9.805408 
3048450500305 -0.122638 -0.101848 9.805353 
3048470306213 -0.121006 -0.100240 9.805391 
3048490112121 -0.118134 -0.096968 9.805459 
3048509948547 -0.119132 -0.097209 9.805446 
3048529754455 -0.121484 -0.099859 9.805389 
3048549560364 -0.122348 -0.101731 9.805359 
3048569396789 -0.120504 -0.099186 9.805408 
3048589202698 -0.119036 -0.096410 9.805453 
3048609048154 -0.120144 -0.097145 9.805432 
3048628854063 -0.121949 -0.099752 9.805385 
3048648659971 -0.122109 -0.100611 9.805374 
3048668496397 -0.120182 -0.098023 9.805424 
3048688332822 -0.118105 -0.095446 9.805474 
3048708169248 -0.119578 -0.096293 9.805448 
3048727975156 -0.121875 -0.099170 9.805391 
3048747781064 -0.122458 -0.100082 9.805374 
3048767617490 -0.120362 -0.097896 9.805423 
3048787423398 -0.119365 -0.096415 9.805449 
3048807229307 -0.121026 -0.097323 9.805420 
3048827065732 -0.123806 -0.100807 9.805350 
3048846871641 -0.123846 -0.101808 9.805340 
3048866677549 -0.121548 -0.099018 9.805397 
3048886513975 -0.119900 -0.097195 9.805435 
3048906319883 -0.121388 -0.098699 9.805402 
3048926156309 -0.123735 -0.102075 9.805338 
3048945992734 -0.124034 -0.102681 9.805327 
3048965798643 -0.121637 -0.100407 9.805381 
3048985635068 -0.120159 -0.098695 9.805417 
3049005440977 -0.122182 -0.100701 9.805372 
3049025246885 -0.123809 -0.103714 9.805321 
3049045083311 -0.123242 -0.103157 9.805333 
3049064889219 -0.120646 -0.100084 9.805397 
3049084695127 -0.120364 -0.098862 9.805413 
3049104531553 -0.122562 -0.101275 9.805361 
3049124337461 -0.124377 -0.104083 9.805309 
3049144173887 -0.122779 -0.102246 9.805348 
3049163979795 -0.120214 -0.099367 9.805410 
3049183785703 -0.120823 -0.098967 9.805406 
3049203622129 -0.123491 -0.101622 9.805346 
3049223458555 -0.124542 -0.103750 9.805310 
3049243264463 -0.122456 -0.101292 9.805362 
3049263100889 -0.120532 -0.098829 9.805411 
3049282906797 -0.121920 -0.099719 9.805385 
3049302712705 -0.124385 -0.102742 9.805324 
3049322549131 -0.123914 -0.102877 9.805327 
3049342355039 -0.121623 -0.099882 9.805387 
3049362191465 -0.121231 -0.098582 9.805406 
3049381997373 -0.123472 -0.100358 9.805359 
3049401803281 -0.125584 -0.103833 9.805296 
3049421639707 -0.123863 -0.102243 9.805335 
3049441445615 -0.121408 -0.098735 9.805401 
3049461251523 -0.121740 -0.098911 9.805396 
3049481087949 -0.124092 -0.101994 9.805334 
3049500893857 -0.124459 -0.103537 9.805314 
3049520730283 -0.121899 -0.100529 9.805376 
3049540566709 -0.120471 -0.098178 9.805419 
3049560372617 -0.121851 -0.099562 9.805387 
3049580209043 -0.124496 -0.102750 9.805322 
3049600014951 -0.123523 -0.102078 9.805341 
3049619820859 -0.120930 -0.098563 9.805409 
3049639657285 -0.120634 -0.097629 9.805422 
3049659463193 -0.122988 -0.099781 9.805372 
3049679269102 -0.124612 -0.102382 9.805324 
3049699105527 -0.122521 -0.100128 9.805373 
3049718911436 -0.120907 -0.097235 9.805423 
3049738717344 -0.121874 -0.098172 9.805402 
3049758553770 -0.124561 -0.101384 9.805335 
3049778359678 -0.124257 -0.102062 9.805332 
3049798196104 -0.122173 -0.099035 9.805388 
3049818032529 -0.120729 -0.097290 9.805424 
3049837838438 -0.122484 -0.098938 9.805387 
3049857674863 -0.125183 -0.102383 9.805317 
3049877480772 -0.124503 -0.102040 9.805329 
3049897286680 -0.121861 -0.098856 9.805394 
3049917123105 -0.121294 -0.098064 9.805409 
3049936929014 -0.123702 -0.100899 9.805351 
3049956734922 -0.125291 -0.103454 9.805305 
3049976571348 -0.122871 -0.101002 9.805361 
3049996377256 -0.120449 -0.098074 9.805420 
3050016213682 -0.121580 -0.098893 9.805399 
3050036019590 -0.124211 -0.102563 9.805327 
3050055825498 -0.123650 -0.102780 9.805332 
3050075661924 -0.120808 -0.099557 9.805401 
3050095498350 -0.120583 -0.098102 9.805417 
3050115304258 -0.122525 -0.100451 9.805370 
3050135140684 -0.124245 -0.103269 9.805319 
3050154946592 -0.122000 -0.100901 9.805372 
3050174752500 -0.120008 -0.097819 9.805429 
3050194588926 -0.121066 -0.098493 9.805408 
3050214394834 -0.124377 -0.101512 9.805335 
3050234231260 -0.124653 -0.102832 9.805319 
3050254037168 -0.121944 -0.099941 9.805383 
3050273843076 -0.120262 -0.097370 9.805429 
3050293679502 -0.121636 -0.098610 9.805400 
3050313485410 -0.124428 -0.102299 9.805326 
3050333291318 -0.123224 -0.101724 9.805347 
3050353127744 -0.120231 -0.098077 9.805423 
3050372964170 -0.120332 -0.097700 9.805425 
3050392770078 -0.122993 -0.101320 9.805355 
3050412606504 -0.123433 -0.102391 9.805339 
3050432412412 -0.120661 -0.098707 9.805411 
3050452218320 -0.120664 -0.097676 9.805421 
3050472054746 -0.122957 -0.100707 9.805362 
3050491860654 -0.124474 -0.103031 9.805319 
3050511666563 -0.122290 -0.100520 9.805373 
3050531502988 -0.120211 -0.097618 9.805428 
3050551308897 -0.121883 -0.098609 9.805397 
3050571145322 -0.124989 -0.102392 9.805319 
3050590951230 -0.123294 -0.101016 9.805355 
3050610757139 -0.120691 -0.097857 9.805420 
3050630593564 -0.122571 -0.098583 9.805388 
3050650399473 -0.125506 -0.102596 9.805310 
3050670235898 -0.123945 -0.101454 9.805342 
3050690072324 -0.121324 -0.098351 9.805406 
3050709878232 -0.122796 -0.099377 9.805377 
3050729714658 -0.125647 -0.103446 9.805299 
3050749520566 -0.123534 -0.101877 9.805343 
3050769326475 -0.121087 -0.099080 9.805402 
3050789162900 -0.122099 -0.099129 9.805388 
3050808968809 -0.124898 -0.102880 9.805315 
3050828774717 -0.124401 -0.103167 9.805318 
3050848611143 -0.121360 -0.099623 9.805392 
3050868417051 -0.121804 -0.099338 9.805390 
3050888253477 -0.124910 -0.103314 9.805310 
3050908059385 -0.124495 -0.103121 9.805319 
3050927865293 -0.121522 -0.099714 9.805390 
3050947701719 -0.122897 -0.099981 9.805369 
3050967538145 -0.125974 -0.104100 9.805288 
3050987344053 -0.124619 -0.102269 9.805326 
3051007180479 -0.121964 -0.099213 9.805389 
3051026986387 -0.123770 -0.100713 9.805352 
3051046792295 -0.125932 -0.104092 9.805289 
3051066628721 -0.123600 -0.101206 9.805348 
3051086434629 -0.122408 -0.098982 9.805387 
3051106271055 -0.125220 -0.102130 9.805319 
3051126076963 -0.126230 -0.103577 9.805290 
3051145882871 -0.122798 -0.099755 9.805373 
3051165719297 -0.123359 -0.099072 9.805374 
3051185525205 -0.126088 -0.103210 9.805296 
3051205331113 -0.125940 -0.096860 9.805364 
3051225167539 -0.125705 -0.102299 9.805310 
3051245003965 -0.125081 -0.103920 9.805303 
3051264809873 -0.125166 -0.104144 9.805298 
3051284646299 -0.124867 -0.103658 9.805308 
3051304452207 -0.124337 -0.103168 9.805320 
3051324288633 -0.124990 -0.103627 9.805305 
3051344094541 -0.125104 -0.103640 9.805305 
3051363900449 -0.124630 -0.103055 9.805316 
3051383736875 -0.124770 -0.103019 9.805315 
3051403542783 -0.125303 -0.103578 9.805304 
3051423348691 -0.124966 -0.103317 9.805310 
3051443185117 -0.124462 -0.102837 9.805322 
3051462991025 -0.125178 -0.103320 9.805306 
3051482796934 -0.124684 -0.103601 9.805310 
3051502633359 -0.124437 -0.103873 9.805311 
3051522469785 -0.124438 -0.103810 9.805310 
3051542275693 -0.124521 -0.103829 9.805310 
3051562112119 -0.124368 -0.103766 9.805313 
3051581918027 -0.124453 -0.103867 9.805310 
3051601754453 -0.124691 -0.103636 9.805309 
3051621560361 -0.124687 -0.103419 9.805312 
3051641366270 -0.124601 -0.103212 9.805316 
3051661202695 -0.124597 -0.103011 9.805317 
