# Created at Tue Jun 01 16:14:03 GMT+02:00 2021 in Burnaby Canada 
3045747192199 0.000000 0.000000 0.000000 
3045767089660 0.000000 0.000000 0.000000 
3045786987121 0.000000 0.000000 0.000000 
3045806884582 0.000000 0.000000 0.000000 
3045826751526 0.000000 0.000000 0.000000 
3045846618469 0.000000 0.000000 0.000000 
3045866485412 0.000000 0.000000 0.000000 
3045886352356 0.000000 0.000000 0.000000 
3045906219299 0.000000 0.000000 0.000000 
3045926086242 0.000000 0.000000 0.000000 
3045945983703 0.000000 0.000000 0.000000 
3045965850647 0.000000 0.000000 0.000000 
3045985717590 0.000000 0.000000 0.000000 
3046005584533 0.000000 0.000000 0.000000 
3046025451477 0.000000 0.000000 0.000000 
3046045318420 0.000000 0.000000 0.000000 
3046065185364 0.000000 0.000000 0.000000 
3046085082824 0.000000 0.000000 0.000000 
3046104980285 0.000000 0.000000 0.000000 
3046124847229 0.000000 0.000000 0.000000 
3046144714172 0.000000 0.000000 0.000000 
3046164581116 0.000000 0.000000 0.000000 
3046184448059 0.000000 0.000000 0.000000 
3046204315002 0.000000 0.000000 0.000000 
3046224181946 0.000000 0.000000 0.000000 
3046244048889 0.000000 0.000000 0.000000 
3046263915832 0.000000 0.000000 0.000000 
3046283813293 0.000000 0.000000 0.000000 
3046303680237 0.000000 0.000000 0.000000 
3046323547180 0.000000 0.000000 0.000000 
3046343414123 0.000000 0.000000 0.000000 
3046363311584 0.000000 0.000000 0.000000 
3046383178528 0.000000 0.000000 0.000000 
3046403075989 0.000000 0.000000 0.000000 
3046422942932 0.000000 0.000000 0.000000 
3046442809875 0.000000 0.000000 0.000000 
3046462676819 0.000000 0.000000 0.000000 
3046482543762 0.000000 0.000000 0.000000 
3046502410705 0.000000 0.000000 0.000000 
3046522308166 0.000000 0.000000 0.000000 
3046542175110 0.000000 0.000000 0.000000 
3046562042053 0.000000 0.000000 0.000000 
3046581908996 0.000000 0.000000 0.000000 
3046601775940 0.000000 0.000000 0.000000 
3046621642883 0.000000 0.000000 0.000000 
3046641540344 0.000000 0.000000 0.000000 
3046661437805 0.000000 0.000000 0.000000 
3046681304748 0.000000 0.000000 0.000000 
3046701171692 0.000000 0.000000 0.000000 
3046721038635 0.000000 0.000000 0.000000 
3046740905578 0.000000 0.000000 0.000000 
3046760772522 0.000000 0.000000 0.000000 
3046780639465 0.000000 0.000000 0.000000 
3046800536926 0.000000 0.000000 0.000000 
3046820403869 0.000000 0.000000 0.000000 
3046840270813 0.000000 0.000000 0.000000 
3046860137756 0.000000 0.000000 0.000000 
3046880004699 0.000000 0.000000 0.000000 
3046899871643 0.000000 0.000000 0.000000 
3046919738586 0.000000 0.000000 0.000000 
3046939636047 0.000000 0.000000 0.000000 
3046959502991 0.000000 0.000000 0.000000 
3046979369934 0.000000 0.000000 0.000000 
3046999236877 0.000000 0.000000 0.000000 
3047019134338 0.000000 0.000000 0.000000 
3047039001282 0.000000 0.000000 0.000000 
3047058868225 0.000000 0.000000 0.000000 
3047078735168 0.000000 0.000000 0.000000 
3047098602112 0.000000 0.000000 0.000000 
3047118469055 0.000000 0.000000 0.000000 
3047138335998 0.000000 0.000000 0.000000 
3047158202942 0.000000 0.000000 0.000000 
3047178100403 0.000000 0.000000 0.000000 
3047197967346 0.000000 0.000000 0.000000 
3047217864807 0.000000 0.000000 0.000000 
3047237731750 0.000000 0.000000 0.000000 
3047257598694 0.000000 0.000000 0.000000 
3047277465637 0.000000 0.000000 0.000000 
3047297332580 0.000000 0.000000 0.000000 
3047317199524 0.000000 0.000000 0.000000 
3047337066467 0.000000 0.000000 0.000000 
3047356933410 0.000000 0.000000 0.000000 
3047376830871 0.000000 0.000000 0.000000 
3047396697815 0.000000 0.000000 0.000000 
3047416564758 0.000000 0.000000 0.000000 
3047436431701 0.000000 0.000000 0.000000 
3047456298645 0.000000 0.000000 0.000000 
3047476165588 0.000000 0.000000 0.000000 
3047496032532 0.000000 0.000000 0.000000 
3047515929992 0.000000 0.000000 0.000000 
3047535827453 0.000000 0.000000 0.000000 
3047555694397 0.000000 0.000000 0.000000 
3047575561340 0.000000 0.000000 0.000000 
3047595428283 0.000000 0.000000 0.000000 
3047615295227 0.000000 0.000000 0.000000 
3047635162170 0.000000 0.000000 0.000000 
3047655029114 0.000000 0.000000 0.000000 
3047674896057 0.000000 0.000000 0.000000 
3047694763000 0.000000 0.000000 0.000000 
3047714629944 0.000000 0.000000 0.000000 
3047734496887 0.000000 0.000000 0.000000 
3047754363830 0.000000 0.000000 0.000000 
3047774230774 0.000000 0.000000 0.000000 
3047794158752 0.000000 0.000000 0.000000 
3047814025696 0.000000 0.000000 0.000000 
3047833892639 0.000000 0.000000 0.000000 
3047853759582 0.000000 0.000000 0.000000 
3047873626526 0.000000 0.000000 0.000000 
3047893493469 0.000000 0.000000 0.000000 
3047913360412 0.000000 0.000000 0.000000 
3047933227356 0.000000 0.000000 0.000000 
3047953094299 0.000000 0.000000 0.000000 
3047972961242 0.000000 0.000000 0.000000 
3047992828186 0.000000 0.000000 0.000000 
3048012695129 0.000000 0.000000 0.000000 
3048032562073 0.000000 0.000000 0.000000 
3048052429016 0.000000 0.000000 0.000000 
3048072295959 0.000000 0.000000 0.000000 
3048092193420 0.000000 0.000000 0.000000 
3048112060364 0.000000 0.000000 0.000000 
3048131927307 0.000000 0.000000 0.000000 
3048151794250 0.000000 0.000000 0.000000 
3048171691711 0.000000 0.000000 0.000000 
3048191558655 0.000000 0.000000 0.000000 
3048211425598 0.000000 0.000000 0.000000 
3048231292541 0.000000 0.000000 0.000000 
3048251159485 0.000000 0.000000 0.000000 
3048271026428 0.000000 0.000000 0.000000 
3048290893371 0.000000 0.000000 0.000000 
3048310760315 0.000000 0.000000 0.000000 
3048330627258 0.000000 0.000000 0.000000 
3048350494201 0.000000 0.000000 0.000000 
3048370391662 0.000000 0.000000 0.000000 
3048390258606 0.000000 0.000000 0.000000 
3048410156067 0.000000 0.000000 0.000000 
3048430023010 0.000000 0.000000 0.000000 
3048449889953 0.000000 0.000000 0.000000 
3048469756897 0.000000 0.000000 0.000000 
3048489623840 0.000000 0.000000 0.000000 
3048509490783 0.000000 0.000000 0.000000 
3048529357727 0.000000 0.000000 0.000000 
3048549224670 0.000000 0.000000 0.000000 
3048569091614 0.000000 0.000000 0.000000 
3048588958557 0.000000 0.000000 0.000000 
3048608834531 0.000000 0.000000 0.000000 
3048628701475 0.000000 0.000000 0.000000 
3048648629453 0.000000 0.000000 0.000000 
3048668465879 0.000000 0.000000 0.000000 
3048688332822 0.000000 0.000000 0.000000 
3048708199766 0.000000 0.000000 0.000000 
3048728066709 0.000000 0.000000 0.000000 
3048747933652 0.000000 0.000000 0.000000 
3048767800596 0.000000 0.000000 0.000000 
3048787667539 0.000000 0.000000 0.000000 
3048807534482 0.000000 0.000000 0.000000 
3048827431943 0.000000 0.000000 0.000000 
3048847298887 0.000000 0.000000 0.000000 
3048867165830 0.000000 0.000000 0.000000 
3048887032773 0.000000 0.000000 0.000000 
3048906899717 0.000000 0.000000 0.000000 
3048926797178 0.000000 0.000000 0.000000 
3048946694639 0.000000 0.000000 0.000000 
3048966561582 0.000000 0.000000 0.000000 
3048986428525 0.000000 0.000000 0.000000 
3049006295469 0.000000 0.000000 0.000000 
3049026162412 0.000000 0.000000 0.000000 
3049046029355 0.000000 0.000000 0.000000 
3049065896299 0.000000 0.000000 0.000000 
3049085763242 0.000000 0.000000 0.000000 
3049105630186 0.000000 0.000000 0.000000 
3049125497129 0.000000 0.000000 0.000000 
3049145364072 0.000000 0.000000 0.000000 
3049165261533 0.000000 0.000000 0.000000 
3049185128477 0.000000 0.000000 0.000000 
3049204995420 0.000000 0.000000 0.000000 
3049224892881 0.000000 0.000000 0.000000 
3049244759824 0.000000 0.000000 0.000000 
3049264626768 0.000000 0.000000 0.000000 
3049284493711 0.000000 0.000000 0.000000 
3049304360654 0.000000 0.000000 0.000000 
3049324227598 0.000000 0.000000 0.000000 
3049344094541 0.000000 0.000000 0.000000 
3049363961484 0.000000 0.000000 0.000000 
3049383858945 0.000000 0.000000 0.000000 
3049403725889 0.000000 0.000000 0.000000 
3049423592832 0.000000 0.000000 0.000000 
3049443459775 0.000000 0.000000 0.000000 
3049463326719 0.000000 0.000000 0.000000 
3049483193662 0.000000 0.000000 0.000000 
3049503060605 0.000000 0.000000 0.000000 
3049522958066 0.000000 0.000000 0.000000 
3049542825010 0.000000 0.000000 0.000000 
3049562722471 0.000000 0.000000 0.000000 
3049582589414 0.000000 0.000000 0.000000 
3049602456357 0.000000 0.000000 0.000000 
3049622323301 0.000000 0.000000 0.000000 
3049642190244 0.000000 0.000000 0.000000 
3049662057188 0.000000 0.000000 0.000000 
3049681924131 0.000000 0.000000 0.000000 
3049701791074 0.000000 0.000000 0.000000 
3049721688535 0.000000 0.000000 0.000000 
3049741555479 0.000000 0.000000 0.000000 
3049761422422 0.000000 0.000000 0.000000 
3049781289365 0.000000 0.000000 0.000000 
3049801186826 0.000000 0.000000 0.000000 
3049821053770 0.000000 0.000000 0.000000 
3049840920713 0.000000 0.000000 0.000000 
3049860787656 0.000000 0.000000 0.000000 
3049880654600 0.000000 0.000000 0.000000 
3049900552061 0.000000 0.000000 0.000000 
3049920419004 0.000000 0.000000 0.000000 
3049940285947 0.000000 0.000000 0.000000 
3049960152891 0.000000 0.000000 0.000000 
3049980019834 0.000000 0.000000 0.000000 
3049999886777 0.000000 0.000000 0.000000 
3050019753721 0.000000 0.000000 0.000000 
3050039620664 0.000000 0.000000 0.000000 
3050059487607 0.000000 0.000000 0.000000 
3050079415586 0.000000 0.000000 0.000000 
3050099282529 0.000000 0.000000 0.000000 
3050119149473 0.000000 0.000000 0.000000 
3050139016416 0.000000 0.000000 0.000000 
3050158883359 0.000000 0.000000 0.000000 
3050178750303 0.000000 0.000000 0.000000 
3050198617246 0.000000 0.000000 0.000000 
3050218484189 0.000000 0.000000 0.000000 
3050238351133 0.000000 0.000000 0.000000 
3050258218076 0.000000 0.000000 0.000000 
3050278085020 0.000000 0.000000 0.000000 
3050297982480 0.000000 0.000000 0.000000 
3050317849424 0.000000 0.000000 0.000000 
3050337716367 0.000000 0.000000 0.000000 
3050357583311 0.000000 0.000000 0.000000 
3050377480772 0.000000 0.000000 0.000000 
3050397347715 0.000000 0.000000 0.000000 
3050417214658 0.000000 0.000000 0.000000 
3050437081602 0.000000 0.000000 0.000000 
3050456948545 0.000000 0.000000 0.000000 
3050476846006 0.000000 0.000000 0.000000 
3050496712949 0.000000 0.000000 0.000000 
3050516579893 0.000000 0.000000 0.000000 
3050536446836 0.000000 0.000000 0.000000 
3050556313779 0.000000 0.000000 0.000000 
3050576180723 0.000000 0.000000 0.000000 
3050596047666 0.000000 0.000000 0.000000 
3050615914609 0.000000 0.000000 0.000000 
3050635812070 0.000000 0.000000 0.000000 
3050655709531 0.000000 0.000000 0.000000 
3050675576475 0.000000 0.000000 0.000000 
3050695443418 0.000000 0.000000 0.000000 
3050715310361 0.000000 0.000000 0.000000 
3050735177305 0.000000 0.000000 0.000000 
3050755044248 0.000000 0.000000 0.000000 
3050774911191 0.000000 0.000000 0.000000 
3050794778135 0.000000 0.000000 0.000000 
3050814675596 0.000000 0.000000 0.000000 
3050834542539 0.000000 0.000000 0.000000 
3050854409482 0.000000 0.000000 0.000000 
3050874276426 0.000000 0.000000 0.000000 
3050894143369 0.000000 0.000000 0.000000 
3050914010313 0.000000 0.000000 0.000000 
3050933877256 0.000000 0.000000 0.000000 
3050953774717 0.000000 0.000000 0.000000 
3050973641660 0.000000 0.000000 0.000000 
3050993508604 0.000000 0.000000 0.000000 
3051013406064 0.000000 0.000000 0.000000 
3051033273008 0.000000 0.000000 0.000000 
3051053139951 0.000000 0.000000 0.000000 
3051073006895 0.000000 0.000000 0.000000 
3051092873838 0.000000 0.000000 0.000000 
3051112740781 0.000000 0.000000 0.000000 
3051132607725 0.000000 0.000000 0.000000 
3051152474668 0.000000 0.000000 0.000000 
3051172372129 0.000000 0.000000 0.000000 
3051192239072 0.000000 0.000000 0.000000 
3051212106016 0.000000 0.000000 0.000000 
3051232003477 0.000000 0.000000 0.000000 
3051251870420 0.000000 0.000000 0.000000 
3051271737363 0.000000 0.000000 0.000000 
3051291604307 0.000000 0.000000 0.000000 
3051311471250 0.000000 0.000000 0.000000 
3051331338193 0.000000 0.000000 0.000000 
3051351235654 0.000000 0.000000 0.000000 
3051371102598 0.000000 0.000000 0.000000 
3051390969541 0.000000 0.000000 0.000000 
3051410836484 0.000000 0.000000 0.000000 
3051430703428 0.000000 0.000000 0.000000 
3051450570371 0.000000 0.000000 0.000000 
3051470437314 0.000000 0.000000 0.000000 
3051490304258 0.000000 0.000000 0.000000 
3051510201719 0.000000 0.000000 0.000000 
3051530068662 0.000000 0.000000 0.000000 
3051549966123 0.000000 0.000000 0.000000 
3051569833066 0.000000 0.000000 0.000000 
3051589700010 0.000000 0.000000 0.000000 
3051609566953 0.000000 0.000000 0.000000 
3051629433897 0.000000 0.000000 0.000000 
3051649300840 0.000000 0.000000 0.000000 
