# Created at Tue Jun 01 16:16:35 GMT+02:00 2021 in Burnaby Canada 
3197543467363 -0.001144 -0.000031 0.000977 
3197563273271 0.000092 -0.000031 0.000977 
3197583079179 0.001297 0.001190 -0.000244 
3197602915605 0.000092 -0.000031 -0.000244 
3197622721513 0.000092 -0.001251 -0.000244 
3197642527422 0.000092 -0.000031 -0.000244 
3197662363847 0.000092 -0.000031 -0.000244 
3197682169756 -0.001144 -0.000031 -0.000244 
3197702006181 0.001297 0.001190 -0.001465 
3197721812089 0.000092 -0.000031 -0.000244 
3197741648515 -0.002365 -0.001251 -0.001465 
3197761484941 0.000092 0.001190 -0.001465 
3197781290849 -0.001144 -0.000031 -0.001465 
3197801096757 -0.002365 -0.000031 -0.001465 
3197820933183 0.001297 0.001190 -0.001465 
3197840739091 0.000092 -0.000031 -0.001465 
3197860545000 -0.001144 0.001190 -0.001465 
3197880381425 -0.001144 -0.000031 -0.001465 
3197900187334 -0.001144 0.001190 -0.001465 
3197920023759 -0.002365 -0.000031 -0.001465 
3197939829668 -0.001144 -0.000031 -0.001465 
3197959635576 -0.001144 -0.000031 -0.001465 
3197979472002 -0.001144 -0.000031 -0.001465 
3197999277910 0.000092 0.001190 -0.001465 
3198019114336 -0.001144 -0.000031 -0.001465 
3198038950761 -0.001144 -0.000031 -0.001465 
3198058756670 -0.003586 -0.001251 -0.001465 
3198078562578 0.001297 0.001190 -0.001465 
3198098399004 0.000092 0.001190 -0.001465 
3198118204912 -0.001144 -0.000031 -0.001465 
3198138041338 -0.001144 -0.000031 -0.001465 
3198157847246 -0.001144 0.001190 -0.001465 
3198177653154 0.000092 0.001190 -0.001465 
3198197489580 0.000092 0.001190 -0.000244 
3198217295488 0.000092 -0.000031 -0.000244 
3198237101396 0.000092 -0.001251 -0.000244 
3198256937822 -0.001144 -0.000031 -0.000244 
3198276743730 -0.001144 -0.000031 -0.000244 
3198296549638 -0.001144 -0.000031 -0.000244 
3198316386064 -0.001144 -0.001251 -0.000244 
3198336222490 -0.001144 -0.000031 -0.000244 
3198356028398 0.000092 -0.000031 -0.000244 
3198375864824 0.000092 -0.000031 -0.000244 
3198395670732 0.000092 -0.000031 -0.000244 
3198415507158 0.000092 -0.001251 -0.000244 
3198435313066 0.000092 -0.000031 0.000977 
3198455118974 0.001297 -0.000031 -0.000244 
3198474955400 0.000092 -0.000031 -0.000244 
3198494761308 -0.001144 -0.000031 -0.000244 
3198514567216 -0.001144 -0.000031 -0.000244 
3198534403642 -0.001144 -0.000031 -0.000244 
3198554209550 0.001297 0.001190 -0.000244 
3198574045976 0.001297 -0.000031 -0.000244 
3198593882402 0.001297 0.002426 -0.000244 
3198613665057 0.001297 -0.001251 -0.000244 
3198633501483 0.000092 -0.000031 -0.000244 
3198653307391 -0.001144 0.001190 -0.000244 
3198673113299 0.000092 -0.001251 -0.001465 
3198692949725 0.000092 -0.000031 -0.000244 
3198712755633 0.001297 -0.001251 -0.000244 
3198732561542 0.001297 -0.001251 -0.000244 
3198752397967 0.000092 -0.001251 -0.000244 
3198772203876 0.000092 -0.000031 -0.000244 
3198792040301 -0.001144 -0.000031 -0.000244 
3198811846210 0.000092 -0.000031 -0.000244 
3198831652118 0.000092 0.001190 -0.000244 
3198851488544 0.001297 -0.002487 0.000977 
3198871324969 0.001297 -0.002487 0.000977 
3198891130878 -0.001144 0.001190 0.000977 
3198910967303 0.000092 -0.000031 -0.000244 
3198930773211 0.000092 -0.000031 -0.000244 
3198950609637 0.000092 0.001190 -0.000244 
3198970415545 -0.001144 -0.000031 0.000977 
3198990221454 0.000092 -0.000031 -0.000244 
3199010057879 0.000092 -0.000031 -0.000244 
3199029863788 0.000092 -0.000031 -0.000244 
3199049669696 0.000092 -0.000031 -0.000244 
3199069506122 0.000092 -0.000031 -0.000244 
3199089312030 0.000092 -0.001251 -0.000244 
3199109117938 -0.001144 -0.000031 0.000977 
3199128954364 0.001297 -0.002487 -0.001465 
3199148760272 -0.002365 0.002426 0.000977 
3199168596698 0.001297 -0.002487 -0.001465 
3199188433124 0.001297 0.001190 -0.000244 
3199208239032 0.000092 -0.000031 -0.000244 
3199228075458 0.001297 -0.000031 -0.000244 
3199247881366 -0.001144 0.001190 -0.000244 
3199267687274 0.000092 -0.002487 -0.000244 
3199287523700 -0.001144 0.001190 0.000977 
3199307329608 0.000092 -0.002487 -0.000244 
3199327135516 -0.002365 0.003632 0.000977 
3199346971942 -0.002365 0.004868 0.002197 
3199366777850 -0.001144 0.004868 0.002197 
3199386583758 -0.001144 0.001190 -0.000244 
3199406420184 0.001297 -0.004929 -0.002686 
3199426226092 0.002533 -0.007370 -0.003922 
3199446062518 0.000092 -0.004929 -0.002686 
3199465898944 -0.001144 -0.000031 -0.000244 
3199485704852 -0.001144 0.003632 0.000977 
3199505541278 -0.001144 0.003632 0.000977 
3199525347186 0.000092 -0.000031 -0.001465 
3199545183612 0.002533 -0.002487 -0.001465 
3199564989520 0.000092 0.001190 0.000977 
3199584795428 0.001297 -0.002487 -0.001465 
3199604631854 0.000092 0.002426 0.000977 
3199624437762 0.000092 -0.002487 -0.000244 
3199644243670 0.000092 0.002426 0.000977 
3199664080096 0.000092 -0.002487 -0.000244 
3199683886004 -0.001144 -0.000031 0.000977 
3199703691913 0.001297 -0.000031 0.000977 
3199723528338 0.000092 -0.000031 -0.000244 
3199743364764 0.000092 -0.000031 -0.000244 
3199763201190 0.000092 -0.000031 -0.000244 
3199783007098 -0.001144 -0.000031 0.000977 
3199802813006 0.000092 -0.001251 -0.000244 
3199822649432 0.000092 -0.000031 0.000977 
3199842455340 -0.001144 -0.000031 -0.000244 
3199862261249 0.000092 -0.000031 -0.000244 
3199882097674 0.001297 -0.000031 -0.000244 
3199901903583 -0.001144 -0.000031 0.000977 
3199921740008 0.000092 -0.000031 0.000977 
3199941545917 0.000092 0.001190 -0.000244 
3199961351825 0.000092 -0.000031 -0.000244 
3199981188251 -0.001144 -0.000031 0.000977 
3200000994159 0.000092 -0.000031 -0.000244 
3200020830585 0.000092 0.001190 -0.000244 
3200040667010 -0.001144 -0.000031 -0.000244 
3200060472919 0.000092 0.001190 -0.000244 
3200080278827 0.000092 -0.000031 0.000977 
3200100115253 -0.001144 -0.000031 -0.000244 
3200119921161 0.000092 -0.001251 -0.000244 
3200139757586 0.001297 -0.000031 -0.000244 
3200159563495 0.001297 -0.000031 -0.000244 
3200179369403 0.000092 -0.000031 -0.000244 
3200199205829 0.000092 -0.000031 -0.000244 
3200219011737 0.000092 -0.000031 0.000977 
3200238817645 0.000092 0.001190 -0.000244 
3200258654071 0.000092 -0.000031 -0.000244 
3200278459979 -0.001144 -0.000031 -0.000244 
3200298265887 -0.001144 -0.000031 -0.000244 
3200318102313 0.000092 0.001190 -0.000244 
3200337938739 0.000092 -0.001251 0.000977 
3200357744647 0.000092 -0.000031 0.000977 
3200377581073 0.000092 -0.000031 -0.000244 
3200397386981 0.000092 -0.000031 -0.000244 
3200417223407 0.000092 -0.001251 -0.000244 
3200437029315 -0.001144 0.002426 0.000977 
3200456835223 0.002533 -0.000031 -0.000244 
3200476671649 0.000092 -0.000031 -0.000244 
3200496477557 0.001297 -0.000031 0.000977 
3200516313983 0.001297 -0.000031 -0.000244 
3200536119891 0.000092 -0.000031 -0.000244 
3200555925799 -0.001144 -0.000031 -0.000244 
3200575762225 0.001297 -0.000031 -0.000244 
3200595598651 0.000092 -0.000031 -0.000244 
3200615404559 0.001297 -0.001251 -0.000244 
3200635240985 -0.001144 -0.000031 0.000977 
3200655046893 -0.001144 -0.001251 -0.000244 
3200674852801 0.000092 -0.000031 -0.000244 
3200694689227 0.000092 -0.000031 -0.000244 
3200714495135 0.000092 -0.000031 -0.000244 
3200734331561 -0.001144 -0.000031 -0.000244 
3200754137469 0.000092 -0.001251 -0.000244 
3200773943378 -0.001144 0.001190 0.000977 
3200793779803 -0.001144 0.001190 0.000977 
3200813585711 0.000092 -0.002487 -0.002686 
3200833391620 0.000092 -0.004929 -0.002686 
3200853228045 0.001297 0.001190 0.000977 
3200873064471 0.000092 0.001190 -0.000244 
3200892900897 0.001297 -0.000031 -0.000244 
3200912706805 0.000092 -0.000031 -0.000244 
3200932512713 -0.001144 -0.000031 -0.000244 
3200952349139 0.000092 0.001190 -0.000244 
3200972155047 0.001297 -0.001251 -0.000244 
3200991960956 0.000092 -0.000031 -0.000244 
3201011797381 0.000092 -0.001251 -0.000244 
3201031603290 0.000092 -0.000031 -0.000244 
3201051409198 0.000092 -0.000031 -0.000244 
3201071245624 0.000092 -0.000031 -0.000244 
3201091051532 -0.001144 0.001190 -0.000244 
3201110887958 -0.001144 0.002426 -0.000244 
3201130693866 0.000092 -0.003693 -0.000244 
3201150499774 -0.001144 -0.001251 -0.000244 
3201170336200 0.000092 0.001190 0.000977 
3201190172626 -0.001144 0.004868 0.002197 
3201209978534 0.001297 -0.001251 -0.000244 
3201229814960 0.000092 -0.000031 0.000977 
3201249620868 0.000092 -0.000031 -0.000244 
3201269457294 0.000092 -0.000031 0.000977 
3201289263202 -0.001144 0.003632 0.000977 
3201309069110 0.000092 -0.000031 -0.000244 
3201328905536 0.000092 0.001190 0.000977 
3201348711444 0.001297 -0.000031 0.002197 
3201368517352 0.000092 -0.000031 0.000977 
3201388353778 0.001297 -0.000031 0.000977 
3201408159686 0.000092 -0.000031 -0.000244 
3201427996112 0.000092 -0.000031 0.000977 
3201447832538 0.000092 -0.000031 0.000977 
3201467638446 0.000092 -0.000031 -0.000244 
3201487474872 0.000092 -0.000031 0.000977 
3201507280780 0.000092 -0.000031 0.000977 
3201527086688 -0.001144 -0.000031 0.000977 
3201546923114 0.000092 -0.000031 -0.000244 
3201566729022 0.000092 -0.000031 -0.000244 
3201586534930 0.001297 -0.003693 -0.001465 
3201606371356 0.001297 -0.000031 -0.000244 
3201626177264 0.000092 -0.000031 -0.001465 
3201646013690 0.000092 -0.000031 -0.001465 
3201665819598 0.000092 -0.000031 0.000977 
3201685625506 -0.001144 -0.000031 0.000977 
3201705461932 0.000092 -0.000031 -0.000244 
3201725267840 0.000092 -0.000031 -0.000244 
3201745104266 0.000092 0.001190 -0.000244 
3201764940692 0.001297 -0.000031 -0.000244 
3201784746600 0.001297 -0.000031 -0.000244 
3201804583026 0.000092 -0.000031 -0.000244 
3201824388934 -0.001144 -0.000031 0.000977 
3201844194842 0.000092 -0.000031 -0.000244 
3201864031268 0.000092 -0.000031 -0.000244 
3201883837176 0.000092 -0.000031 -0.000244 
3201903643085 0.000092 -0.000031 -0.000244 
3201923479510 0.000092 -0.000031 0.000977 
3201943285419 0.001297 -0.000031 -0.000244 
3201963091327 0.000092 -0.001251 -0.000244 
3201982927753 0.000092 -0.001251 0.000977 
3202002733661 -0.001144 -0.000031 -0.000244 
3202022570086 0.000092 0.001190 -0.000244 
3202042406512 -0.001144 0.003632 0.002197 
3202062212420 0.002533 -0.001251 -0.001465 
3202082048846 0.001297 -0.003693 -0.001465 
3202101854754 0.000092 0.001190 -0.000244 
3202121660663 0.000092 -0.000031 -0.000244 
3202141497088 0.000092 -0.000031 -0.000244 
3202161302997 0.000092 -0.000031 -0.000244 
3202181108905 0.000092 -0.000031 -0.000244 
3202200945331 -0.001144 0.001190 -0.000244 
3202220751239 0.000092 -0.000031 -0.000244 
3202240587665 0.000092 -0.000031 0.000977 
3202260393573 0.000092 -0.000031 -0.000244 
3202280199481 -0.001144 -0.000031 -0.000244 
3202300035907 -0.001144 -0.000031 -0.000244 
3202319872333 0.000092 -0.000031 -0.000244 
3202339678241 0.000092 -0.000031 -0.000244 
3202359514667 0.001297 0.001190 -0.000244 
3202379320575 0.000092 0.001190 0.000977 
3202399157001 0.000092 -0.000031 -0.000244 
3202418962909 0.000092 -0.000031 -0.000244 
3202438768817 0.000092 -0.000031 -0.000244 
3202458605243 0.000092 0.004868 0.002197 
3202478411151 0.000092 0.001190 0.000977 
3202498217059 0.000092 -0.000031 -0.000244 
3202518053485 0.000092 -0.000031 -0.000244 
3202537859393 0.000092 -0.001251 0.000977 
3202557665301 0.001297 -0.000031 -0.000244 
3202577501727 0.000092 0.001190 -0.000244 
3202597338153 0.000092 -0.000031 -0.000244 
3202617174579 0.001297 0.001190 -0.000244 
3202636980487 0.000092 -0.000031 -0.000244 
3202656786395 0.000092 -0.000031 -0.000244 
3202676622821 0.000092 -0.000031 -0.000244 
3202696428729 0.000092 -0.000031 0.000977 
3202716234637 0.000092 -0.000031 0.000977 
3202736071063 0.000092 0.001190 -0.000244 
3202755876971 0.000092 0.001190 -0.000244 
3202775713397 0.001297 -0.002487 -0.001465 
3202795519305 0.000092 0.001190 -0.000244 
3202815325213 0.000092 -0.000031 -0.001465 
3202835161639 0.000092 -0.002487 -0.002686 
3202854967547 0.000092 -0.000031 -0.000244 
3202874803973 0.000092 -0.000031 -0.000244 
3202894640399 0.000092 -0.000031 -0.000244 
3202914446307 0.000092 -0.000031 0.000977 
3202934282733 0.000092 -0.001251 0.000977 
3202954088641 0.000092 -0.000031 0.000977 
3202973894549 0.000092 -0.001251 0.000977 
3202993730975 0.000092 -0.000031 -0.000244 
3203013536883 0.002533 -0.000031 0.000977 
3203033342792 0.002533 0.002426 0.000977 
3203053179217 -0.001144 -0.000031 -0.000244 
3203072985126 -0.004807 -0.000031 -0.000244 
3203092821551 0.000092 0.001190 -0.000244 
3203112627460 -0.001144 -0.000031 0.000977 
3203132433368 -0.002365 0.001190 -0.000244 
3203152269794 0.001297 0.001190 -0.001465 
3203172106219 -0.001144 0.001190 -0.001465 
3203191912128 0.000092 -0.001251 0.000977 
3203211748553 0.001297 0.001190 -0.000244 
3203231554461 -0.001144 0.004868 0.000977 
3203251390887 -0.002365 0.003632 0.000977 
3203271196795 0.000092 0.001190 -0.000244 
3203291002704 0.000092 -0.000031 -0.000244 
3203310839129 0.000092 -0.001251 0.000977 
3203330645038 0.000092 -0.000031 -0.000244 
3203350450946 0.000092 -0.000031 -0.000244 
3203370287372 0.000092 -0.000031 -0.000244 
3203390093280 0.000092 0.001190 -0.000244 
