# Created at Tue Jun 01 16:16:35 GMT+02:00 2021 in Burnaby Canada 
3197525767168 0.006151 0.005659 -0.999949 0.005589 
3197545634111 0.006126 0.005656 -0.999950 0.005607 
3197565501054 0.006104 0.005669 -0.999949 0.005625 
3197585367998 0.006123 0.005682 -0.999949 0.005610 
3197605234941 0.006109 0.005693 -0.999949 0.005621 
3197625101884 0.006104 0.005704 -0.999949 0.005624 
3197644968828 0.006108 0.005674 -0.999949 0.005622 
3197664866289 0.006102 0.005694 -0.999949 0.005626 
3197684733232 0.006106 0.005672 -0.999949 0.005623 
3197704600175 0.006110 0.005652 -0.999950 0.005620 
3197724497636 0.006129 0.005658 -0.999950 0.005605 
3197744364580 0.006139 0.005663 -0.999949 0.005598 
3197764231523 0.006132 0.005676 -0.999949 0.005603 
3197784098466 0.006109 0.005656 -0.999950 0.005620 
3197803965410 0.006105 0.005653 -0.999950 0.005624 
3197823832353 0.006108 0.005667 -0.999950 0.005621 
3197843729814 0.006095 0.005655 -0.999950 0.005631 
3197863596757 0.006091 0.005636 -0.999950 0.005634 
3197883463701 0.006104 0.005651 -0.999950 0.005624 
3197903330644 0.006100 0.005674 -0.999949 0.005627 
3197923197588 0.006104 0.005670 -0.999949 0.005624 
3197943064531 0.006108 0.005650 -0.999950 0.005621 
3197962931474 0.006103 0.005673 -0.999949 0.005625 
3197982798418 0.006115 0.005661 -0.999950 0.005616 
3198002665361 0.006135 0.005650 -0.999950 0.005601 
3198022562822 0.006120 0.005672 -0.999949 0.005612 
3198042460283 0.006116 0.005670 -0.999949 0.005615 
3198062327226 0.006104 0.005675 -0.999949 0.005625 
3198082163652 0.006125 0.005648 -0.999950 0.005609 
3198102030595 0.006112 0.005655 -0.999950 0.005618 
3198121897539 0.006108 0.005645 -0.999950 0.005621 
3198141764482 0.006105 0.005637 -0.999950 0.005623 
3198161661943 0.006110 0.005620 -0.999950 0.005620 
3198181528886 0.006090 0.005612 -0.999950 0.005635 
3198201395830 0.006079 0.005597 -0.999950 0.005644 
3198221262773 0.006110 0.005583 -0.999950 0.005620 
3198241160234 0.006107 0.005571 -0.999950 0.005622 
3198261027177 0.006104 0.005575 -0.999950 0.005625 
3198280894121 0.006093 0.005579 -0.999950 0.005633 
3198300791582 0.006099 0.005567 -0.999950 0.005629 
3198320689043 0.006088 0.005547 -0.999950 0.005637 
3198340555986 0.006111 0.005529 -0.999950 0.005619 
3198360422929 0.006108 0.005519 -0.999950 0.005622 
3198380289873 0.006096 0.005519 -0.999950 0.005631 
3198400187334 0.006094 0.005503 -0.999950 0.005632 
3198420054277 0.006084 0.005504 -0.999950 0.005640 
3198439921220 0.006083 0.005513 -0.999950 0.005640 
3198459788164 0.006066 0.005522 -0.999950 0.005654 
3198479685625 0.006081 0.005537 -0.999950 0.005642 
3198499552568 0.006064 0.005536 -0.999950 0.005655 
3198519419511 0.006089 0.005511 -0.999950 0.005636 
3198539286455 0.006112 0.005520 -0.999950 0.005619 
3198559122881 0.006084 0.005503 -0.999950 0.005640 
3198578989824 0.006042 0.005504 -0.999951 0.005672 
3198598887285 0.006020 0.005522 -0.999950 0.005689 
3198618761493 0.006113 0.005456 -0.999951 0.005618 
3198638628436 0.006013 0.005511 -0.999951 0.005694 
3198658495379 0.005967 0.005512 -0.999951 0.005729 
3198678362323 0.006088 0.005454 -0.999951 0.005637 
3198698229266 0.006095 0.005442 -0.999951 0.005632 
3198718096210 0.006078 0.005489 -0.999951 0.005645 
3198737963153 0.006027 0.005532 -0.999950 0.005683 
3198757860614 0.006112 0.005474 -0.999951 0.005618 
3198777727557 0.006150 0.005477 -0.999950 0.005590 
3198797594501 0.006129 0.005498 -0.999950 0.005605 
3198817461444 0.006027 0.005524 -0.999950 0.005683 
3198837328387 0.006104 0.005459 -0.999951 0.005625 
3198857195331 0.006143 0.005438 -0.999951 0.005596 
3198877092792 0.006090 0.005437 -0.999951 0.005635 
3198896959735 0.006033 0.005403 -0.999951 0.005679 
3198916826678 0.006140 0.005360 -0.999951 0.005597 
3198936724139 0.006119 0.005371 -0.999951 0.005613 
3198956591083 0.006042 0.005398 -0.999951 0.005672 
3198976458026 0.006086 0.005350 -0.999951 0.005639 
3198996324969 0.006151 0.005320 -0.999951 0.005589 
3199016191913 0.006048 0.005351 -0.999951 0.005667 
3199036058856 0.006018 0.005315 -0.999952 0.005690 
3199055925799 0.006135 0.005278 -0.999952 0.005601 
3199075823260 0.006089 0.005335 -0.999951 0.005636 
3199095690204 0.005999 0.005356 -0.999951 0.005705 
3199115557147 0.006094 0.005302 -0.999951 0.005633 
3199135424090 0.006076 0.005342 -0.999951 0.005646 
3199155321551 0.006010 0.005395 -0.999951 0.005696 
3199175188495 0.006030 0.005346 -0.999951 0.005681 
3199195055438 0.006091 0.005309 -0.999951 0.005635 
3199214952899 0.006042 0.005398 -0.999951 0.005672 
3199234819842 0.006020 0.005375 -0.999951 0.005689 
3199254686786 0.006129 0.005310 -0.999951 0.005606 
3199274553729 0.006083 0.005340 -0.999951 0.005641 
3199294420672 0.006018 0.005361 -0.999951 0.005690 
3199314287616 0.006120 0.005307 -0.999951 0.005613 
3199334154559 0.006075 0.005345 -0.999951 0.005647 
3199354052020 0.005993 0.005357 -0.999951 0.005709 
3199373918963 0.006040 0.005320 -0.999952 0.005674 
3199393785907 0.006075 0.005317 -0.999951 0.005647 
3199413652850 0.006019 0.005340 -0.999951 0.005690 
3199433519794 0.006022 0.005295 -0.999952 0.005687 
3199453417254 0.006107 0.005285 -0.999952 0.005623 
3199473284198 0.006048 0.005335 -0.999951 0.005668 
3199493151141 0.006026 0.005340 -0.999951 0.005684 
3199513048602 0.006134 0.005302 -0.999951 0.005602 
3199532915545 0.006097 0.005357 -0.999951 0.005630 
3199552782489 0.006014 0.005337 -0.999951 0.005693 
3199572649432 0.006125 0.005292 -0.999951 0.005610 
3199592516376 0.006112 0.005332 -0.999951 0.005619 
3199612383319 0.006036 0.005385 -0.999951 0.005677 
3199632250262 0.006113 0.005313 -0.999951 0.005618 
3199652117206 0.006118 0.005327 -0.999951 0.005615 
3199671984149 0.006042 0.005365 -0.999951 0.005672 
3199691851092 0.006093 0.005311 -0.999951 0.005633 
3199711718036 0.006132 0.005300 -0.999951 0.005604 
3199731615497 0.006047 0.005357 -0.999951 0.005668 
3199751482440 0.006048 0.005359 -0.999951 0.005667 
3199771349383 0.006131 0.005328 -0.999951 0.005605 
3199791216327 0.006079 0.005376 -0.999951 0.005644 
3199811083270 0.006063 0.005378 -0.999951 0.005656 
3199831011249 0.006169 0.005354 -0.999951 0.005576 
3199850878192 0.006097 0.005406 -0.999951 0.005631 
3199870745135 0.006046 0.005414 -0.999951 0.005669 
3199890642596 0.006145 0.005388 -0.999951 0.005593 
3199910509540 0.006116 0.005446 -0.999951 0.005616 
3199930376483 0.006056 0.005460 -0.999951 0.005662 
3199950243426 0.006147 0.005399 -0.999951 0.005592 
3199970110370 0.006133 0.005439 -0.999951 0.005603 
3199989946795 0.006047 0.005461 -0.999951 0.005668 
3200009813739 0.006147 0.005417 -0.999951 0.005592 
3200029711200 0.006158 0.005407 -0.999951 0.005584 
3200049608661 0.006046 0.005464 -0.999951 0.005669 
3200069475604 0.006089 0.005428 -0.999951 0.005636 
3200089342547 0.006145 0.005401 -0.999951 0.005594 
3200109209491 0.006059 0.005468 -0.999951 0.005659 
3200129076434 0.006076 0.005397 -0.999951 0.005646 
3200148943378 0.006174 0.005381 -0.999951 0.005572 
3200168810321 0.006094 0.005448 -0.999951 0.005633 
3200188677264 0.006059 0.005421 -0.999951 0.005659 
3200208574725 0.006133 0.005394 -0.999951 0.005603 
3200228441669 0.006114 0.005461 -0.999951 0.005617 
3200248308612 0.006104 0.005433 -0.999951 0.005625 
3200268175555 0.006166 0.005389 -0.999951 0.005578 
3200288042499 0.006110 0.005455 -0.999951 0.005620 
3200307939960 0.006075 0.005436 -0.999951 0.005647 
3200327806903 0.006198 0.005392 -0.999951 0.005554 
3200347673846 0.006148 0.005450 -0.999951 0.005591 
3200367571307 0.006078 0.005456 -0.999951 0.005645 
3200387438251 0.006200 0.005394 -0.999951 0.005552 
3200407305194 0.006175 0.005427 -0.999951 0.005571 
3200427172137 0.006111 0.005467 -0.999951 0.005619 
3200447039081 0.006199 0.005406 -0.999951 0.005553 
3200466906024 0.006190 0.005421 -0.999951 0.005559 
3200486772967 0.006100 0.005477 -0.999951 0.005628 
3200506670428 0.006148 0.005440 -0.999951 0.005592 
3200526537372 0.006192 0.005429 -0.999951 0.005558 
3200546404315 0.006119 0.005485 -0.999950 0.005614 
3200566271258 0.006157 0.005438 -0.999951 0.005585 
3200586168719 0.006183 0.005427 -0.999951 0.005565 
3200606035663 0.006120 0.005468 -0.999951 0.005613 
3200625902606 0.006100 0.005422 -0.999951 0.005628 
3200645769549 0.006172 0.005404 -0.999951 0.005573 
3200665667010 0.006101 0.005446 -0.999951 0.005627 
3200685533954 0.006051 0.005428 -0.999951 0.005666 
3200705400897 0.006158 0.005384 -0.999951 0.005584 
3200725267840 0.006071 0.005436 -0.999951 0.005650 
3200745134784 0.006040 0.005393 -0.999951 0.005674 
3200765001727 0.006172 0.005376 -0.999951 0.005574 
3200784899188 0.006124 0.005435 -0.999951 0.005610 
3200804766131 0.006047 0.005442 -0.999951 0.005668 
3200824633075 0.006139 0.005390 -0.999951 0.005598 
3200844500018 0.006101 0.005431 -0.999951 0.005627 
3200864366961 0.005985 0.005462 -0.999951 0.005716 
3200884264422 0.006065 0.005402 -0.999951 0.005655 
3200904131366 0.006065 0.005409 -0.999951 0.005655 
3200924028827 0.005976 0.005450 -0.999951 0.005722 
3200943895770 0.006016 0.005398 -0.999951 0.005692 
3200963762713 0.006068 0.005381 -0.999951 0.005652 
3200983629657 0.005971 0.005425 -0.999951 0.005726 
3201003496600 0.005978 0.005424 -0.999951 0.005721 
3201023363544 0.006057 0.005413 -0.999951 0.005660 
3201043230487 0.006002 0.005439 -0.999951 0.005702 
3201063097430 0.005984 0.005396 -0.999951 0.005716 
3201082964374 0.006104 0.005346 -0.999951 0.005625 
3201102861835 0.006044 0.005375 -0.999951 0.005671 
3201122728778 0.005981 0.005378 -0.999951 0.005718 
3201142595721 0.006078 0.005314 -0.999951 0.005645 
3201162493182 0.006069 0.005377 -0.999951 0.005652 
3201182360126 0.005988 0.005396 -0.999951 0.005713 
3201202227069 0.006069 0.005332 -0.999951 0.005652 
3201222094012 0.006077 0.005369 -0.999951 0.005646 
3201241960956 0.006028 0.005388 -0.999951 0.005683 
3201261827899 0.006064 0.005316 -0.999951 0.005655 
3201281725360 0.006106 0.005321 -0.999951 0.005624 
3201301592303 0.006032 0.005369 -0.999951 0.005680 
3201321459247 0.006051 0.005331 -0.999951 0.005665 
3201341326190 0.006118 0.005294 -0.999951 0.005615 
3201361193133 0.006042 0.005335 -0.999951 0.005672 
3201381060077 0.006029 0.005333 -0.999951 0.005682 
3201400927020 0.006121 0.005279 -0.999952 0.005612 
3201420793963 0.006094 0.005337 -0.999951 0.005633 
3201440691424 0.006053 0.005318 -0.999951 0.005664 
3201460588885 0.006168 0.005282 -0.999951 0.005576 
3201480455829 0.006112 0.005330 -0.999951 0.005619 
3201500322772 0.006044 0.005352 -0.999951 0.005670 
3201520189715 0.006152 0.005338 -0.999951 0.005588 
3201540056659 0.006122 0.005367 -0.999951 0.005612 
3201559954120 0.006037 0.005378 -0.999951 0.005676 
3201579821063 0.006137 0.005330 -0.999951 0.005600 
3201599688006 0.006140 0.005359 -0.999951 0.005597 
3201619554950 0.006053 0.005386 -0.999951 0.005664 
3201639421893 0.006104 0.005346 -0.999951 0.005625 
3201659288836 0.006109 0.005349 -0.999951 0.005621 
3201679155780 0.006042 0.005402 -0.999951 0.005672 
3201699022723 0.006084 0.005361 -0.999951 0.005640 
3201718920184 0.006115 0.005338 -0.999951 0.005617 
3201738817645 0.006063 0.005416 -0.999951 0.005656 
3201758684588 0.006088 0.005365 -0.999951 0.005638 
3201778551532 0.006160 0.005342 -0.999951 0.005583 
3201798418475 0.006088 0.005412 -0.999951 0.005637 
3201818285419 0.006086 0.005370 -0.999951 0.005638 
3201838152362 0.006150 0.005363 -0.999951 0.005590 
3201858019305 0.006055 0.005431 -0.999951 0.005662 
3201877916766 0.006039 0.005404 -0.999951 0.005675 
3201897783710 0.006097 0.005394 -0.999951 0.005630 
3201917650653 0.006046 0.005452 -0.999951 0.005669 
3201937517596 0.006039 0.005440 -0.999951 0.005674 
3201957384540 0.006113 0.005403 -0.999951 0.005618 
3201977251483 0.006037 0.005469 -0.999951 0.005676 
3201997118426 0.006022 0.005456 -0.999951 0.005687 
3202017015887 0.006105 0.005426 -0.999951 0.005624 
3202036882831 0.006021 0.005490 -0.999951 0.005688 
3202056810809 0.005942 0.005484 -0.999951 0.005748 
3202076677753 0.006056 0.005444 -0.999951 0.005662 
3202096544696 0.006023 0.005472 -0.999951 0.005687 
3202116411639 0.005960 0.005492 -0.999951 0.005735 
3202136278583 0.006056 0.005435 -0.999951 0.005661 
3202156145526 0.006080 0.005465 -0.999951 0.005643 
3202176012469 0.005989 0.005485 -0.999951 0.005712 
3202195879413 0.006084 0.005445 -0.999951 0.005640 
3202215746356 0.006082 0.005474 -0.999951 0.005642 
3202235613299 0.005990 0.005526 -0.999950 0.005712 
3202255480243 0.006085 0.005451 -0.999951 0.005639 
3202275347186 0.006066 0.005479 -0.999951 0.005654 
3202295214129 0.006007 0.005530 -0.999950 0.005698 
3202315142108 0.006077 0.005505 -0.999950 0.005646 
3202335009051 0.006090 0.005529 -0.999950 0.005635 
3202354875995 0.006014 0.005568 -0.999950 0.005693 
3202374712420 0.006082 0.005523 -0.999950 0.005641 
3202394579364 0.006128 0.005554 -0.999950 0.005606 
3202414476825 0.006058 0.005617 -0.999950 0.005659 
3202434343768 0.006081 0.005625 -0.999950 0.005642 
3202454210711 0.006152 0.005616 -0.999950 0.005588 
3202474077655 0.006096 0.005691 -0.999949 0.005630 
3202493944598 0.006078 0.005663 -0.999950 0.005645 
3202513811542 0.006164 0.005601 -0.999950 0.005579 
3202533709003 0.006099 0.005652 -0.999950 0.005629 
3202553575946 0.006005 0.005667 -0.999950 0.005699 
3202573442889 0.006106 0.005614 -0.999950 0.005623 
3202593370868 0.006044 0.005672 -0.999950 0.005670 
3202613237811 0.005988 0.005686 -0.999950 0.005713 
3202633104754 0.006073 0.005632 -0.999950 0.005648 
3202652971698 0.006030 0.005648 -0.999950 0.005681 
3202672838641 0.005959 0.005647 -0.999950 0.005735 
3202692705585 0.006054 0.005580 -0.999950 0.005662 
3202712572528 0.006037 0.005607 -0.999950 0.005676 
3202732469989 0.005981 0.005593 -0.999950 0.005718 
3202752336932 0.006106 0.005591 -0.999950 0.005623 
3202772203876 0.006045 0.005618 -0.999950 0.005670 
3202792070819 0.006111 0.005554 -0.999950 0.005619 
3202811937762 0.006147 0.005534 -0.999950 0.005592 
3202831804706 0.006060 0.005598 -0.999950 0.005658 
3202851671649 0.006116 0.005591 -0.999950 0.005616 
3202871538592 0.006176 0.005585 -0.999950 0.005570 
3202891436053 0.006102 0.005661 -0.999950 0.005626 
3202911333514 0.006106 0.005626 -0.999950 0.005623 
3202931200458 0.006158 0.005625 -0.999950 0.005583 
3202951067401 0.006103 0.005691 -0.999949 0.005625 
3202970934344 0.006123 0.005645 -0.999950 0.005610 
3202990801288 0.006141 0.005651 -0.999950 0.005596 
3203010668231 0.006069 0.005722 -0.999949 0.005651 
3203030565692 0.006043 0.005666 -0.999950 0.005671 
3203050432635 0.006109 0.005624 -0.999950 0.005620 
3203070299579 0.006159 0.005654 -0.999949 0.005583 
3203090166522 0.006102 0.005676 -0.999949 0.005626 
3203110033465 0.006041 0.005656 -0.999950 0.005672 
3203129900409 0.006091 0.005638 -0.999950 0.005635 
3203149767352 0.006128 0.005603 -0.999950 0.005606 
3203169664813 0.006050 0.005639 -0.999950 0.005666 
3203189531756 0.006033 0.005646 -0.999950 0.005678 
3203209398700 0.006114 0.005586 -0.999950 0.005617 
3203229265643 0.006068 0.005628 -0.999950 0.005652 
3203249132586 0.005994 0.005636 -0.999950 0.005709 
3203268999530 0.006118 0.005618 -0.999950 0.005614 
3203288866473 0.006081 0.005610 -0.999950 0.005642 
3203308763934 0.006078 0.005619 -0.999950 0.005644 
3203328661395 0.006108 0.005627 -0.999950 0.005622 
3203348528338 0.006119 0.005634 -0.999950 0.005613 
3203368395282 0.006089 0.005625 -0.999950 0.005636 
3203388262225 0.006102 0.005633 -0.999950 0.005626 
